POS CONTEXTS:
[134.05203, 3.744809, 14.6388855, 36.787853, 43.535355, 170.85785, 2.8629289, 3.908526]
4.388999, [-45.77589, 25.036516, 29.18759, 0.0, 0.0, 0.0], 0
evidence number = 15
times imitated = 0
[76.55681, 8.244301, 50.21828, 44.98744, 42.180267, 101.87294, 6.209171, 9.574419]
4.598365, [-62.49323, 20.162937, 17.34383, 0.0, 0.0, 0.0], 0
evidence number = 11
times imitated = 0
[86.52072, 11.113844, 6.026184, 54.376766, 24.974457, 37.512115, 28.582165, 31.60904]
3.8010283, [-50.29247, -38.166695, -11.5408325, 0.0, 0.0, 0.0], 0
evidence number = 6
times imitated = 0
[117.854294, 11.4658165, 118.18205, 53.854755, 68.40947, 116.666885, 40.60007, 38.957916]
0.0, [0.0, 0.0, 0.0, -40.007675, -19.984652, -40.007675], 3
evidence number = 5
times imitated = 0
[76.75992, 10.330749, 17.293518, 51.946102, 0.74697876, 62.430527, 17.097822, 21.390139]
4.87326, [-60.536106, -29.288828, -10.175068, 0.0, 0.0, 0.0], 0
evidence number = 5
times imitated = 0
[62.32837, 11.4658165, 62.656128, 53.854755, 13.119141, 61.194336, 39.03783, 31.60745]
0.0, [0.0, 0.0, 0.0, -41.62826, -18.049076, -40.322662], 3
evidence number = 4
times imitated = 0
[119.01223, 6.299083, 6.18602, 27.444324, 140.8987, 165.28714, 3.51982, 7.041049]
2.6716194, [-42.39012, 39.49962, 18.110256, 0.0, 0.0, 0.0], 0
evidence number = 4
times imitated = 0
[125.62964, 5.6804466, 18.55893, 38.322403, 124.92532, 161.225, 4.689212, 4.393115]
1.0976591E-4, [0.0, 0.0, 0.0, -56.58313, 40.553295, -2.863573], 3
evidence number = 2
times imitated = 0
[3.6622314, 11.4658165, 3.3344727, 53.854755, 51.053406, 4.7265015, 30.085346, 22.627785]
0.0, [0.0, 0.0, 0.0, 40.088543, 19.822912, 40.088543], -1
evidence number = 1
times imitated = 0
[12.58078, 11.4658165, 12.908539, 53.854755, 35.53174, 11.509033, 33.095978, 25.62741]
0.0, [0.0, 0.0, 0.0, -39.905212, 58.317947, -1.776839], 3
evidence number = 1
times imitated = 0
[123.27152, 4.8786426, 3.5660858, 38.32241, 77.97298, 161.57298, 3.0867012, 2.4391916]
0.6982801, [-52.15951, 20.38493, 27.455559, 0.0, 0.0, 0.0], -1
evidence number = 1
times imitated = 0
[118.556915, 5.3878527, 13.943253, 38.32242, 109.387314, 168.90857, 3.8416, 2.6496394]
5.8827096E-5, [0.0, 0.0, 0.0, -22.23521, -9.669934, -68.09486], 5
evidence number = 1
times imitated = 0
[131.57419, 5.154243, 18.037277, 39.120106, 115.488525, 145.82877, 4.265046, 4.725481]
0.8400628, [-43.3293, 30.951372, 25.719326, 0.0, 0.0, 0.0], -1
evidence number = 1
times imitated = 0
[97.01709, 11.113952, 16.525177, 54.376766, 35.676544, 27.34732, 30.147198, 33.177197]
0.34995356, [-46.693638, -36.86448, -16.441883, 0.0, 0.0, 0.0], -1
evidence number = 1
times imitated = 0
[99.68419, 11.114031, 19.194168, 54.376766, 38.52916, 24.981125, 31.709803, 34.723637]
0.0, [0.0, 0.0, 0.0, -37.966366, 19.428808, -42.604824], 5
evidence number = 1
times imitated = 0
[102.802826, 11.802065, 24.209625, 54.74412, 43.88144, 19.786514, 33.95924, 36.23256]
0.7308251, [-30.450785, -15.775436, -53.773777, 0.0, 0.0, 0.0], -1
evidence number = 1
times imitated = 0
total contexts =16total imitated =0

NONPOS CONTEXTS:
total contexts =0total imitated =0

POS IMITATED

NONPOS IMITATED

