POS KNOWLEDGE:
75.1965, 33.016968, 0.23330688, 56.82676, 8.933899, 31.055145, 29.41725, 65.294
3.7323704, -48.60842, -44.265602, -7.1259794, 0.0, 0.0, 0.0, 0
81.72867, 32.27557, 0.22973633, 53.033913, 9.639313, 32.644684, 18.249264, 54.64781
3.5143034, -51.11326, -46.122654, -2.7640834, 0.0, 0.0, 0.0, 0
85.30792, 31.487587, 0.20980835, 50.0814, 9.2547, 34.119263, 9.595352, 46.326294
2.6449165, -36.252224, -40.171062, -23.57671, 0.0, 0.0, 0.0, 1
68.83954, 30.281506, 16.879852, 48.020638, 10.964203, 18.565613, 5.5630174, 40.163345
2.9834685, -28.153038, -32.083836, -39.763126, 0.0, 0.0, 0.0, 2
29.606201, 27.818737, 55.544037, 47.12423, 64.23605, 19.981354, 4.6201077, 34.235744
2.6006489, -48.8543, -39.252728, -11.892977, 0.0, 0.0, 0.0, 0
51.947346, 22.02519, 21.10644, 44.006245, 50.429295, 2.1545715, 2.8805873, 20.461271
2.3837814, -52.83464, -39.8813, -7.284056, 0.0, 0.0, 0.0, 0
78.2843, 20.350973, 10.565857, 41.142033, 41.70282, 16.134766, 2.5045967, 8.086474
0.62379855, -48.075302, -42.19719, -9.727508, 0.0, 0.0, 0.0, -1
38.007416, 19.727884, 49.286377, 40.37431, 77.12671, 27.64685, 2.2580426, 6.30912
0.0018701989, 0.0, 0.0, 0.0, 33.94236, 26.061508, -39.99613, 5
1.3876953, 18.730764, 80.36307, 40.375698, 66.07712, 85.89844, 4.4823685, 4.9429517
7.0766555E-6, 0.0, 0.0, 0.0, 59.72258, 28.63368, 11.643742, -1
3.8089273, 22.56932, 77.8885, 33.000984, 8.883392, 12.082905, 21.473293, 20.893576
4.079153, -0.12783927, -49.18816, -50.684, 0.0, 0.0, 0.0, 2
4.4492054, 15.153585, 96.57338, 37.6894, 1.2760372, 1.4577427, 16.868542, 14.630268
0.72312796, -24.257137, -42.19204, -33.550823, 0.0, 0.0, 0.0, -1
23.875439, 13.9808445, 81.72288, 37.832443, 14.317971, 17.20597, 16.192348, 13.108043
3.15493, -72.3513, 6.276405, 21.372284, 0.0, 0.0, 0.0, 0
113.280594, 13.786389, 4.8673534, 32.809895, 80.6504, 118.93936, 9.26155, 9.457216
3.3795514, -50.59243, 14.890202, 34.517365, 0.0, 0.0, 0.0, 0
149.7193, 19.28811, 78.825, 21.305317, 101.32182, 137.9373, 3.0425704, 6.895767
0.44484317, -29.11058, 13.7261505, 57.16327, 0.0, 0.0, 0.0, -1
0.78022766, 22.613647, 68.24805, 27.804094, 13.586441, 17.189053, 21.684195, 23.197931
3.0444665, -25.443537, -39.526867, -35.029594, 0.0, 0.0, 0.0, 1
145.35449, 40.614853, 160.50043, 52.41276, 157.93002, 147.3872, 50.253044, 39.92786
0.74959916, 36.017044, 33.420914, 30.56204, 0.0, 0.0, 0.0, -1
129.05688, 39.95139, 145.06284, 53.013832, 142.5477, 131.4946, 49.37566, 39.490482
0.031516545, 0.0, 0.0, 0.0, -38.610855, -19.243624, -42.145523, 5
77.948105, 36.507, 97.9012, 53.099228, 95.421585, 84.090256, 45.05106, 36.644028
0.50203013, -34.263535, -33.74868, -31.98778, 0.0, 0.0, 0.0, -1
60.851044, 35.448833, 82.2095, 53.099354, 79.74042, 68.48782, 43.580833, 35.179142
2.7086859, -34.725643, -34.178555, -31.095802, 0.0, 0.0, 0.0, 0
23.48851, 31.084312, 3.9741821, 51.79524, 1.4851074, 9.746582, 34.830933, 26.471281
3.820582, -35.164093, -33.60516, -31.230747, 0.0, 0.0, 0.0, 0
27.062286, 27.801275, 3.9741821, 48.033287, 1.2877197, 10.665558, 23.726099, 15.513991
3.094858, -37.707535, -35.68169, -26.610767, 0.0, 0.0, 0.0, 0
31.786652, 24.527348, 3.9736328, 44.114555, 1.189148, 7.7054443, 12.217402, 6.1306863
2.1431448, -58.11423, -33.139084, 8.746684, 0.0, 0.0, 0.0, 0
93.537766, 24.172365, 55.26352, 42.797916, 79.84509, 66.43489, 7.478069, 4.6473975
0.58581704, -64.73742, -16.330025, 18.932554, 0.0, 0.0, 0.0, -1
70.006256, 24.311365, 30.661255, 42.339928, 63.520966, 43.344208, 6.2746596, 4.5562143
0.0022535215, 0.0, 0.0, 0.0, 42.91016, 16.590837, -40.499, 5
4.8405457, 24.23729, 34.905746, 42.331127, 43.16884, 24.175613, 4.78561, 4.8570023
0.0018416708, 0.0, 0.0, 0.0, 62.53803, 37.333458, 0.12851788, -1
4.990616, 23.112034, 41.355972, 42.330322, 48.59532, 31.64624, 4.739416, 5.289245
7.851069E-4, 0.0, 0.0, 0.0, 63.66664, 36.010944, -0.3224144, 5
4.8615875, 21.393726, 52.227875, 42.32912, 60.15219, 44.75943, 4.681531, 5.502543
6.519255E-5, 0.0, 0.0, 0.0, 63.77301, 35.724865, 0.5021201, -1
4.9987316, 24.011288, 79.55017, 33.37752, 12.615311, 8.256463, 21.84932, 22.668922
4.234914, -2.5279722, -48.377647, -49.094383, 0.0, 0.0, 0.0, 2
4.8580017, 24.365423, 75.83952, 33.377197, 9.669281, 6.636902, 21.04798, 22.667994
4.1807446, -16.336626, -42.059086, -41.604286, 0.0, 0.0, 0.0, 1
4.832382, 16.886879, 81.870056, 32.85703, 8.801483, 8.252014, 17.366302, 19.10593
2.8685405, -75.28257, -24.49937, 0.21806297, 0.0, 0.0, 0.0, 0
119.82301, 13.562157, 4.9335785, 24.747696, 61.3618, 101.9489, 3.3419023, 11.271405
3.0322697, -55.526222, 16.058014, 28.415764, 0.0, 0.0, 0.0, 0
146.10402, 15.477631, 13.138016, 20.768087, 71.79352, 124.07556, 1.5941125, 6.6639004
3.3121116, -24.334454, 31.124962, 44.540585, 0.0, 0.0, 0.0, 0
158.33978, 17.928602, 57.74611, 17.040802, 78.760315, 85.74777, 3.0458984, 1.5843815
0.48764938, -41.9007, -1.4046847, 56.694614, 0.0, 0.0, 0.0, -1
170.02126, 17.808208, 43.010742, 16.727325, 57.133133, 75.8074, 3.0451512, 1.6598809
0.013542993, 0.0, 0.0, 0.0, 33.965523, 17.171947, -48.86253, 5
4.903015, 23.361338, 83.70343, 45.93501, 29.594664, 24.530869, 22.59648, 21.295042
4.1358404, -2.4904895, -41.867504, -55.64201, 0.0, 0.0, 0.0, 2
3.097824, 21.757826, 82.44322, 45.93501, 18.300827, 15.968109, 22.284767, 20.91578
3.0007095, -21.220406, -41.753357, -37.026237, 0.0, 0.0, 0.0, 1
13.104691, 13.178842, 71.872055, 45.279278, 5.992859, 2.9005432, 17.98433, 16.691263
3.2207565, -57.970737, -29.761404, -12.267864, 0.0, 0.0, 0.0, 0
169.12396, 13.912772, 54.380432, 35.318775, 103.6982, 86.18672, 2.0258126, 3.181455
0.6136897, -29.897366, 12.276211, 57.826424, 0.0, 0.0, 0.0, -1
148.12268, 14.933769, 39.314438, 35.063526, 91.13217, 67.72807, 1.8802191, 3.4523323
0.033950597, 0.0, 0.0, 0.0, 30.010914, 9.694397, -60.29469, 5
167.26697, 22.84471, 170.97412, 52.02515, 168.5896, 170.72104, 52.761345, 51.12793
0.6737296, 34.779045, 34.748497, 30.472458, 0.0, 0.0, 0.0, -1
164.65305, 21.309385, 139.59604, 52.99375, 137.26959, 139.35037, 50.79973, 49.159058
0.0033038536, 0.0, 0.0, 0.0, -42.92232, -21.459644, -35.618034, 3
125.606445, 17.892792, 92.37778, 52.998245, 90.07611, 92.13498, 46.400368, 44.754074
0.7375986, -35.621227, -35.607777, -28.770998, 0.0, 0.0, 0.0, -1
73.397705, 15.335135, 76.60881, 52.201588, 74.31697, 76.36717, 41.26939, 43.18631
3.4061296, -37.875072, -37.862873, -24.262056, 0.0, 0.0, 0.0, 0
52.782898, 14.027391, 5.021576, 50.748547, 2.6253052, 4.739868, 34.23067, 32.113052
3.7902675, -40.479523, -40.117287, -19.403187, 0.0, 0.0, 0.0, 0
73.392975, 8.73137, 4.9884644, 43.92255, 1.835022, 4.727539, 17.221064, 11.959561
2.7946403, -40.2308, -41.43467, 18.33453, 0.0, 0.0, 0.0, 1
115.3159, 4.535444, 53.61653, 40.50595, 25.672333, 58.444565, 7.314677, 4.968267
2.30338, -41.793396, -41.908936, 16.297672, 0.0, 0.0, 0.0, 1
100.86801, 4.687798, 43.97107, 40.21475, 17.443787, 52.769897, 6.025553, 5.0057955
1.492209, -50.46078, -48.79737, 0.7418531, 0.0, 0.0, 0.0, 0
92.82825, 5.116536, 31.66867, 39.695667, 16.35315, 45.451996, 5.5608473, 5.2190456
0.7332828, -50.81443, -47.549484, 1.6360909, 0.0, 0.0, 0.0, -1
73.19922, 4.7743225, 1.5629883, 38.725777, 10.35437, 13.984283, 5.076419, 4.855647
0.018380897, 0.0, 0.0, 0.0, 42.937325, 13.6413355, -43.421337, 5
4.8511047, 22.220255, 73.00563, 45.879936, 22.232391, 17.888382, 21.612982, 22.229902
4.5047026, -16.44762, -41.68801, -41.86437, 0.0, 0.0, 0.0, 2
4.851654, 22.22055, 73.00563, 45.879936, 19.53952, 16.747726, 21.090183, 22.280409
4.824739, -21.026567, -40.44817, -38.52526, 0.0, 0.0, 0.0, 1
88.603165, 13.435435, 4.9088135, 41.811592, 56.70136, 77.45734, 11.287848, 16.540922
3.557501, -67.98344, -12.282548, 19.734018, 0.0, 0.0, 0.0, 0
158.04088, 17.37784, 47.71846, 32.880203, 73.75371, 135.86046, 3.9885612, 9.210339
3.216458, -29.976961, 24.58058, 45.442455, 0.0, 0.0, 0.0, 0
169.56473, 23.732424, 64.9221, 25.959063, 74.03722, 154.01833, 4.4796295, 5.4669747
3.3520944, -32.204296, 25.194576, 42.60113, 0.0, 0.0, 0.0, 0
138.27379, 32.081146, 20.439865, 18.404125, 104.566574, 135.95491, 2.1759808, 3.3404315
0.8690275, -30.312801, 21.095182, 48.59202, 0.0, 0.0, 0.0, -1
126.68848, 30.219385, 9.72879, 18.004156, 76.8557, 92.89459, 1.8504823, 3.429053
1.0150676, -23.729424, -3.2549863, 73.015594, 0.0, 0.0, 0.0, 0
144.24295, 29.39029, 29.75064, 17.74778, 87.90958, 56.516663, 2.0647104, 3.187413
0.4715102, -10.266722, 9.502662, 80.23062, 0.0, 0.0, 0.0, -1
111.846924, 28.764887, 0.694458, 17.55265, 47.549316, 73.2455, 2.2116952, 2.4508626
0.23017156, 45.92756, 17.141495, 36.930946, 0.0, 0.0, 0.0, -1
95.6888, 28.80709, 16.02739, 17.665087, 23.885956, 72.79036, 2.4475725, 2.3532143
0.04801985, 0.0, 0.0, 0.0, 42.149387, 15.60554, -42.245068, 5
162.62064, 20.440914, 162.36728, 54.64615, 154.65903, 175.15143, 36.50047, 38.46788
0.62466174, 34.678486, 33.58432, 31.737188, 0.0, 0.0, 0.0, -1
131.65651, 18.45465, 131.18327, 55.597656, 172.66597, 156.06877, 34.41386, 38.73841
0.0032076722, 0.0, 0.0, 0.0, -39.872227, -20.04963, -40.078144, 5
100.02461, 15.520031, 99.70805, 55.601017, 140.61345, 124.99504, 31.497507, 37.54901
0.44952354, -35.818848, -29.571701, -34.60945, 0.0, 0.0, 0.0, -1
84.11142, 14.070207, 83.899414, 55.601284, 124.47482, 109.03464, 30.03554, 36.083748
2.5942383, -36.23663, -29.793835, -33.969536, 0.0, 0.0, 0.0, 0
5.036957, 7.8570275, 4.9766235, 51.416046, 46.821503, 31.671356, 13.688701, 19.08242
2.5133893, -36.52863, -44.198303, -19.273067, 0.0, 0.0, 0.0, 1
58.134583, 5.682293, 50.873352, 49.189423, 21.667603, 30.824799, 7.2774725, 9.651316
2.5730689, -37.04811, -38.819626, -24.13226, 0.0, 0.0, 0.0, 1
61.775513, 5.4415784, 48.374207, 48.833767, 20.655518, 32.763245, 6.264375, 8.907951
1.820201, -39.04242, -36.36819, -24.589388, 0.0, 0.0, 0.0, 0
48.20334, 3.5315156, 2.737671, 47.24998, 19.552917, 6.613983, 3.192155, 6.90936
0.5651761, -42.30867, -40.12088, -17.570452, 0.0, 0.0, 0.0, -1
5.489456, 15.969564, 88.62698, 38.588154, 8.698212, 7.995865, 17.657034, 19.561752
1.1880188, -27.48284, -40.542, -31.975163, 0.0, 0.0, 0.0, 1
21.288742, 13.806921, 73.91165, 39.279114, 6.5157623, 7.2967987, 16.977646, 18.88022
2.674251, -77.12568, -18.39659, 4.477731, 0.0, 0.0, 0.0, 0
166.87912, 29.374266, 60.99969, 21.271326, 84.70683, 133.70634, 3.0943792, 2.9019804
3.269881, -34.87235, 27.39282, 37.734833, 0.0, 0.0, 0.0, 0
175.45958, 30.334726, 64.86569, 18.958555, 81.18237, 94.50116, 3.0873287, 1.8125252
3.795338, -25.724884, 25.263414, 49.0117, 0.0, 0.0, 0.0, 0
166.50056, 34.716213, 64.749435, 16.300262, 72.04979, 112.58692, 3.243145, 1.9648135
3.778463, -26.403126, 25.61776, 47.97912, 0.0, 0.0, 0.0, 0
4.9730835, 23.47419, 84.05119, 41.386395, 6.188202, 9.248871, 21.491962, 22.568146
3.8864856, 5.063807, -46.677612, -48.258575, 0.0, 0.0, 0.0, 2
170.33905, 16.613932, 45.95143, 29.34683, 87.70282, 101.83074, 2.5186176, 3.7738705
2.915451, -33.568035, 18.618587, 47.813377, 0.0, 0.0, 0.0, 0
155.74377, 19.228352, 37.024063, 27.373487, 68.30223, 56.792664, 4.0261717, 2.9187448
0.3972017, -25.900444, -21.681908, 52.41765, 0.0, 0.0, 0.0, -1
132.21686, 18.268583, 7.457672, 27.047401, 27.074097, 62.80365, 4.2449017, 2.596776
2.680407E-4, 0.0, 0.0, 0.0, 41.818783, 17.221947, -40.95927, 5
29.699463, 16.354, 105.94632, 27.047188, 106.67963, 159.65366, 5.045844, 3.677818
1.6729918E-4, 0.0, 0.0, 0.0, 45.841553, 8.349178, -45.80927, 5
4.974365, 16.351837, 130.68863, 27.04715, 131.42189, 178.96898, 5.0460215, 3.9408193
5.2321415E-5, 0.0, 0.0, 0.0, -37.870403, -24.168661, 37.960934, 3
28.43937, 16.352024, 107.22389, 27.047039, 107.95923, 142.05194, 5.048303, 5.1795635
9.462357E-5, 0.0, 0.0, 0.0, -37.380043, -22.384441, 40.23551, 3
74.06995, 16.352045, 61.5934, 27.047039, 62.329132, 90.52879, 5.048648, 5.593093
1.067543E-4, 0.0, 0.0, 0.0, -28.537931, -28.661484, 42.800583, 4
89.85727, 16.352055, 45.80609, 27.047035, 46.541794, 71.78404, 5.0486407, 5.7753677
8.718209E-5, 0.0, 0.0, 0.0, 43.19447, 17.0347, -39.77083, 5
65.58594, 14.313098, 77.82033, 27.046907, 72.64038, 87.33009, 5.217386, 4.1563506
0.0, 0.0, 0.0, 0.0, 40.466263, 19.067408, -40.466328, 5
33.940422, 14.313082, 109.46583, 27.046907, 105.9609, 117.05959, 5.3926687, 4.095581
0.0, 0.0, 0.0, 0.0, 40.45385, 19.092157, -40.454, 5
2.8252182, 19.753336, 74.62588, 30.924824, 17.601173, 13.048668, 20.677431, 19.503647
3.703012, -12.9271145, -43.147312, -43.92557, 0.0, 0.0, 0.0, 2
0.6600647, 17.808247, 74.62588, 30.924824, 20.347893, 14.725517, 19.674326, 18.266493
2.4843998, -29.301558, -39.174084, -31.524357, 0.0, 0.0, 0.0, 1
98.53504, 12.490669, 4.9280667, 27.975111, 64.64876, 61.3184, 10.358739, 7.9236064
4.150675, -69.19811, -2.5507548, 28.251133, 0.0, 0.0, 0.0, 0
104.22404, 10.477819, 4.949356, 24.982475, 58.534714, 47.029648, 7.0071983, 3.9577222
0.39622265, -53.1646, -27.921278, 18.91412, 0.0, 0.0, 0.0, -1
1.7929993, 23.140718, 58.706024, 23.159914, 7.2177896, 12.312958, 23.734062, 22.768507
3.811892, -19.235403, -40.071404, -40.693195, 0.0, 0.0, 0.0, 2
171.99625, 15.776494, 146.65903, 53.027225, 156.63647, 147.70535, 39.248074, 28.493227
0.004942108, 0.0, 0.0, 0.0, -39.991444, -20.014544, -39.994015, 5
156.20244, 15.779169, 130.87108, 53.03061, 140.79213, 131.90483, 37.78796, 27.025763
0.0023597833, 0.0, 0.0, 0.0, -39.991035, -20.01839, -39.99057, 3
124.69499, 15.7799835, 99.363174, 53.03123, 109.15773, 100.37004, 34.844597, 24.09589
0.44708553, -34.960907, -34.67453, -30.364565, 0.0, 0.0, 0.0, -1
108.91556, 15.780465, 83.58356, 53.0316, 93.30142, 84.57324, 33.28295, 22.528337
2.9591446, -40.66222, -40.444557, -18.893213, 0.0, 0.0, 0.0, 0
33.66162, 14.037028, 4.8984375, 51.07316, 14.703827, 5.8105774, 22.563223, 11.751004
3.4866123, -48.916393, -48.78274, 2.3008642, 0.0, 0.0, 0.0, 0
35.194366, 13.389268, 4.898407, 50.32879, 14.842834, 5.7760315, 20.363888, 9.686398
2.5705965, -34.146763, -34.525322, -31.327915, 0.0, 0.0, 0.0, 1
37.022675, 12.702154, 4.898407, 49.525486, 14.933533, 5.7565002, 18.03863, 8.114877
2.7476475, -29.787514, -27.70527, -42.507217, 0.0, 0.0, 0.0, 2
10.605896, 9.474993, 44.21231, 47.82496, 37.68857, 49.807312, 10.531684, 4.731881
3.180316, -32.014416, -22.81587, -45.169716, 0.0, 0.0, 0.0, 2
9.115692, 8.169398, 55.29123, 47.44903, 53.07007, 64.78873, 9.589396, 4.588556
2.3019414, -42.262016, -32.66678, -25.071207, 0.0, 0.0, 0.0, 0
1.4040565, 14.444742, 93.23458, 36.143204, 17.089424, 10.769933, 18.529354, 17.74518
1.0596013, -23.16495, -42.275288, -34.55976, 0.0, 0.0, 0.0, 1
17.02438, 13.690225, 78.53854, 36.250416, 2.1454391, 4.3777905, 17.885939, 17.07588
1.6933936, -77.03465, -18.93702, 4.0283294, 0.0, 0.0, 0.0, 0
114.05925, 15.25258, 4.782898, 30.316792, 81.29257, 60.687378, 7.8945827, 3.364291
2.8132317, -56.157597, 9.729238, 34.113167, 0.0, 0.0, 0.0, 0
126.9946, 16.210213, 0.73791504, 27.276566, 85.82957, 62.411682, 5.92772, 1.8279986
0.4328974, -55.767506, -11.82113, 32.411366, 0.0, 0.0, 0.0, -1
142.48744, 15.882456, 16.455505, 26.880041, 94.28927, 66.29669, 4.8724446, 1.7791226
0.018730152, 0.0, 0.0, 0.0, 38.067337, 6.752671, -55.179996, 5
121.65628, 15.648713, 3.8475342, 26.84385, 56.34842, 15.857819, 4.408907, 2.623293
0.0012674949, 0.0, 0.0, 0.0, 37.37623, 19.318104, -43.30567, 5
84.94621, 15.648499, 40.56137, 26.843668, 12.693207, 34.46866, 4.8145146, 3.8514237
0.49936333, -29.389324, -43.323048, -27.287626, 0.0, 0.0, 0.0, -1
19.437077, 16.416443, 102.81361, 26.843493, 56.249947, 102.84684, 5.2224946, 5.0074763
0.6684205, -30.038383, -40.6188, -29.342815, 0.0, 0.0, 0.0, -1
4.985935, 22.557922, 101.3051, 26.437744, 81.09401, 105.67436, 5.968915, 4.7401347
8.055292E-4, 0.0, 0.0, 0.0, -71.822426, -28.11796, -0.059617043, 3
4.968731, 23.620937, 98.80329, 26.437553, 81.65461, 103.17283, 6.0935874, 4.7399297
0.71422267, -26.845846, -28.733673, -44.42048, 0.0, 0.0, 0.0, -1
4.904127, 25.898178, 94.42423, 26.437069, 82.95023, 98.79493, 6.150551, 4.7394505
1.7253555, -29.05622, -20.501413, -50.442375, 0.0, 0.0, 0.0, 2
4.9314117, 28.63345, 84.1669, 25.371716, 82.79227, 99.429596, 4.943332, 5.4713736
0.5933714, -29.282219, -19.758083, -50.9597, 0.0, 0.0, 0.0, -1
111.072365, 30.846378, 164.35925, 52.08025, 173.0798, 169.7637, 30.990057, 28.135557
0.62134314, 40.464592, 41.03454, 18.50087, 0.0, 0.0, 0.0, -1
80.22148, 31.363207, 133.2093, 53.035786, 141.79173, 138.47066, 31.960909, 26.162958
0.001145089, 0.0, 0.0, 0.0, -43.353767, -21.82195, -34.82428, 3
48.67472, 31.364105, 101.65876, 53.037575, 110.240944, 106.76954, 31.962727, 23.230824
0.33857095, -38.727848, -38.45644, -22.815716, 0.0, 0.0, 0.0, -1
32.81842, 31.364048, 85.8017, 53.037502, 94.38394, 90.81818, 31.962671, 21.76273
2.4632955, -39.108364, -38.818607, -22.073029, 0.0, 0.0, 0.0, 0
53.092224, 29.511436, 4.9895325, 49.750397, 14.324097, 9.097443, 25.285091, 7.7425632
3.0289404, -31.279703, -20.28814, -48.43216, 0.0, 0.0, 0.0, 2
6.235901, 27.554726, 55.244293, 47.90325, 66.600494, 64.683685, 17.724684, 4.5461426
2.9261057, -36.092575, -22.147417, -41.76001, 0.0, 0.0, 0.0, 2
21.306854, 26.227783, 41.66391, 47.24171, 55.11142, 57.688934, 14.418401, 4.398069
3.0117736, -40.954952, -28.994278, -30.05077, 0.0, 0.0, 0.0, 0
37.348114, 24.761076, 28.864502, 45.76646, 44.893738, 49.188446, 9.3707075, 3.6684904
1.811595, -42.550545, -33.291397, -24.158058, 0.0, 0.0, 0.0, 0
41.01529, 23.865557, 28.1427, 44.49195, 47.875885, 53.057587, 7.3318276, 3.0492883
0.50601935, -44.12111, -39.199165, -16.67973, 0.0, 0.0, 0.0, -1
136.94965, 29.333963, 168.88806, 52.217785, 178.07031, 171.40997, 12.795515, 11.367333
0.6180437, 35.20836, 36.097412, 28.694231, 0.0, 0.0, 0.0, -1
169.52698, 30.093004, 137.72888, 53.14336, 150.6788, 140.99405, 13.755557, 12.304819
0.0050277887, 0.0, 0.0, 0.0, -44.76669, -22.382294, -32.851013, 3
174.73105, 30.09559, 121.991516, 53.146446, 134.94122, 125.25906, 13.75877, 12.307954
0.0022594363, 0.0, 0.0, 0.0, -39.68719, -20.624063, -39.688744, 5
158.99985, 30.095984, 106.260956, 53.14687, 119.210815, 109.52902, 13.75922, 12.308386
0.08675628, 0.0, 0.0, 0.0, -39.227066, -21.61163, -39.16131, 3
143.25731, 30.09638, 90.51903, 53.14729, 102.74382, 93.78761, 12.4795065, 12.308819
0.8388903, -38.82288, -38.304775, -22.872343, 0.0, 0.0, 0.0, -1
127.561264, 30.096779, 74.82362, 53.147728, 85.98558, 78.09212, 11.016109, 12.309228
1.340054, -38.827057, -38.419037, -22.75391, 0.0, 0.0, 0.0, 0
96.11981, 30.097559, 43.38336, 53.14852, 52.451843, 43.559174, 8.9592285, 11.986928
1.510507, -36.969143, -37.14813, -25.88273, 0.0, 0.0, 0.0, 1
80.49014, 30.045347, 27.619415, 53.06014, 35.747345, 22.876007, 8.118401, 11.487344
1.7489727, -34.70628, -34.51637, -30.777348, 0.0, 0.0, 0.0, 0
65.776794, 29.59756, 11.745789, 52.308403, 19.139557, 3.061615, 6.68196, 10.420555
1.1396741, -31.994211, -30.517885, -37.487904, 0.0, 0.0, 0.0, 2
50.810272, 29.322645, 3.9624329, 51.839325, 0.82232666, 18.73236, 5.575581, 9.127249
0.70439816, -28.374428, -16.82737, -54.798203, 0.0, 0.0, 0.0, -1
4.866577, 28.582458, 50.562744, 51.426247, 55.69455, 80.79678, 4.7266207, 6.1710234
0.069503285, 0.0, 0.0, 0.0, 98.97422, -0.4859107, 0.5398721, 4
4.976837, 28.486721, 50.62906, 51.393223, 54.62616, 79.035034, 4.78573, 6.1504126
0.0018950372, 0.0, 0.0, 0.0, 95.88916, 3.9712305, 0.13960902, -1
5.0099487, 27.879877, 53.5867, 51.393166, 57.58432, 79.43585, 4.785943, 6.09014
0.0019207543, 0.0, 0.0, 0.0, 99.48958, 0.14193289, -0.36849275, 5
4.906189, 25.565197, 66.32956, 51.39245, 65.51199, 68.12155, 4.4915094, 6.0589304
0.001777866, 0.0, 0.0, 0.0, 95.861534, -4.013743, 0.12472371, 4
4.9050293, 25.564552, 66.32999, 51.392445, 67.64023, 66.96646, 4.4910116, 6.081935
0.0013883101, 0.0, 0.0, 0.0, 90.37511, 9.405606, 0.21929319, -1
5.5862846, 19.121958, 86.692604, 43.17127, 9.124732, 15.776313, 19.1335, 20.481842
3.9692588, 6.8825216, -45.54905, -47.56843, 0.0, 0.0, 0.0, 2
14.806139, 14.139607, 82.533936, 43.76383, 4.943573, 13.934509, 15.066437, 16.322699
2.621211, -68.98567, -16.972836, 14.04149, 0.0, 0.0, 0.0, 0
105.167336, 14.535726, 6.9039373, 41.78777, 74.59077, 48.306282, 7.9447308, 7.386056
3.2812421, -56.16329, -9.180033, 34.656673, 0.0, 0.0, 0.0, 0
115.780914, 16.330063, 4.9138794, 37.227055, 107.482895, 41.707275, 6.655629, 2.7290401
3.7380948, -50.64059, 17.521643, 31.83777, 0.0, 0.0, 0.0, 0
140.52057, 20.042501, 4.9993896, 31.262312, 97.855194, 118.37198, 5.968762, 1.8666371
3.4060628, -36.40461, 20.904654, 42.69073, 0.0, 0.0, 0.0, 0
175.04858, 21.417902, 4.9992065, 23.702541, 123.03511, 147.73152, 2.3477774, 7.0108824
3.1973338, -35.901085, 28.931198, 35.16772, 0.0, 0.0, 0.0, 0
175.56125, 24.678513, 142.1713, 52.977013, 142.03406, 141.11496, 49.12224, 54.311607
0.0038953573, 0.0, 0.0, 0.0, -41.051918, -20.525938, -38.422146, 3
154.00247, 24.62118, 110.8172, 52.981194, 110.68097, 109.760956, 46.195446, 54.315784
0.0023042571, 0.0, 0.0, 0.0, -39.96968, -20.048418, -39.981903, 5
138.27043, 23.844036, 95.10553, 52.98163, 94.96979, 94.049286, 44.723427, 54.316223
0.6328278, -36.84892, -36.844814, -26.30627, 0.0, 0.0, 0.0, -1
122.58032, 22.3701, 79.41626, 52.98209, 79.28107, 78.360016, 43.25442, 54.316685
2.7658367, -37.48729, -37.482903, -25.029812, 0.0, 0.0, 0.0, 0
54.202316, 12.072787, 4.88974, 50.838284, 4.7510376, 3.5141907, 32.188507, 47.091473
3.8061023, -40.839935, -40.83336, -18.326706, 0.0, 0.0, 0.0, 0
72.538025, 9.079094, 4.8897705, 47.075813, 4.7387085, 3.4196472, 21.080551, 35.97639
3.7517154, -45.97674, -45.96809, -8.055169, 0.0, 0.0, 0.0, 0
167.39844, 6.6137733, 55.819366, 40.1928, 65.97955, 57.865356, 4.7292285, 12.730183
2.401784, -41.915413, -30.245567, 27.839024, 0.0, 0.0, 0.0, 0
133.14864, 8.039447, 8.827148, 37.447666, 29.43631, 30.580322, 3.4033828, 6.692518
0.41286954, -44.477013, -38.663692, 16.859297, 0.0, 0.0, 0.0, -1
62.109253, 16.287466, 133.01007, 44.39086, 78.86278, 79.30699, 15.763163, 17.348774
4.1469703, -9.137901, -43.66206, -47.200043, 0.0, 0.0, 0.0, 2
37.290955, 15.435988, 103.3819, 45.79789, 54.887558, 54.508987, 15.499134, 17.086983
4.198037, -21.771599, -40.288895, -37.939507, 0.0, 0.0, 0.0, 1
87.07909, 10.96591, 4.983322, 40.133404, 38.477158, 63.102844, 4.858902, 9.065203
2.6544642, -59.443985, -19.687967, 20.868048, 0.0, 0.0, 0.0, 0
114.374725, 11.442791, 7.4858093, 37.208324, 33.764587, 121.16275, 2.9103591, 4.618767
2.7617667, -44.226025, 15.299077, 40.474895, 0.0, 0.0, 0.0, 0
162.48235, 12.6629505, 55.134216, 36.428978, 71.8844, 176.08392, 3.8835099, 4.2618127
3.7877002, -24.799332, 28.580765, 46.619907, 0.0, 0.0, 0.0, 0
130.7825, 30.94013, 13.464462, 20.162952, 118.4251, 86.192, 2.080518, 4.115376
0.1291852, -47.928158, 10.852706, 41.219135, 0.0, 0.0, 0.0, -1
115.24238, 30.980896, 2.2207642, 20.074276, 97.36521, 95.88699, 1.8834893, 4.3083725
0.061109487, 0.0, 0.0, 0.0, 29.75424, -24.528286, -45.717476, 5
125.5922, 30.56925, 9.987045, 20.074211, 100.044876, 82.094574, 1.7052808, 4.3578415
0.04132182, 0.0, 0.0, 0.0, 30.351215, 5.141723, -64.507065, 5
105.29804, 29.292973, 3.6489716, 20.04558, 51.788834, 66.32594, 1.6068652, 2.8527467
0.0010765635, 0.0, 0.0, 0.0, 43.02558, 13.767615, -43.206802, 5
3.7933807, 22.59336, 81.82895, 33.13612, 16.682602, 18.100204, 21.497894, 24.25283
4.5138083, -9.550838, -45.32448, -45.124683, 0.0, 0.0, 0.0, 1
2.8260345, 15.508725, 86.84338, 32.468475, 17.57489, 19.236572, 17.793287, 20.632744
1.3892888, -31.6041, -38.32103, -30.074871, 0.0, 0.0, 0.0, 1
12.920334, 13.335346, 72.42059, 32.38021, 2.447647, 4.090973, 17.10989, 19.954128
3.0017693, -73.89754, -21.805616, 4.296849, 0.0, 0.0, 0.0, 0
120.30751, 5.248538, 4.9188843, 27.647356, 60.67964, 69.5638, 5.9017024, 10.631165
3.245567, -56.80201, 1.9268194, 41.27117, 0.0, 0.0, 0.0, 0
138.9568, 6.9139667, 4.921158, 24.079002, 55.174698, 103.888885, 2.434588, 5.1645327
2.782852, -30.204865, 28.763687, 41.03145, 0.0, 0.0, 0.0, 0
117.11931, 5.06205, 59.117523, 21.686186, 91.143234, 85.79741, 2.8397884, 1.7022307
0.77921176, -51.83433, 3.2193828, 44.94628, 0.0, 0.0, 0.0, -1
125.35587, 4.7012467, 41.324173, 20.99614, 64.49487, 69.1402, 2.8486168, 1.588489
1.6205556, -29.569757, 23.09217, 47.338078, 0.0, 0.0, 0.0, 0
156.08984, 5.3521514, 31.306, 19.84266, 42.755646, 108.18323, 3.1801145, 4.132186
0.5461628, -33.2793, 15.223652, 51.497047, 0.0, 0.0, 0.0, -1
121.47829, 4.713182, 0.07946777, 19.385664, 7.4106903, 75.002426, 3.2554681, 4.929716
0.0018501951, 0.0, 0.0, 0.0, 37.82859, -30.544695, -31.626713, -1
105.82301, 4.7133465, 15.736298, 19.385319, 10.524673, 59.349472, 3.31987, 4.92957
0.0018909142, 0.0, 0.0, 0.0, 39.70602, -30.414816, -29.879166, 4
103.4624, 4.713482, 18.100891, 19.38498, 12.889374, 56.988678, 3.3195205, 4.929435
0.0019166844, 0.0, 0.0, 0.0, 49.04313, -10.575689, -40.38118, -1
103.56381, 4.7136045, 18.004059, 19.384611, 12.79303, 57.08966, 3.319142, 4.9292603
0.0016210907, 0.0, 0.0, 0.0, 51.28656, 4.1888785, -44.524563, 5
104.026306, 4.7137256, 17.54654, 19.38422, 12.336182, 52.01654, 3.3187397, 5.0212994
8.363354E-4, 0.0, 0.0, 0.0, 40.69748, 20.705637, -38.596886, 5
6.647134, 18.480978, 52.667175, 23.229786, 2.9864197, 1.2520142, 18.875607, 19.58277
5.7182355, -26.025143, -37.69954, -36.275314, 0.0, 0.0, 0.0, 1
11.608627, 13.2120695, 67.021545, 22.005442, 4.723087, 2.7426355, 13.250329, 15.730933
9.918695, -82.84688, -8.543673, 8.609447, 0.0, 0.0, 0.0, 0
106.12702, 12.371054, 5.261919, 16.461153, 116.60403, 73.04588, 9.251281, 7.3037987
3.436918, -32.959496, 28.8747, 38.1658, 0.0, 0.0, 0.0, 0
152.41402, 14.831223, 55.893616, 9.921752, 146.96864, 94.265076, 10.066185, 2.9141943
0.4746158, -24.253664, 29.292345, 46.45399, 0.0, 0.0, 0.0, -1
137.24765, 15.226774, 42.31357, 9.721527, 129.367, 72.724976, 9.061429, 2.9489138
0.023678275, 0.0, 0.0, 0.0, 8.930039, -6.8845143, -84.18545, 5
103.76291, 12.869726, 11.231232, 9.700267, 88.7967, 16.545776, 6.490287, 3.3182805
0.26871064, 0.7677122, -34.863297, -64.368996, 0.0, 0.0, 0.0, -1
86.4579, 11.604754, 4.4782104, 9.700267, 67.57323, 5.3071594, 5.6092834, 3.5330524
2.031798, 12.78557, -13.727305, -73.48712, 0.0, 0.0, 0.0, 2
2.5701218, 7.7188907, 100.44766, 10.049039, 66.06015, 112.70877, 4.0687385, 4.242567
0.4363183, 22.255182, 8.736108, -69.008705, 0.0, 0.0, 0.0, -1
5.419113, 6.8389482, 109.23041, 10.161864, 82.35559, 120.62311, 4.135928, 4.2581506
0.03456911, 0.0, 0.0, 0.0, 70.640305, 27.850304, -1.5093951, 5
4.984497, 22.74309, 23.483215, 22.11536, 11.34584, 12.855057, 25.314766, 22.418146
3.8816435, -32.087837, -34.05487, -33.857296, 0.0, 0.0, 0.0, 1
172.1234, 36.08331, 174.998, 52.108406, 147.6797, 176.47435, 41.747005, 52.069885
0.62193626, 34.569046, 31.151688, 34.279266, 0.0, 0.0, 0.0, -1
138.11116, 35.833458, 143.47264, 53.074215, 179.65251, 144.91035, 39.59015, 50.09299
0.0038556878, 0.0, 0.0, 0.0, -39.953453, -19.984055, -40.062496, 5
106.21036, 35.657387, 111.98999, 53.078274, 147.78653, 113.41757, 36.665363, 47.155212
0.002279537, 0.0, 0.0, 0.0, -39.996876, -20.006523, -39.9966, 3
90.423294, 35.65782, 96.202835, 53.078712, 131.78539, 97.624954, 35.202812, 45.68439
0.5945023, -34.566624, -31.265999, -34.167377, 0.0, 0.0, 0.0, -1
74.65459, 35.65827, 80.43404, 53.079163, 115.78398, 81.85039, 33.739155, 44.21557
3.1961975, -37.13484, -35.202843, -27.66232, 0.0, 0.0, 0.0, 0
1.3147583, 29.550325, 4.9693604, 50.254597, 41.37668, 6.442505, 21.148079, 30.98931
3.802487, -39.67867, -38.197735, -22.123596, 0.0, 0.0, 0.0, 0
1.8929138, 24.29024, 4.9695435, 47.99138, 42.731537, 6.5136414, 15.067886, 24.328299
3.6037686, -39.04065, -36.973335, -23.98602, 0.0, 0.0, 0.0, 0
12.434418, 19.073183, 4.969452, 44.173355, 39.38382, 6.585785, 6.3774686, 13.0639305
2.870341, -48.252174, -36.505108, -15.242709, 0.0, 0.0, 0.0, 0
24.124817, 14.523134, 14.302948, 41.248642, 41.93106, 14.64035, 3.6956363, 6.4429297
0.27684048, -37.15933, -34.827927, -28.012741, 0.0, 0.0, 0.0, -1
14.6106415, 13.7577915, 30.056808, 40.97384, 58.43651, 27.738419, 3.7914808, 5.976121
0.0021197468, 0.0, 0.0, 0.0, 44.378838, 18.509953, 37.11121, -1
5.098068, 13.16488, 45.71843, 40.97097, 72.459915, 40.01796, 4.135114, 5.4948397
0.0019138417, 0.0, 0.0, 0.0, 61.486774, 31.541214, 6.9720125, -1
5.149826, 12.605345, 51.48593, 40.971214, 76.33258, 46.391876, 4.449791, 5.0976443
0.001908993, 0.0, 0.0, 0.0, 66.49329, 32.699993, -0.8067154, 5
4.550308, 12.050225, 58.369446, 40.97152, 81.04904, 53.306366, 4.746652, 5.0574093
0.0017682603, 0.0, 0.0, 0.0, 65.00721, 33.715508, 1.2772839, -1
7.2216797, 11.498286, 62.30893, 40.971806, 82.55191, 57.24875, 5.0226417, 5.057676
0.0013817424, 0.0, 0.0, 0.0, 58.194984, 30.413363, -11.391652, 5
5.0794983, 14.923368, 88.761215, 35.33862, 11.85611, 17.315384, 16.769382, 16.565437
1.2854244, -32.301167, -39.156006, -28.542828, 0.0, 0.0, 0.0, 1
20.945267, 12.806805, 74.12773, 35.369614, 3.2632904, 2.432251, 15.945431, 15.91148
3.3966367, -72.51316, -9.000631, 18.486208, 0.0, 0.0, 0.0, 0
117.909805, 9.4344015, 4.869446, 25.467516, 100.51805, 68.35387, 9.640488, 3.9032485
2.964622, -45.71437, 18.569221, 35.716408, 0.0, 0.0, 0.0, 0
147.35953, 6.286108, 17.27536, 22.146273, 127.67978, 75.39522, 6.181743, 1.5959467
3.7440462, -23.301014, 33.86707, 42.831917, 0.0, 0.0, 0.0, 0
173.11456, 11.015289, 64.933586, 13.323234, 158.52419, 75.35342, 3.714105, 3.1608908
3.304756, -29.1049, 27.291399, 43.603703, 0.0, 0.0, 0.0, 0
147.52023, 10.635868, 48.90338, 9.71276, 139.22182, 86.50653, 2.4840581, 3.064898
0.7183078, -85.42213, 11.490731, 3.0871446, 0.0, 0.0, 0.0, -1
104.74752, 11.005518, 3.1715393, 8.8426075, 134.71968, 32.091003, 2.3666294, 2.570171
2.911589, -44.538475, 18.294817, -37.166706, 0.0, 0.0, 0.0, 0
67.27321, 6.4472504, 52.980797, 7.911819, 91.65502, 60.474678, 4.9547806, 2.74473
3.7528257, -28.316769, 66.584854, 5.0983806, 0.0, 0.0, 0.0, 0
96.21111, 6.3706346, 99.27777, 7.1981907, 101.33521, 98.70748, 4.7345867, 2.9716523
3.426951, 27.554468, 44.218597, 28.226936, 0.0, 0.0, 0.0, -1
109.457855, 7.8701253, 131.79721, 9.775053, 141.04236, 147.9784, 4.7890744, 3.2276182
0.6117089, 39.963608, 46.76773, 13.268666, 0.0, 0.0, 0.0, -1
55.27364, 8.211588, 173.97379, 10.497006, 160.85086, 166.34073, 5.16782, 3.4528518
0.0052569937, 0.0, 0.0, 0.0, -43.22501, -9.065064, -47.709923, 5
172.17786, 21.76563, 160.64252, 52.762566, 160.86612, 161.50104, 48.034386, 52.082962
0.2726922, 33.80313, 33.79272, 32.404144, 0.0, 0.0, 0.0, -1
156.54968, 21.912937, 144.94601, 53.030285, 145.16678, 145.80005, 46.8311, 52.35055
0.0038428549, 0.0, 0.0, 0.0, -40.021584, -19.957489, -40.020924, 3
124.92268, 21.91726, 113.32036, 53.034267, 113.53923, 114.49333, 43.893875, 51.00815
0.0022980988, 0.0, 0.0, 0.0, -39.99828, -20.004705, -39.997017, 3
109.12851, 21.918055, 97.525696, 53.034718, 97.74353, 98.694855, 42.424015, 49.541958
0.541002, -33.755733, -33.752876, -32.49139, 0.0, 0.0, 0.0, -1
93.20126, 21.918858, 81.59793, 53.035168, 81.81467, 82.76303, 40.953068, 48.075623
2.4622302, -33.80124, -33.797634, -32.401127, 0.0, 0.0, 0.0, 0
21.496826, 15.51445, 4.9846497, 46.43781, 5.2231445, 6.2916565, 16.528986, 23.655985
3.5830483, -35.200924, -35.17507, -29.623997, 0.0, 0.0, 0.0, 0
141.73618, 7.2204523, 31.95578, 25.572348, 66.69939, 82.4426, 3.5064664, 2.4315987
0.6091762, -50.044334, -2.5827289, 47.372932, 0.0, 0.0, 0.0, -1
115.6714, 7.0184307, 10.922241, 25.037012, 37.260986, 70.14746, 3.8171976, 2.9839
0.0047007194, 0.0, 0.0, 0.0, 41.36638, 9.676757, -48.956863, 5
40.27826, 6.9814973, 64.23341, 25.030907, 62.38684, 105.04433, 4.8568063, 5.347625
0.0022927197, 0.0, 0.0, 0.0, -38.142128, -23.71972, 38.13815, 3
63.16913, 6.983862, 41.339645, 25.029734, 41.8842, 64.73418, 5.0450397, 5.834663
8.969988E-4, 0.0, 0.0, 0.0, 41.89022, 16.217531, -41.892246, 5
6.5082245, 20.531597, 58.402344, 26.409729, 6.8901215, 11.194244, 19.813435, 20.320345
19.270208, -78.92128, -18.308575, 2.770154, 0.0, 0.0, 0.0, 0
37.24279, 14.950665, 36.45845, 24.968758, 19.781052, 14.325546, 15.450954, 16.009054
11.068323, -75.9933, -10.744838, 13.261865, 0.0, 0.0, 0.0, 0
156.63008, 8.81434, 13.212585, 7.7193017, 146.29474, 106.43983, 6.188704, 3.3173301
2.0233364, -46.9489, 5.022304, 48.028797, 0.0, 0.0, 0.0, 0
142.94334, 9.418806, 29.899094, 7.028541, 141.79616, 106.994446, 6.1833487, 3.02354
2.413232, 27.809513, -12.057079, 60.133408, 0.0, 0.0, 0.0, 1
127.702156, 9.665046, 45.986755, 6.775059, 137.11557, 110.974884, 5.7847333, 2.3663554
3.592321, 30.706125, 58.681072, 10.61281, 0.0, 0.0, 0.0, -1
98.579414, 9.632893, 97.95224, 6.950383, 150.08163, 176.4248, 5.5768456, 2.8187354
3.2780638, 32.602367, 52.580063, 14.817576, 0.0, 0.0, 0.0, -1
103.882996, 9.176552, 130.44853, 9.644471, 151.23822, 162.43658, 10.405544, 6.0095005
1.1123674, 39.17067, 50.471107, 10.358221, 0.0, 0.0, 0.0, -1
114.53536, 9.312226, 126.972885, 10.170551, 146.27177, 154.30064, 11.070009, 6.0866857
0.39126313, 39.05461, 49.113476, 11.83192, 0.0, 0.0, 0.0, -1
138.99576, 9.406413, 106.1328, 10.455513, 121.23909, 129.55522, 11.153561, 5.7745185
0.013313323, 0.0, 0.0, 0.0, -47.51255, -29.628855, -22.858595, 3
174.78284, 8.704282, 74.78203, 10.465649, 85.094406, 94.39107, 10.69569, 5.1660185
0.0, 0.0, 0.0, 0.0, -7.4777327, -7.8244343, -84.69782, 5
91.180405, 6.236667, 6.746567, 10.465649, 3.9492493, 5.600601, 7.756862, 3.4460516
0.0, 0.0, 0.0, 0.0, 41.13752, 20.282085, -38.5804, 5
27.659851, 6.2106414, 56.218903, 10.465649, 82.780365, 57.399918, 4.807866, 3.4444435
0.0, 0.0, 0.0, 0.0, 65.03045, 17.494555, -17.474995, 5
2.0670004, 20.5985, 42.901917, 22.25701, 7.0712585, 3.89682, 20.898123, 21.967482
4.215463, -22.532198, -38.630535, -38.83726, 0.0, 0.0, 0.0, 2
136.80936, 13.884021, 176.77238, 52.004745, 177.15617, 175.32481, 51.128994, 50.507156
0.61892414, 38.0344, 38.039436, 23.926167, 0.0, 0.0, 0.0, -1
160.01067, 13.304186, 145.41875, 52.965313, 145.79485, 144.00749, 52.089336, 48.52665
0.0032736498, 0.0, 0.0, 0.0, -48.933872, -24.457207, -26.608917, 3
162.02112, 12.749907, 98.10117, 52.969646, 98.47724, 96.706276, 52.093666, 44.11707
0.49363992, -41.578243, -41.57069, -16.851067, 0.0, 0.0, 0.0, -1
149.48428, 12.644669, 82.33475, 52.97009, 82.7117, 80.94595, 51.509537, 42.6482
2.37706, -45.398216, -45.390587, -9.211195, 0.0, 0.0, 0.0, 0
117.9227, 13.30688, 4.9075317, 44.894882, 5.3425293, 3.3318481, 22.667046, 13.806008
3.4967942, -40.465527, -40.454617, 19.079853, 0.0, 0.0, 0.0, 0
120.843475, 13.619379, 4.9075623, 44.14088, 5.34848, 3.347992, 20.441578, 11.583879
3.0088925, -38.689423, -38.69425, 22.61633, 0.0, 0.0, 0.0, 1
123.621, 13.964912, 4.9075623, 43.38838, 5.3544617, 3.4032288, 18.218527, 9.558362
2.8233101, -32.61962, -30.56671, 36.813667, 0.0, 0.0, 0.0, 0
158.7593, 14.522196, 48.87863, 40.053814, 74.29579, 63.56534, 7.7187114, 4.6136384
0.5685415, -32.139877, -5.2714934, 62.58863, 0.0, 0.0, 0.0, -1
4.8766937, 22.934969, 81.17969, 35.841423, 10.265503, 7.309967, 22.379, 21.256813
4.496355, -3.6124144, -48.270813, -48.11677, 0.0, 0.0, 0.0, 1
20.659958, 13.686332, 72.17682, 35.710464, 2.2192535, 6.2266235, 18.046177, 17.00328
2.4777203, -76.318306, -15.71794, 7.963757, 0.0, 0.0, 0.0, 0
143.80673, 8.891456, 4.9085083, 27.198893, 102.59236, 61.061707, 5.8008595, 2.6705196
2.4392943, -32.59853, 32.118214, 35.28326, 0.0, 0.0, 0.0, 0
141.64851, 8.294853, 30.236725, 25.174921, 148.76025, 65.80414, 2.66303, 2.125597
2.0165658, -34.13724, 36.48999, 29.372772, 0.0, 0.0, 0.0, 0
130.47858, 6.805663, 31.002686, 23.97912, 67.90433, 54.03247, 2.049507, 2.8686674
0.0021432932, 0.0, 0.0, 0.0, 34.888313, 12.773296, -52.33839, 5
3.6916199, 22.006247, 68.34567, 26.329294, 15.060181, 16.693207, 20.107653, 21.582584
3.8642225, -10.074101, -43.98406, -45.941845, 0.0, 0.0, 0.0, 2
0.62719727, 19.324652, 68.34567, 26.329294, 14.458282, 12.058594, 18.666834, 20.303995
5.885706, -76.833206, -22.321535, -0.8452493, 0.0, 0.0, 0.0, 0
108.17279, 7.083461, 5.2562866, 9.013729, 148.15985, 137.44875, 10.576103, 12.2603035
0.61120486, -45.55914, 38.703125, 15.737736, 0.0, 0.0, 0.0, -1
66.708305, 5.2243304, 36.860687, 8.053666, 117.05103, 106.62832, 8.499351, 10.107275
5.4329145E-4, 0.0, 0.0, 0.0, 49.460136, -27.278364, 23.261505, 4
1.3774109, 3.9082937, 68.37018, 8.05258, 81.63774, 72.58425, 5.61697, 7.938275
0.65337473, 47.914795, -46.96796, 5.117247, 0.0, 0.0, 0.0, -1
32.92682, 3.9267874, 84.14499, 8.05258, 62.872787, 52.246147, 4.4693995, 7.5143266
2.2089233, 45.009094, -30.049559, 24.941349, 0.0, 0.0, 0.0, 1
132.16602, 4.40032, 148.38852, 8.681056, 65.95974, 54.07655, 3.5164325, 6.560758
2.0176153, 57.048058, -1.326922, 41.62502, 0.0, 0.0, 0.0, 1
155.72295, 4.8081985, 160.81834, 9.407634, 105.009995, 83.09337, 4.058937, 6.414141
1.2661319, 48.666065, 13.216747, 38.117184, 0.0, 0.0, 0.0, -1
164.56169, 5.2621326, 161.01851, 10.133634, 122.85579, 100.463455, 4.711636, 6.5662117
0.51896304, 43.250122, 21.541983, 35.207893, 0.0, 0.0, 0.0, -1
156.45663, 5.446504, 145.85745, 10.577914, 114.21552, 98.79975, 4.780222, 6.7837353
0.021055367, 0.0, 0.0, 0.0, -53.065563, -22.61906, -24.31538, 3
132.19992, 4.6738143, 98.56425, 10.639545, 81.33286, 56.901314, 4.5166197, 6.130148
0.0, 0.0, 0.0, 0.0, -64.53122, -7.3681364, -28.100645, 3
111.7876, 3.8560023, 51.14502, 10.639545, 46.855133, 20.956177, 3.9591095, 5.6683025
0.0, 0.0, 0.0, 0.0, 24.260921, 24.23331, -51.505768, 5
46.529602, 16.70145, 18.56285, 20.725752, 32.34984, 28.778427, 19.074558, 20.101522
7.1329165, -33.244583, -35.299038, -31.456379, 0.0, 0.0, 0.0, 1
25.117676, 6.462468, 18.672653, 14.098663, 1.4077301, 5.596283, 9.318528, 12.044769
2.0767522, -42.20601, -40.151337, -17.642656, 0.0, 0.0, 0.0, 0
56.78148, 3.2265751, 4.941101, 12.594621, 12.467773, 13.877411, 6.095716, 10.056473
0.6036945, -48.998405, -45.141396, -5.860197, 0.0, 0.0, 0.0, -1
106.2077, 2.4571714, 20.400436, 11.6477375, 30.673737, 54.27104, 3.973005, 7.276167
0.0027547746, 0.0, 0.0, 0.0, 41.853493, 1.8598887, -56.28662, 5
19.363941, 16.304815, 146.50418, 11.645519, 13.745365, 118.45857, 10.786387, 4.593041
20.738073, -7.6691604, 43.371063, 48.959774, 0.0, 0.0, 0.0, 0
4.667349, 19.778355, 101.209335, 48.673405, 62.194294, 42.974598, 20.855364, 19.152746
0.88683105, -10.219511, -43.147476, -46.633015, 0.0, 0.0, 0.0, -1
11.07111, 19.11117, 86.21122, 48.76635, 48.825905, 28.501135, 19.168676, 18.64153
2.1907914, -54.892647, -37.765625, 7.3417277, 0.0, 0.0, 0.0, 0
102.425224, 19.626522, 4.8630676, 45.437485, 24.839203, 48.021393, 6.410116, 6.649416
1.7241114, -50.10077, -33.336273, 16.562967, 0.0, 0.0, 0.0, 0
104.496765, 19.863022, 4.8630066, 44.685497, 22.323425, 52.39279, 5.3668537, 5.9496593
0.71662116, -40.11453, -45.302734, -14.582743, 0.0, 0.0, 0.0, -1
125.14306, 10.173697, 4.543274, 31.905968, 58.09082, 85.53172, 2.2276812, 5.4891677
0.4538435, -53.370277, -28.68788, 17.941845, 0.0, 0.0, 0.0, -1
157.18004, 10.320552, 24.343445, 31.231623, 63.336, 94.90727, 2.1871996, 4.0210986
0.0024549223, 0.0, 0.0, 0.0, 37.18502, 1.6158149, -61.199165, 5
139.0981, 10.320376, 6.2584534, 31.231438, 31.132904, 62.16626, 2.609288, 4.79972
0.0025374931, 0.0, 0.0, 0.0, 38.46642, 10.590569, -50.943012, 5
4.514515, 11.348137, 117.10405, 31.230513, 116.66643, 102.968796, 4.9091706, 6.6533585
0.5884774, -30.982267, -34.812637, -34.205093, 0.0, 0.0, 0.0, -1
0.1340599, 14.804984, 105.1215, 30.87049, 112.03727, 94.651405, 4.8873944, 5.3034697
0.0021591026, 0.0, 0.0, 0.0, -67.56029, -27.87897, 4.560745, 3
170.03992, 23.721153, 139.58472, 52.991966, 138.04855, 140.07819, 54.84445, 52.11007
0.014629886, 0.0, 0.0, 0.0, -39.422844, -19.711409, -40.86575, 5
122.994644, 23.724417, 92.54529, 52.99616, 91.00931, 93.03873, 54.84866, 52.114258
0.7870322, -35.105263, -35.09565, -29.799086, 0.0, 0.0, 0.0, -1
107.18967, 23.72455, 76.74103, 52.9965, 75.20508, 77.234436, 54.84901, 52.114594
3.1241362, -35.026756, -35.018734, -29.954512, 0.0, 0.0, 0.0, 0
17.620758, 9.515301, 4.9690857, 39.366947, 1.7007751, 7.3821106, 15.88825, 16.077692
3.4464507, -35.242577, -35.0592, -29.698223, 0.0, 0.0, 0.0, 0
13.566864, 7.382677, 4.9682007, 36.32956, 6.030182, 10.70282, 8.57217, 9.007082
2.4812133, -34.728447, -34.30415, -30.967405, 0.0, 0.0, 0.0, 0
25.24234, 5.9745345, 4.9682007, 35.58139, 12.937164, 10.464844, 6.868986, 7.5518217
1.8353149, -34.354443, -34.652184, -30.993376, 0.0, 0.0, 0.0, 1
27.300293, 6.02216, 12.567963, 34.86472, 9.118927, 17.014404, 5.4306602, 6.092488
1.1703343, -29.013405, -31.011904, -39.974693, 0.0, 0.0, 0.0, 2
2.0046387, 8.103294, 40.421936, 34.220757, 26.134735, 47.9823, 4.8260217, 5.2405863
0.43471736, -26.745886, -27.517075, -45.73704, 0.0, 0.0, 0.0, -1
2.214325, 8.610377, 41.05661, 34.006123, 29.094452, 45.29779, 4.5947886, 5.3500485
7.247925E-5, 0.0, 0.0, 0.0, 58.928566, 30.065643, 11.005788, -1
2.2744446, 7.760359, 41.05658, 34.006123, 28.907257, 45.263092, 4.5719614, 5.325862
7.1525574E-5, 0.0, 0.0, 0.0, 62.81791, 31.61879, 5.5633044, -1
4.9628296, 6.496333, 50.704712, 34.006123, 38.5459, 55.531036, 4.5982857, 5.2306385
4.863739E-5, 0.0, 0.0, 0.0, 65.584984, 32.92027, -1.4947518, 5
6.5871754, 23.322412, 69.31935, 30.587372, 4.833685, 6.2112026, 23.290731, 21.789185
4.518619, -10.047585, -45.045235, -44.90718, 0.0, 0.0, 0.0, 1
100.770676, 15.64044, 4.940796, 24.440016, 75.430664, 59.252293, 10.639712, 5.1160173
2.8099997, -58.808243, 10.074017, 31.117743, 0.0, 0.0, 0.0, 0
120.73149, 17.053299, 2.7300415, 20.668446, 92.35021, 73.5262, 6.189679, 1.8996444
1.2449969, -25.911102, 32.049423, 42.03947, 0.0, 0.0, 0.0, 0
153.52582, 17.381004, 34.826508, 20.228342, 111.37065, 74.685455, 5.5910835, 1.884041
0.61898386, -24.86028, 24.947243, 50.192474, 0.0, 0.0, 0.0, -1
134.21585, 18.354069, 17.849304, 19.750916, 72.52691, 44.10672, 6.4220176, 2.4696765
0.0027373498, 0.0, 0.0, 0.0, 36.10518, 16.88013, -47.014687, 5
145.3209, 31.796915, 172.00615, 52.084557, 173.27428, 173.01338, 51.70611, 54.410126
0.6242193, 36.34484, 36.366463, 27.288696, 0.0, 0.0, 0.0, -1
173.09119, 32.45008, 140.5303, 53.054417, 141.76926, 141.5798, 49.737392, 55.383007
0.0032511647, 0.0, 0.0, 0.0, -42.657936, -20.690178, -36.651886, 3
143.39883, 32.54562, 93.129974, 53.058563, 94.35443, 97.006714, 45.26999, 53.892746
0.7473396, -38.00891, -37.970398, -24.020689, 0.0, 0.0, 0.0, -1
128.94803, 32.608276, 77.41696, 53.0589, 78.63626, 81.66797, 43.799618, 53.714874
2.6291914, -38.985313, -38.926765, -22.087923, 0.0, 0.0, 0.0, 0
107.90991, 27.768234, 31.79065, 40.784588, 34.410156, 37.07379, 5.345968, 13.947513
2.6318655, -44.48138, -27.822336, 27.696281, 0.0, 0.0, 0.0, 0
107.480804, 30.235552, 29.88623, 38.41838, 48.957214, 57.757904, 3.9372272, 7.271608
0.7042357, -55.33964, -44.187634, 0.47272956, 0.0, 0.0, 0.0, -1
86.00227, 29.378353, 2.281952, 37.542885, 20.931152, 31.312988, 3.5617383, 6.5832515
0.012054129, 0.0, 0.0, 0.0, 44.154343, 17.709528, -38.136127, 5

NONPOS KNOWLEDGE:
2.0862062, 16.976469, 90.82062, 40.375698, 78.74704, 95.38867, 4.630133, 5.294544
1.098028, -2.3832488, -4.663697, -92.95305, 0.0, 0.0, 0.0, 2
5.1770854, 12.827296, 93.889366, 40.35625, 93.07513, 120.87528, 4.4446087, 4.3992815
0.0015406739, 0.0, 0.0, 0.0, -29.828012, -19.916485, 50.2555, 3
68.13897, 10.455428, 30.904236, 40.35537, 10.203217, 57.90146, 5.267728, 4.398774
6.6494875, -17.625586, 30.269268, 52.10514, 0.0, 0.0, 0.0, 0
161.33408, 15.264062, 72.47055, 37.468937, 151.98434, 149.83122, 14.116506, 10.36257
6.7004538, -10.694568, 43.644966, 45.66047, 0.0, 0.0, 0.0, 0
172.65443, 22.621391, 84.784454, 37.143864, 160.83015, 159.94919, 21.56481, 19.927034
2.5373983, 19.894293, 40.727764, 39.377945, 0.0, 0.0, 0.0, -1
152.85014, 23.353565, 66.02902, 37.148605, 141.85936, 140.79068, 22.30393, 20.782576
0.49431747, -3.3541467, 47.719315, 48.92654, 0.0, 0.0, 0.0, -1
121.470566, 23.760695, 35.239197, 37.15745, 110.8607, 109.63371, 22.717272, 21.193005
0.029930647, 0.0, 0.0, 0.0, 28.82655, -21.705656, -49.467796, 5
58.79058, 23.803734, 27.378967, 37.15852, 48.031853, 47.241436, 22.803513, 21.248112
7.04276E-4, 0.0, 0.0, 0.0, 44.34033, -11.903918, -43.755753, -1
118.35962, 19.703741, 111.438705, 21.098541, 125.880936, 167.66783, 3.1360393, 6.74973
0.0082912715, 0.0, 0.0, 0.0, -7.7318525, -10.989882, -81.27826, 5
23.845032, 19.723492, 153.98969, 21.088392, 155.08871, 131.58398, 3.534656, 6.636104
6.989046E-4, 0.0, 0.0, 0.0, 26.77052, 22.655993, 50.573494, -1
15.874054, 16.318832, 145.6386, 21.087393, 146.7509, 138.38875, 3.5308661, 6.0313377
0.0, 0.0, 0.0, 0.0, -9.852779, 11.396714, 78.75051, 3
31.675896, 15.719944, 161.44037, 21.087393, 162.55374, 154.18997, 3.530732, 6.031794
5.6316576, 19.001722, 40.34133, 40.656944, 0.0, 0.0, 0.0, -1
119.87696, 14.218072, 124.42267, 21.62314, 153.84033, 172.5356, 6.230466, 6.149012
7.137981, 19.264755, 41.79104, 38.94421, 0.0, 0.0, 0.0, -1
132.31883, 25.411587, 163.88141, 27.637127, 142.38148, 142.75604, 23.270132, 20.579727
0.2615896, 24.564663, 38.433304, 37.002033, 0.0, 0.0, 0.0, -1
101.06445, 25.659803, 164.32574, 27.800158, 111.029785, 111.95044, 23.525188, 21.039906
0.00204732, 0.0, 0.0, 0.0, -40.335648, -19.330511, -40.333843, 3
4.9825287, 20.839705, 55.758484, 42.32912, 64.193634, 48.723755, 4.640643, 5.4790573
0.9630345, -13.901385, -4.3820214, -81.71659, 0.0, 0.0, 0.0, -1
0.013015747, 15.222641, 75.48848, 42.17341, 96.84773, 79.479996, 4.680921, 5.2377625
0.0021330123, 0.0, 0.0, 0.0, -41.072655, -10.549524, 48.377823, 3
31.6324, 14.578452, 43.970963, 42.17316, 42.85518, 29.587814, 2.7899706, 4.1720133
5.546659, -31.548973, 24.856106, 43.59492, 0.0, 0.0, 0.0, 0
141.05652, 14.28885, 54.76086, 41.26584, 110.93535, 101.827515, 5.3918924, 7.265384
8.623189, -17.064627, 40.536556, 42.398815, 0.0, 0.0, 0.0, 0
132.72554, 21.059385, 53.649902, 33.043583, 141.2205, 127.6525, 13.470302, 17.366228
4.8403244, -14.064862, 41.666977, 44.268158, 0.0, 0.0, 0.0, 0
134.89566, 24.65201, 55.289536, 33.704716, 122.98938, 124.04874, 17.15955, 22.553175
0.49273276, -21.146912, 36.270844, 42.582245, 0.0, 0.0, 0.0, -1
100.353676, 17.181229, 53.0103, 16.692238, 53.80658, 95.275925, 3.5387666, 3.417566
3.9536936, 24.56112, 29.733059, -45.70582, 0.0, 0.0, 0.0, 2
1.0242844, 18.27856, 143.52881, 36.055546, 133.53146, 155.49026, 25.385498, 20.884869
5.220598, 41.26493, 44.10426, 14.630813, 0.0, 0.0, 0.0, -1
81.32444, 21.31596, 139.83405, 36.830166, 165.75777, 137.67761, 19.79201, 15.780578
4.790952, 32.430267, 42.471466, 25.098265, 0.0, 0.0, 0.0, -1
113.43235, 23.977554, 159.08823, 45.57573, 155.1167, 151.34985, 23.260998, 19.521881
0.48945117, 30.102676, 40.85322, 29.0441, 0.0, 0.0, 0.0, -1
83.884926, 24.046194, 168.9898, 45.896385, 120.22082, 115.74259, 23.241764, 20.08459
0.017490424, 0.0, 0.0, 0.0, -40.631424, -24.124971, -35.243603, 3
76.65779, 17.045576, 19.231934, 35.01556, 74.05112, 15.338211, 4.1742425, 4.644588
0.9712489, 9.933316, 28.233814, -61.83287, 0.0, 0.0, 0.0, -1
31.351883, 13.451592, 62.44124, 35.16572, 90.38435, 70.085266, 6.060028, 5.145131
0.0024727723, 0.0, 0.0, 0.0, -31.432196, -20.93515, 47.632652, 3
47.040024, 13.451479, 46.755463, 35.165253, 74.70488, 54.401657, 6.0597363, 5.1446905
0.0019815261, 0.0, 0.0, 0.0, -15.119812, -15.457601, 69.422585, 4
61.38257, 13.308623, 31.00772, 35.16477, 58.963593, 38.65596, 6.0593452, 5.144226
2.5228753, -23.24944, -28.875887, 47.874672, 0.0, 0.0, 0.0, 1
88.07646, 12.892966, 0.57263184, 35.163803, 27.392242, 7.0796814, 6.05857, 5.143309
7.7103157, -32.162266, -0.5768184, 67.26092, 0.0, 0.0, 0.0, 0
141.99538, 15.139228, 61.863632, 33.70563, 59.89096, 105.79988, 3.7604136, 5.939653
7.8560348, -20.96382, 33.832916, 45.203266, 0.0, 0.0, 0.0, 0
135.60321, 22.192524, 65.8176, 29.65337, 124.33954, 129.60417, 14.2845955, 19.143612
2.284291, -15.042866, 40.576653, 44.38048, 0.0, 0.0, 0.0, 0
119.506516, 23.671616, 53.822876, 28.891682, 112.11897, 112.246, 17.58746, 21.6906
0.5352371, -13.735888, 41.039352, 45.224762, 0.0, 0.0, 0.0, -1
88.74159, 24.047054, 23.277557, 28.778341, 80.58714, 79.70552, 17.987076, 22.172743
0.018987168, 0.0, 0.0, 0.0, 37.09913, -14.940512, -47.96036, 5
68.17535, 14.167657, 132.65524, 38.645687, 90.51077, 77.01642, 19.10655, 14.758516
8.696499, 32.593292, -20.014149, 47.39256, 0.0, 0.0, 0.0, 1
122.76732, 18.435616, 118.52632, 41.29133, 86.86458, 81.26091, 18.114017, 12.607512
4.260715, 34.381676, 15.2338505, 50.384476, 0.0, 0.0, 0.0, -1
139.30717, 24.376554, 128.38968, 45.344112, 121.17717, 125.55849, 16.78541, 12.623698
0.61024773, 29.1606, 28.366268, 42.473133, 0.0, 0.0, 0.0, -1
80.65907, 24.60638, 168.23218, 45.879326, 164.56204, 155.63242, 15.853496, 12.428046
5.3906377E-4, 0.0, 0.0, 0.0, -38.042435, -27.896408, -34.061157, 3
20.551132, 24.10655, 105.60149, 45.879936, 91.446075, 79.649796, 15.020697, 12.520418
0.0, 0.0, 0.0, 0.0, -35.963024, -39.109207, -24.927769, 4
39.97796, 28.831638, 71.53311, 17.694311, 53.372543, 113.43404, 2.7805011, 3.144474
5.3820295, 21.264725, 35.11434, -43.620934, 0.0, 0.0, 0.0, 2
51.088303, 2.976165, 13.075867, 46.763947, 38.49533, 20.169952, 3.058208, 6.391029
0.04083641, 0.0, 0.0, 0.0, 45.837547, 15.967967, -38.19449, 5
32.341675, 2.7815897, 44.611267, 46.68563, 70.184235, 46.744934, 3.6697023, 5.6131887
0.0021569743, 0.0, 0.0, 0.0, -36.990013, -21.096813, 41.913177, 3
28.000732, 2.7834415, 48.94963, 46.684006, 67.553635, 44.189438, 4.9491816, 5.0234857
0.12605582, -33.89125, -39.088715, 27.020035, 0.0, 0.0, 0.0, -1
43.70285, 2.7838295, 33.24788, 46.68362, 49.54622, 24.918503, 5.2275004, 5.161582
4.8898606, -42.856255, -10.713151, 46.430595, 0.0, 0.0, 0.0, 0
140.73973, 4.405409, 47.84503, 45.7012, 57.674744, 85.56966, 5.583659, 5.8612065
9.283736, -19.345179, 35.392788, 45.26203, 0.0, 0.0, 0.0, 0
168.36362, 20.497517, 77.06116, 38.94, 155.09366, 151.94336, 18.458817, 19.64822
4.1743746, -10.384114, 42.186703, 47.429184, 0.0, 0.0, 0.0, 0
169.39252, 24.173792, 82.503235, 38.59547, 159.29013, 156.12924, 21.70146, 22.721823
1.6025069, -1.1248102, 48.778942, 50.096245, 0.0, 0.0, 0.0, 0
150.04886, 24.991837, 64.19208, 38.566746, 140.44241, 137.33104, 22.475857, 23.468637
0.45702094, -0.631158, 49.050713, 50.318127, 0.0, 0.0, 0.0, -1
55.358917, 25.440535, 29.926071, 38.558186, 46.255173, 43.16513, 22.778297, 23.763937
0.0022857592, 0.0, 0.0, 0.0, 44.609978, -10.773868, -44.616154, 5
39.054413, 24.513805, 155.74564, 40.16206, 167.05054, 144.81583, 16.00902, 42.27536
4.184873, 40.07774, 38.589943, -21.33231, 0.0, 0.0, 0.0, 2
42.574814, 19.355467, 142.4446, 49.41291, 131.34047, 129.44893, 16.929628, 48.6612
0.46879184, 42.266636, 38.732075, -19.001286, 0.0, 0.0, 0.0, -1
13.152573, 19.02067, 111.18193, 49.820972, 96.49455, 97.66731, 16.47407, 47.657883
0.0068559106, 0.0, 0.0, 0.0, -52.34998, -26.528328, 21.121696, 3
18.767471, 16.571676, 62.66185, 49.860226, 2.1207733, 40.72766, 15.403364, 34.150036
0.0, 0.0, 0.0, 0.0, -37.82648, 1.4540056, 60.719513, 3
33.284943, 16.515417, 46.995148, 49.860226, 14.704987, 23.91629, 15.813909, 32.83986
6.15922, -40.50683, 12.957374, 46.5358, 0.0, 0.0, 0.0, 0
146.37498, 21.913105, 57.895737, 42.414036, 134.11218, 122.08589, 20.764671, 22.329958
1.7935542, -17.651058, 38.52044, 43.828503, 0.0, 0.0, 0.0, 0
133.67767, 23.524618, 45.29689, 41.613808, 122.2034, 112.33415, 21.961588, 23.810543
0.32343534, -16.05547, 40.05992, 43.88461, 0.0, 0.0, 0.0, -1
102.66066, 23.945553, 14.366028, 41.417736, 91.426025, 82.36902, 22.332813, 24.267763
0.038056497, 0.0, 0.0, 0.0, 38.480545, -15.961809, -45.55765, 5
4.9121857, 20.379736, 125.42431, 27.046907, 122.98551, 131.41281, 5.5050383, 4.0691447
4.034836, 25.9628, 32.428444, -41.608757, 0.0, 0.0, 0.0, 2
5.3378143, 13.961037, 131.62817, 29.295664, 145.93579, 116.98431, 7.9953647, 2.4635723
0.39023453, 28.728113, 29.052752, -42.219135, 0.0, 0.0, 0.0, -1
21.974068, 13.0262575, 147.95697, 29.548624, 157.26546, 107.11647, 7.1067576, 2.4297342
0.0017708992, 0.0, 0.0, 0.0, -20.242231, 15.106277, 64.6515, 3
57.114635, 12.083606, 179.4855, 29.54914, 167.29364, 94.99193, 5.1011367, 4.2616057
4.978331, -3.895656, 44.434963, 51.669384, 0.0, 0.0, 0.0, 0
146.22925, 11.619358, 104.20674, 29.414433, 155.63849, 169.60727, 7.460195, 8.945615
8.576028, 2.3934677, 48.122116, 49.484413, 0.0, 0.0, 0.0, -1
169.13773, 15.577622, 96.033875, 29.212658, 162.72324, 173.77701, 15.072978, 14.460794
5.6959167, 11.657681, 44.158314, 44.18401, 0.0, 0.0, 0.0, -1
171.76476, 20.681612, 111.15768, 29.879213, 174.26604, 176.1057, 20.167673, 19.107866
3.3582807, 12.88213, 43.433887, 43.68398, 0.0, 0.0, 0.0, -1
146.4002, 24.182495, 138.49086, 30.81068, 160.845, 156.67892, 22.761786, 22.484724
0.36303678, 13.954399, 43.08659, 42.95901, 0.0, 0.0, 0.0, -1
115.08223, 24.530014, 170.47334, 30.923132, 128.83875, 125.03566, 23.017145, 22.59435
0.014559232, 0.0, 0.0, 0.0, -35.834805, -21.488184, -42.677013, 5
83.60652, 24.544785, 158.02182, 30.927992, 97.06768, 93.44724, 23.066845, 22.379475
0.0017637378, 0.0, 0.0, 0.0, -40.24322, -20.64964, -39.10714, 3
74.73288, 8.827296, 36.12326, 24.31325, 21.068436, 1.0662689, 5.7505465, 3.0343509
3.686665, 36.5449, 19.15676, -44.29834, 0.0, 0.0, 0.0, 2
16.846825, 1.5469954, 115.90325, 25.674706, 98.395515, 133.74954, 5.355803, 5.7171855
5.5249286, 33.66443, 50.40885, 15.926721, 0.0, 0.0, 0.0, -1
2.354103, 1.6746067, 111.33302, 28.773499, 127.23189, 137.98445, 7.3071494, 11.180475
2.0182233, 7.1673574, 70.72194, -22.110699, 0.0, 0.0, 0.0, 2
39.99269, 1.594966, 66.35457, 29.862799, 77.48294, 94.25003, 6.2265286, 12.877917
2.6408846, -73.72246, -9.59992, 16.677624, 0.0, 0.0, 0.0, 0
112.2816, 1.7023392, 58.425125, 28.418156, 74.28595, 91.44949, 4.366348, 9.719094
0.6304005, -51.47488, -22.087475, 26.437643, 0.0, 0.0, 0.0, -1
176.8194, 2.2144895, 18.440842, 27.958223, 31.55307, 36.095154, 4.460772, 9.566941
1.3836744, -36.037277, -44.535297, 19.427425, 0.0, 0.0, 0.0, 1
151.67117, 2.216095, 13.078552, 27.957209, 8.09552, 10.480072, 4.7503595, 8.8028755
1.4649868, -41.003433, -36.250103, 22.746464, 0.0, 0.0, 0.0, 0
135.96542, 2.497093, 45.78723, 27.605385, 48.12195, 60.75554, 4.495485, 7.06453
0.46305868, -42.193687, -26.535082, 31.27123, 0.0, 0.0, 0.0, -1
116.70728, 2.9822571, 78.80255, 27.21769, 82.7012, 95.81438, 4.670014, 6.7342443
0.0024479977, 0.0, 0.0, 0.0, 40.10116, 15.900542, -43.9983, 5
53.575893, 2.9846542, 141.90025, 27.216003, 144.85313, 149.84906, 4.7413745, 6.4337864
0.001701014, 0.0, 0.0, 0.0, 40.295868, 19.371347, -40.332787, 5
22.09756, 2.9857142, 173.36115, 27.21519, 176.04321, 179.06964, 4.6369634, 6.193765
3.0275946E-4, 0.0, 0.0, 0.0, -41.02536, -12.695685, 46.278954, 3
22.85785, 2.9869819, 172.59018, 27.2146, 170.50336, 179.35606, 4.1352744, 5.834562
0.36774254, -35.408306, -28.44817, 36.143524, 0.0, 0.0, 0.0, -1
38.63835, 2.9873147, 156.80995, 27.2146, 157.933, 168.17876, 3.791979, 5.6787534
2.2122805, -38.391415, -5.190582, 56.418003, 0.0, 0.0, 0.0, 0
54.326233, 2.9876392, 141.12274, 27.2146, 147.40009, 155.63635, 3.7228568, 5.5226974
5.94801, -22.008598, 28.139973, 49.85143, 0.0, 0.0, 0.0, 0
106.555565, 3.2327454, 94.676834, 27.069555, 121.701035, 122.31033, 3.3036895, 5.002814
9.351377, -9.091643, 44.38196, 46.526398, 0.0, 0.0, 0.0, 0
158.38263, 8.113969, 84.042694, 25.47797, 160.43599, 150.50708, 6.3854947, 7.464782
9.306955, -2.0594401, 48.01645, 49.924107, 0.0, 0.0, 0.0, 0
165.18417, 11.191917, 90.7086, 25.012495, 168.75586, 160.26309, 9.779502, 10.362497
8.156564, 6.8109074, 46.194202, 46.99489, 0.0, 0.0, 0.0, -1
172.69514, 24.288572, 118.174194, 27.073233, 177.38776, 173.41435, 22.10659, 22.499975
2.1443238, 17.134645, 41.349525, 41.515827, 0.0, 0.0, 0.0, -1
149.24478, 24.79037, 143.22456, 27.389614, 158.85515, 162.71938, 22.767584, 23.135899
0.60579664, -50.0, 17.911982, 32.08802, 0.0, 0.0, 0.0, -1
86.55109, 23.979448, 153.20795, 27.549604, 96.11467, 100.04277, 22.471573, 22.848866
5.4586577, -29.419413, -37.576942, -33.003647, 0.0, 0.0, 0.0, 1
8.011475, 20.855415, 60.587975, 26.880676, 1.5501175, 7.4459763, 20.288298, 20.809452
9.278534, -26.299149, -42.234566, -31.466284, 0.0, 0.0, 0.0, 1
44.131424, 12.538433, 56.70955, 21.763288, 24.471954, 13.243851, 12.250865, 12.49772
9.245031, -31.394678, -62.71464, -5.8906837, 0.0, 0.0, 0.0, 1
83.7379, 7.3749323, 70.79811, 19.130346, 43.685326, 23.339752, 6.567762, 6.1985946
9.1573715, -12.479258, 21.976498, 65.54425, 0.0, 0.0, 0.0, 0
142.12593, 7.0187774, 81.49301, 17.876945, 114.78227, 107.93208, 4.3288827, 2.122973
9.330085, 8.215621, 46.307697, 45.47668, 0.0, 0.0, 0.0, -1
166.48213, 20.276686, 127.501175, 20.919403, 170.37148, 174.88145, 18.123991, 17.211868
4.7378855, 24.370226, 38.05942, 37.57035, 0.0, 0.0, 0.0, -1
167.78519, 23.874336, 135.12213, 21.520733, 170.44414, 177.19287, 21.819576, 21.800716
2.1691492, 25.584915, 37.349136, 37.06595, 0.0, 0.0, 0.0, -1
157.3786, 24.756369, 147.43423, 23.662727, 163.11322, 166.23636, 23.728298, 22.775702
0.3849535, 26.354378, 37.0906, 36.555027, 0.0, 0.0, 0.0, -1
94.84923, 25.437252, 148.6302, 24.129013, 100.40846, 103.45564, 24.440449, 23.480143
0.0011269981, 0.0, 0.0, 0.0, -40.000763, -19.99884, -40.000397, 3
31.693857, 25.437305, 85.47428, 24.129467, 37.233406, 40.28428, 24.443195, 23.484922
0.001211449, 0.0, 0.0, 0.0, -19.11616, -25.640461, -55.243374, 5
66.32624, 5.4203377, 30.769714, 45.840096, 48.05374, 49.95912, 7.09971, 3.953295
0.4089434, -47.888878, -44.953407, 7.157714, 0.0, 0.0, 0.0, -1
16.096775, 5.5086994, 88.1568, 45.156975, 102.05884, 102.504944, 6.466095, 3.7143936
0.0019210837, 0.0, 0.0, 0.0, -40.287823, -22.127012, 37.585163, 3
49.785698, 4.9109087, 52.018982, 45.15651, 58.89319, 41.21454, 6.4702907, 3.8552153
0.0010534752, 0.0, 0.0, 0.0, -29.558641, 7.9785357, 62.462826, 3
65.6497, 4.9108615, 36.154175, 45.156445, 43.02234, 20.468048, 6.47023, 3.9516435
3.5557656, -36.78674, -8.14672, 55.066544, 0.0, 0.0, 0.0, 0
93.60423, 4.8716593, 11.145096, 45.156292, 4.2898407, 37.40175, 6.470231, 4.6091447
8.505249, -31.622387, 18.753668, 49.623943, 0.0, 0.0, 0.0, 0
154.85536, 21.49991, 69.20488, 36.715126, 144.30415, 146.57645, 16.314268, 19.38355
3.3785288, -10.446762, 44.232586, 45.32065, 0.0, 0.0, 0.0, 0
157.1116, 24.092905, 73.40257, 36.062454, 147.12755, 147.3285, 19.303862, 21.972025
1.3799275, -9.0978775, 44.21179, 46.690334, 0.0, 0.0, 0.0, 0
141.1363, 24.892761, 58.14406, 35.902336, 131.29099, 131.10359, 20.270935, 22.754946
0.54103947, -8.56875, 44.425224, 47.006023, 0.0, 0.0, 0.0, -1
110.06062, 25.336113, 27.485779, 35.821983, 100.04705, 100.23258, 20.88237, 23.168552
0.026299875, 0.0, 0.0, 0.0, 31.62676, -20.611013, -47.762226, 5
47.22645, 25.408915, 35.278534, 35.80938, 35.90542, 37.433018, 21.335032, 23.236477
0.0022225017, 0.0, 0.0, 0.0, 45.215454, -9.562305, -45.222237, 5
4.8795166, 25.263136, 67.975525, 51.39243, 70.16202, 66.74768, 4.534733, 6.09698
4.8866434, -12.725624, 16.676273, -70.59811, 0.0, 0.0, 0.0, 2
5.371704, 16.183552, 82.79672, 50.803467, 155.95485, 122.94507, 5.830656, 5.5487537
3.4382374, -75.10553, -17.657549, 7.236922, 0.0, 0.0, 0.0, 0
147.57617, 23.044249, 61.99289, 43.309418, 156.71184, 138.18375, 20.701784, 20.799408
0.62999386, -10.308983, 44.883656, 44.80736, 0.0, 0.0, 0.0, -1
85.13921, 23.645998, 0.0814209, 43.173996, 93.41812, 73.24963, 21.865446, 22.007309
0.0020738887, 0.0, 0.0, 0.0, 42.43197, -15.14076, -42.42727, -1
102.95683, 8.182769, 22.801315, 37.198986, 5.3115387, 3.2067413, 3.389398, 6.538666
1.4446641, 32.331055, 25.123709, -42.545235, 0.0, 0.0, 0.0, 2
40.034958, 8.186686, 85.749435, 37.193928, 75.989334, 70.52577, 3.9046447, 6.3380075
2.1999035, 35.02577, 34.481003, -30.493227, 0.0, 0.0, 0.0, 2
81.50437, 5.1572294, 151.30484, 38.664185, 130.84158, 176.97217, 1.5563757, 4.355253
3.520481, 37.320587, 45.622524, 17.056889, 0.0, 0.0, 0.0, -1
103.86853, 3.863341, 134.4938, 39.82788, 122.6991, 160.42451, 1.6500947, 4.668337
4.842732, 7.9232717, 44.516758, 47.55997, 0.0, 0.0, 0.0, -1
126.27424, 3.1197975, 118.108925, 40.540222, 130.72331, 143.54631, 1.7430774, 4.749768
8.647386, -14.890438, 39.808212, 45.30135, 0.0, 0.0, 0.0, 0
4.896286, 25.449568, 78.22621, 36.573154, 3.9548645, 6.7416077, 22.549322, 23.671303
0.3429896, 19.78209, -37.78202, -42.43589, 0.0, 0.0, 0.0, -1
4.897171, 25.448967, 78.22621, 36.573154, 3.9884186, 6.6216583, 22.531197, 23.718725
2.3246112, 20.710855, -37.140198, -42.148945, 0.0, 0.0, 0.0, 2
4.898041, 25.448404, 78.22621, 36.573154, 3.8325958, 6.8676605, 22.590525, 23.582008
8.060711, 32.57973, -28.732534, -38.687733, 0.0, 0.0, 0.0, 2
4.8988037, 25.447897, 78.22621, 36.573154, 3.9435883, 6.7071686, 22.535746, 23.672081
6.0092225, 24.076057, -34.83044, -41.0935, 0.0, 0.0, 0.0, 2
43.382774, 19.227999, 124.17741, 40.522217, 56.962273, 59.11222, 17.364748, 18.795563
5.656854, 52.64832, -13.84164, -33.510044, 0.0, 0.0, 0.0, 2
1.0407028, 21.49981, 120.712326, 22.298048, 161.09578, 154.9211, 5.557903, 8.00724
1.6030841, 62.619244, 36.544647, -0.8361076, 0.0, 0.0, 0.0, 2
16.747078, 20.7784, 136.99255, 22.42304, 177.60223, 171.37445, 5.785944, 8.225749
4.431063, 53.29645, 34.160484, 12.543058, 0.0, 0.0, 0.0, -1
48.096565, 20.696072, 168.35399, 22.423086, 165.94604, 157.26178, 3.5388038, 8.225678
6.9313707, 41.113457, 41.40413, 17.482414, 0.0, 0.0, 0.0, -1
114.298325, 22.035017, 152.60637, 28.517956, 156.2342, 170.16504, 10.771395, 11.393902
3.721318, 36.186905, 39.74162, 24.071482, 0.0, 0.0, 0.0, -1
117.977, 22.86749, 163.01193, 32.451817, 138.0228, 157.04248, 18.44102, 16.404736
0.46251023, 36.325336, 37.63177, 26.042894, 0.0, 0.0, 0.0, -1
25.10093, 23.362616, 102.01003, 33.13612, 40.035423, 58.489937, 20.552414, 20.235306
0.0, 0.0, 0.0, 0.0, -35.8359, -28.328773, -35.835327, 3
64.936676, 4.472156, 64.890564, 19.38311, 59.68158, 36.809174, 3.3175993, 5.6816483
4.0414234E-4, 0.0, 0.0, 0.0, 43.841347, 28.714514, -27.44414, 5
17.644745, 4.4722404, 112.16829, 19.38303, 106.959274, 110.21518, 3.3175194, 5.2970595
2.3841858E-7, 0.0, 0.0, 0.0, 43.622707, 22.021732, 34.35556, -1
6.1460485, 4.4722857, 135.9436, 19.38303, 125.82035, 142.84746, 3.1002185, 4.7505045
0.0, 0.0, 0.0, 0.0, 10.381206, 4.578463, 85.04033, -1
21.91853, 4.4722857, 151.7161, 19.38303, 130.00343, 162.5498, 2.7972252, 4.1541224
0.0, 0.0, 0.0, 0.0, -26.86319, -13.134069, 60.00274, 3
53.299465, 4.4722857, 176.90297, 19.38303, 150.38742, 173.96309, 3.1831977, 4.076589
0.49282113, -28.277948, 2.1523395, 69.56971, 0.0, 0.0, 0.0, -1
69.00219, 4.4722857, 161.20026, 19.38303, 160.92764, 163.02005, 3.3632627, 4.1340175
5.1490264, -13.050793, 33.32382, 53.625385, 0.0, 0.0, 0.0, 0
133.82603, 4.9303684, 99.70299, 19.242146, 161.8156, 121.13629, 4.1138906, 4.080492
9.318972, -4.631964, 45.13348, 50.23456, 0.0, 0.0, 0.0, 0
166.07103, 7.62891, 87.07887, 18.507826, 165.63911, 140.84279, 6.7988224, 5.7396417
9.114897, 14.399038, 42.654118, 42.94685, 0.0, 0.0, 0.0, -1
150.24121, 24.181412, 99.3736, 23.035763, 145.57849, 142.18387, 22.795938, 23.596512
0.34963086, 22.22518, 38.826336, 38.948486, 0.0, 0.0, 0.0, -1
118.941345, 24.423645, 68.607605, 23.228165, 114.3042, 111.17203, 22.860746, 23.815628
0.007151463, 0.0, 0.0, 0.0, -2.6273239, -31.125462, -66.247215, 5
24.69574, 24.434399, 25.616638, 23.232162, 19.686584, 17.061523, 22.238605, 23.441235
0.0024150389, 0.0, 0.0, 0.0, 43.229237, -15.308611, -41.462154, -1
4.787998, 6.3751717, 120.79944, 10.172181, 98.46304, 129.035, 4.2772517, 4.0749054
4.764937E-4, 0.0, 0.0, 0.0, 61.572193, 24.919834, -13.50797, 5
4.9856415, 6.1818404, 132.4455, 10.172298, 113.12159, 136.4837, 3.814911, 3.9538376
2.3856133E-4, 0.0, 0.0, 0.0, -40.54925, -21.846281, 37.60447, 3
15.848717, 5.135722, 118.59743, 10.172667, 94.65941, 124.23869, 3.473138, 3.9788878
2.3761613E-5, 0.0, 0.0, 0.0, -37.639015, -24.766651, 37.594334, 3
94.397705, 5.0385637, 39.646515, 10.172772, 11.702942, 20.29892, 3.8405983, 2.7617054
0.78220946, -43.251396, -30.598127, 26.150475, 0.0, 0.0, 0.0, -1
106.24781, 5.03835, 27.794586, 10.172772, 28.497559, 2.0377808, 3.9265027, 2.9006078
5.296539, -50.06623, 8.989477, 40.94429, 0.0, 0.0, 0.0, 0
140.8121, 7.6959343, 20.30664, 6.0377736, 128.3464, 112.86298, 5.6159506, 4.321874
9.018283, 29.211613, 36.095867, 34.692524, 0.0, 0.0, 0.0, -1
151.8606, 14.253345, 152.09833, 10.297852, 156.8421, 158.82254, 13.197952, 11.574311
7.504885, 28.175142, 36.0316, 35.79326, 0.0, 0.0, 0.0, -1
164.33759, 22.752981, 173.71289, 20.63107, 167.47842, 168.99905, 23.739592, 21.882298
2.2205377, 30.604229, 34.58493, 34.81084, 0.0, 0.0, 0.0, -1
154.45471, 23.322226, 174.2898, 21.494232, 156.99374, 158.52182, 24.676516, 22.655733
0.36876723, 33.292435, 33.710938, 32.996628, 0.0, 0.0, 0.0, -1
92.71264, 23.760838, 111.20879, 22.11536, 95.92794, 97.52293, 25.413351, 23.075287
0.0, 0.0, 0.0, 0.0, -40.04006, -19.28028, -40.67967, 5
4.9845123, 22.749207, 23.483215, 22.11536, 10.583359, 12.155838, 25.381035, 22.625877
0.0, 0.0, 0.0, 0.0, -53.580032, -23.97768, 22.44228, 3
28.422607, 11.145053, 46.573624, 40.97207, 64.09529, 41.516403, 5.1604104, 5.0579143
0.9904658, 0.63718563, 15.1011095, -84.2617, 0.0, 0.0, 0.0, -1
1.48172, 7.438866, 81.789474, 40.974888, 103.87193, 86.273605, 4.9082766, 5.2650785
0.006906561, 0.0, 0.0, 0.0, -41.447548, -8.620785, 49.931667, 3
30.351715, 6.8844857, 50.368256, 40.980515, 48.72586, 32.9337, 2.751932, 4.055234
0.0012675017, 0.0, 0.0, 0.0, -18.461784, 15.499672, 66.03854, 3
46.156693, 6.884414, 34.563004, 40.98047, 12.448868, 7.399399, 2.3616414, 4.061404
4.4327984, -27.244762, 28.309595, 44.445644, 0.0, 0.0, 0.0, 0
163.63097, 23.007198, 78.26018, 35.38904, 152.41147, 150.51096, 20.41619, 21.831839
0.8467466, -1.6466925, 48.35449, 49.99882, 0.0, 0.0, 0.0, -1
132.2471, 23.673128, 47.760193, 35.36613, 121.418076, 119.076614, 21.040018, 22.357878
0.1708527, -1.3835322, 48.45541, 50.161057, 0.0, 0.0, 0.0, -1
69.428635, 23.84137, 14.833069, 35.362175, 58.967422, 55.874893, 21.263401, 22.33759
0.0022207059, 0.0, 0.0, 0.0, 43.3078, -14.211189, -42.481007, -1
19.911667, 8.299017, 142.41925, 10.501048, 123.8873, 137.80457, 4.337577, 3.0064642
0.77990586, 27.607908, 20.11032, -52.281773, 0.0, 0.0, 0.0, -1
4.756031, 8.327892, 128.20656, 10.501048, 109.52476, 133.34251, 3.5937467, 2.7029912
1.4770514, 25.490622, 29.833279, -44.6761, 0.0, 0.0, 0.0, 2
3.8669739, 5.6348023, 128.4764, 10.864362, 128.1136, 152.00308, 3.5708253, 3.9385922
0.44025692, 26.778027, 35.627617, -37.594353, 0.0, 0.0, 0.0, -1
35.609436, 4.3406606, 163.0965, 11.256778, 157.64638, 163.49257, 3.2375784, 3.3624
9.536743E-7, 0.0, 0.0, 0.0, -30.16919, -17.044777, 52.786034, 3
51.351692, 4.3402433, 178.8375, 11.256777, 165.80563, 153.62119, 3.1347418, 3.3813758
0.6194275, -16.53038, -20.965477, 62.504143, 0.0, 0.0, 0.0, -1
67.132454, 4.339739, 165.38225, 11.256777, 175.48848, 144.06105, 3.2771807, 3.416462
3.446935, -5.61211, 22.218403, 72.16949, 0.0, 0.0, 0.0, 0
98.60501, 4.338801, 133.91092, 11.256777, 163.8381, 123.89595, 3.5303788, 3.516915
8.554233, 15.391749, 39.649532, 44.958714, 0.0, 0.0, 0.0, -1
173.08246, 23.5878, 153.19073, 21.367296, 179.81015, 178.2446, 23.2152, 21.816685
0.8334402, 29.376867, 35.33404, 35.28909, 0.0, 0.0, 0.0, -1
109.931404, 24.420057, 142.46024, 22.050991, 116.34317, 118.14526, 24.028793, 22.619698
0.0028946863, 0.0, 0.0, 0.0, -39.998367, -20.005026, -39.996605, 3
46.76181, 24.419962, 79.290596, 22.05098, 53.285255, 55.129707, 24.032692, 22.64402
0.0, 0.0, 0.0, 0.0, -39.99325, -20.013493, -39.99325, 3
102.9214, 8.510276, 14.523468, 39.231537, 0.5610504, 16.959381, 3.852784, 6.4830174
0.96814495, 34.167793, 19.397207, -46.434998, 0.0, 0.0, 0.0, -1
76.394196, 8.386905, 46.063446, 39.231564, 35.83551, 16.725922, 4.0822883, 6.3893323
1.6255697, 32.566143, 22.472622, -44.96124, 0.0, 0.0, 0.0, 2
14.261185, 8.371535, 109.14981, 39.232056, 105.412506, 84.01868, 4.604361, 6.123471
1.8197975, 31.118488, 25.921082, -42.96043, 0.0, 0.0, 0.0, 2
0.7791748, 6.133797, 125.809814, 39.852016, 130.47275, 112.07501, 5.3527436, 6.3862615
0.523194, 31.077576, 29.63286, -39.289566, 0.0, 0.0, 0.0, -1
36.398796, 4.259243, 158.11313, 40.382713, 171.53387, 139.27551, 3.7721968, 5.545103
0.0015895616, 0.0, 0.0, 0.0, -40.675835, 4.480413, 54.843754, 3
62.80488, 3.6991127, 170.3873, 40.382202, 169.89441, 159.38852, 2.3465202, 4.894826
0.4947676, -34.729485, -7.654315, 57.616203, 0.0, 0.0, 0.0, -1
73.21405, 3.3125324, 154.57712, 40.38191, 157.09448, 171.16817, 2.6640122, 4.8538575
3.2235374, -26.406633, 22.691574, 50.901794, 0.0, 0.0, 0.0, 0
103.36789, 3.2270594, 123.01453, 40.38131, 140.35646, 162.3385, 2.5696535, 4.1875973
5.9861474, -19.553263, 35.685944, 44.7608, 0.0, 0.0, 0.0, 0
171.7511, 18.412056, 92.82291, 36.79194, 175.65709, 171.77872, 15.599057, 16.75868
4.9394627, 2.6117518, 48.80766, 48.58059, 0.0, 0.0, 0.0, -1
172.1604, 21.033628, 96.91351, 36.787395, 176.94896, 173.66383, 18.19333, 19.353832
3.8848975, 4.740943, 47.73684, 47.522217, 0.0, 0.0, 0.0, -1
172.38733, 22.84681, 99.733185, 36.89335, 177.72774, 174.44711, 19.999943, 21.075672
2.1625874, 5.8692865, 47.15747, 46.97324, 0.0, 0.0, 0.0, -1
166.43481, 24.655901, 108.670654, 37.08826, 175.48854, 178.57687, 21.814533, 22.83296
0.49681073, 6.557472, 46.777664, 46.664864, 0.0, 0.0, 0.0, -1
103.54233, 25.459154, 172.86462, 37.20045, 112.2323, 115.32457, 22.615255, 23.608522
0.0020939312, 0.0, 0.0, 0.0, -36.289368, -21.277668, -42.43296, 5
71.974915, 25.4591, 155.56776, 37.200375, 80.78255, 83.56009, 22.591135, 23.718271
0.0022259746, 0.0, 0.0, 0.0, -39.990417, -20.020027, -39.989555, 3
94.6436, 6.9853067, 9.862396, 25.02899, 10.403076, 32.543, 5.0451875, 5.1474323
0.4609386, 21.12224, 31.71524, -47.162518, 0.0, 0.0, 0.0, -1
83.03122, 6.985486, 21.474106, 25.02894, 22.015106, 42.859573, 5.045574, 4.824653
1.1441557, 21.363161, 32.781357, -45.85548, 0.0, 0.0, 0.0, 2
19.808365, 6.9855604, 84.69728, 25.02887, 79.07922, 97.7726, 5.144151, 4.275371
1.2139409, 22.611534, 28.975714, -48.412754, 0.0, 0.0, 0.0, 2
5.821106, 5.710562, 100.35333, 25.20416, 100.72298, 112.06178, 5.757864, 4.5196714
0.4466477, 23.198942, 31.200037, -45.60102, 0.0, 0.0, 0.0, -1
36.828568, 4.723568, 70.31418, 25.501934, 71.46481, 80.661804, 5.8016434, 3.7158349
0.0023789406, 0.0, 0.0, 0.0, -32.865257, -7.9325647, 59.202175, 3
68.109955, 4.722515, 39.02896, 25.501724, 33.989716, 36.10469, 5.4679503, 3.2232785
0.002421124, 0.0, 0.0, 0.0, 0.48372424, 19.393343, 80.12293, -1
83.861755, 4.7219486, 23.275757, 25.501583, 14.897476, 12.772293, 5.3272552, 3.147251
4.659399, -19.839851, 22.072556, 58.0876, 0.0, 0.0, 0.0, 0
146.63466, 4.719693, 39.503036, 25.5011, 60.580154, 74.11769, 5.577747, 3.7225695
9.341534, -9.260698, 39.9198, 50.819504, 0.0, 0.0, 0.0, 0
176.02754, 9.553315, 76.39847, 24.000782, 132.7556, 144.99666, 8.497991, 8.324212
9.225133, 0.8746581, 47.908535, 51.216812, 0.0, 0.0, 0.0, -1
164.0824, 24.18366, 99.43005, 26.132507, 153.58405, 152.11891, 22.174517, 23.65714
0.6475754, 17.914673, 40.894882, 41.19044, 0.0, 0.0, 0.0, -1
129.95963, 24.137644, 66.305756, 26.351896, 119.55501, 117.67627, 22.565855, 23.963203
0.13851297, 17.672386, 40.930897, 41.39672, 0.0, 0.0, 0.0, -1
98.3875, 23.604338, 35.00815, 26.410717, 87.42856, 85.4825, 22.400778, 23.842796
0.002424229, 0.0, 0.0, 0.0, 27.494263, -19.674152, -52.83159, 5
35.57038, 22.416338, 27.803177, 26.41046, 23.87677, 21.420547, 21.769718, 23.378208
0.0024416118, 0.0, 0.0, 0.0, 46.42438, -7.1298094, -46.44581, 5
4.980072, 5.8032236, 88.8179, 10.465649, 101.96091, 83.582794, 4.246785, 3.1689615
0.0, 0.0, 0.0, 0.0, 54.758476, 14.214784, 31.02674, -1
20.531307, 5.769875, 129.71832, 10.465649, 140.3216, 105.07954, 3.7423682, 3.0339816
0.0, 0.0, 0.0, 0.0, 20.296482, 17.36483, 62.338684, -1
33.850296, 5.92191, 145.47662, 10.465649, 156.0799, 110.52441, 3.7423682, 3.0310106
0.0, 0.0, 0.0, 0.0, -10.036746, 20.14988, 69.81337, 3
46.915108, 6.1235867, 161.30574, 10.465649, 171.90901, 119.11766, 3.7423682, 2.8694904
0.24729173, 4.113013, 27.247261, 68.639725, 0.0, 0.0, 0.0, -1
60.16372, 6.331251, 177.05667, 10.465649, 172.34006, 128.06876, 3.7423682, 2.6992555
3.9383767, 12.781763, 37.433945, 49.78429, 0.0, 0.0, 0.0, -1
164.21002, 23.388676, 154.23318, 20.475489, 170.7998, 172.03677, 19.010153, 21.89497
1.5938103, 30.74228, 35.115, 34.14272, 0.0, 0.0, 0.0, -1
77.04776, 25.401775, 115.04443, 22.259445, 85.57263, 84.265045, 21.878088, 23.938982
0.0018603494, 0.0, 0.0, 0.0, -39.981876, -20.035215, -39.98291, 5
45.480244, 25.401657, 83.47716, 22.25923, 54.43114, 52.69756, 22.111588, 23.93884
0.0020575698, 0.0, 0.0, 0.0, -39.955597, -20.086817, -39.957584, 5
105.36243, 15.293546, 3.727234, 39.638645, 27.66681, 11.639709, 6.6982903, 4.54044
1.0860752, 28.55758, 10.204564, -61.237854, 0.0, 0.0, 0.0, 2
42.395386, 15.297642, 66.6889, 39.63651, 38.346375, 59.463806, 6.120872, 4.7326365
1.0880628, 26.954832, 15.197319, -57.847847, 0.0, 0.0, 0.0, 2
4.896988, 15.296591, 104.1853, 39.63682, 80.86728, 100.34601, 6.0855145, 4.846313
1.0875423, 26.234447, 17.427486, -56.338066, 0.0, 0.0, 0.0, 2
0.589798, 11.659849, 111.167816, 40.12219, 98.557495, 116.80966, 6.278135, 5.3491974
0.64531446, 38.731785, 37.672405, -23.595814, 0.0, 0.0, 0.0, -1
16.228668, 11.194621, 126.893036, 40.12201, 113.44879, 131.65112, 6.24293, 4.0513735
1.3442751, 41.329582, 35.008194, -23.662224, 0.0, 0.0, 0.0, 2
89.46767, 9.569453, 169.58835, 40.73455, 138.59323, 161.32733, 6.860998, 1.5983851
0.73310643, 48.333263, 28.287033, -23.379704, 0.0, 0.0, 0.0, -1
111.8678, 9.083913, 153.58557, 41.293724, 154.13376, 149.16525, 7.454085, 1.8383188
6.1223297, -20.65064, 37.51089, 41.838467, 0.0, 0.0, 0.0, 0
163.96973, 15.665687, 72.729675, 37.658623, 146.0605, 164.69609, 14.743369, 11.862765
6.447251, -9.728587, 44.645454, 45.625957, 0.0, 0.0, 0.0, 0
161.47435, 19.340658, 72.643524, 36.660137, 147.21913, 158.09093, 18.003946, 14.710659
4.455152, -7.158655, 45.472115, 47.369232, 0.0, 0.0, 0.0, 0
163.37334, 22.431068, 77.5576, 36.112614, 151.28404, 149.65315, 20.857536, 18.04492
2.5689816, -4.1992826, 46.726425, 49.07429, 0.0, 0.0, 0.0, 0
164.23708, 24.21494, 80.43536, 35.923805, 153.14075, 152.36414, 22.53507, 20.189302
1.2047594, -3.3902895, 47.248604, 49.361107, 0.0, 0.0, 0.0, 0
141.68736, 24.993134, 58.808502, 35.86993, 130.97772, 131.10281, 23.272034, 21.08333
0.41311884, -3.3045452, 47.351627, 49.34383, 0.0, 0.0, 0.0, -1
47.392715, 25.397459, 35.006058, 35.84402, 36.87555, 37.67108, 23.655842, 22.046173
0.002354723, 0.0, 0.0, 0.0, 41.787598, -16.428873, -41.78353, -1
15.965927, 25.397308, 66.43378, 35.84358, 5.4197083, 5.9501343, 23.75557, 22.17561
0.0023098048, 0.0, 0.0, 0.0, 48.025784, -3.9661102, -48.008106, -1
34.526382, 5.4695697, 87.49368, 23.978706, 50.37973, 86.620026, 3.199908, 3.5416527
0.0010991623, 0.0, 0.0, 0.0, 63.091152, 29.58403, -7.3248105, 5
18.095535, 5.4176507, 103.31256, 23.978687, 68.84668, 102.43288, 2.8863502, 3.5416427
2.976276E-4, 0.0, 0.0, 0.0, 43.034573, 20.831451, 36.133976, -1
11.6286955, 5.41637, 133.03224, 23.978518, 108.02196, 132.5649, 2.69586, 3.5885437
0.0, 0.0, 0.0, 0.0, 13.678612, 15.962812, 70.358574, -1
27.407494, 5.4158683, 148.81116, 23.978518, 117.0376, 144.1247, 2.8232543, 3.8083355
0.0, 0.0, 0.0, 0.0, -27.292517, 0.7493596, 71.95812, 3
58.814545, 5.414839, 179.7813, 23.978518, 136.65407, 167.51901, 3.1864984, 4.250323
0.12499991, -23.062386, 15.6415205, 61.296093, 0.0, 0.0, 0.0, -1
74.50415, 5.4147387, 164.09174, 23.978518, 147.66724, 179.5239, 3.4010375, 4.457412
4.799882, -12.052606, 36.498646, 51.44875, 0.0, 0.0, 0.0, 0
157.12202, 7.340678, 89.86142, 23.47275, 158.73436, 136.43614, 5.523262, 6.071305
9.350478, -1.0048535, 47.963776, 51.031376, 0.0, 0.0, 0.0, 0
166.6761, 9.161589, 86.866974, 23.14169, 159.52614, 142.47722, 7.132656, 6.9687715
8.872951, 6.360474, 46.428234, 47.211292, 0.0, 0.0, 0.0, -1
131.2579, 25.050728, 165.16562, 26.30837, 140.87332, 144.50183, 22.908176, 22.208477
0.039352454, 0.0, 0.0, 0.0, -33.800896, -22.070044, -44.12906, 5
99.96615, 24.494417, 163.45926, 26.32997, 109.35589, 113.02172, 22.755424, 22.054226
9.0023223E-4, 0.0, 0.0, 0.0, -40.039368, -19.921494, -40.039143, 3
68.39555, 23.898228, 131.88875, 26.329824, 77.46663, 81.16908, 22.52536, 21.822033
0.0010130093, 0.0, 0.0, 0.0, -40.083015, -19.834509, -40.082474, 3
54.21141, 3.0236745, 43.20323, 10.639545, 42.763382, 66.49742, 3.8532603, 3.136633
3.753711E-4, 0.0, 0.0, 0.0, 42.54044, 11.784443, -45.675117, 5
38.47519, 3.0238056, 58.93866, 10.639545, 55.972443, 78.07385, 3.955093, 3.1731925
0.5585941, 43.200928, 43.6691, -13.129975, 0.0, 0.0, 0.0, -1
19.669418, 3.1461284, 54.33528, 11.226646, 29.774948, 23.810196, 3.5935118, 2.0360947
0.0115224235, 0.0, 0.0, 0.0, -22.19053, 17.340487, 60.468983, 3
34.93332, 3.1545305, 38.6709, 11.236927, 9.884476, 1.8839111, 3.8139567, 2.2717345
6.67572E-6, 0.0, 0.0, 0.0, 1.2384496, 33.492996, 65.268555, -1
50.753387, 3.1546483, 22.851273, 11.23692, 8.681412, 18.456955, 4.100661, 2.559655
3.367797, -10.604489, 42.149624, 47.245888, 0.0, 0.0, 0.0, 0
101.0956, 3.206077, 24.45401, 11.23692, 56.279144, 70.51082, 4.744334, 3.5130675
8.493716, 5.472709, 45.709007, 48.818283, 0.0, 0.0, 0.0, -1
156.58542, 19.594149, 128.22742, 20.466656, 146.25374, 142.77368, 20.690855, 21.636814
0.30737907, 30.311743, 34.518215, 35.170044, 0.0, 0.0, 0.0, -1
140.93488, 19.294008, 112.95592, 20.717806, 130.16325, 126.70778, 20.724792, 21.67987
0.0061673876, 0.0, 0.0, 0.0, -39.700012, -20.596441, -39.703545, 5
109.41983, 18.112093, 81.45134, 20.724854, 97.450836, 93.96077, 20.226086, 21.203026
2.2415144, -33.098602, -34.410347, -32.49105, 0.0, 0.0, 0.0, 1
50.86944, 2.4595535, 34.952362, 11.645746, 36.306778, 4.9299164, 3.455543, 6.2540803
0.0016921279, 0.0, 0.0, 0.0, 56.184788, 29.009872, -14.805346, 5
19.330658, 2.4613, 66.47633, 11.645626, 67.81847, 41.010864, 3.455422, 6.0755773
7.9357065E-4, 0.0, 0.0, 0.0, 61.578323, 23.213507, 15.20817, -1
9.877991, 2.4619043, 75.92032, 11.645553, 77.25723, 52.410263, 3.4553502, 5.987698
0.7117031, 49.07872, 43.16174, -7.759547, 0.0, 0.0, 0.0, -1
9.871445, 2.4623272, 75.91882, 11.645519, 77.25307, 54.05275, 3.4553185, 5.88089
2.2047367, 49.001614, 44.331, -6.6673784, 0.0, 0.0, 0.0, 2
2.7817688, 15.846386, 162.21751, 11.645519, 5.158062, 141.8241, 10.375614, 5.8745985
3.6814413, 43.74716, -12.006252, -44.246586, 0.0, 0.0, 0.0, 2
4.77507, 19.47918, 157.21368, 33.213448, 157.75974, 155.88727, 27.821648, 29.972517
6.6427794, 45.02624, 46.065525, -8.908235, 0.0, 0.0, 0.0, 2
75.106895, 22.095, 133.71646, 40.22945, 144.6419, 151.21417, 28.544125, 28.87997
5.726921, 40.539097, 44.088966, 15.371932, 0.0, 0.0, 0.0, -1
102.359604, 24.932915, 164.10745, 47.871243, 177.05042, 172.52826, 32.113747, 28.368113
0.5366991, 36.305534, 41.79727, 21.897194, 0.0, 0.0, 0.0, -1
71.61685, 25.177282, 163.89168, 48.27082, 149.47322, 138.3683, 31.65078, 27.91275
0.056777414, 0.0, 0.0, 0.0, -38.432674, -23.219128, -38.348206, 3
40.10697, 25.207317, 132.22987, 48.31985, 115.93117, 104.27486, 30.654453, 27.091898
0.0022220407, 0.0, 0.0, 0.0, -36.903133, -26.18725, -36.909615, 5
64.23837, 20.208635, 47.717102, 43.713203, 48.7381, 8.636353, 5.056151, 5.8902454
1.2685528, 4.4339037, -19.476982, -76.08912, 0.0, 0.0, 0.0, 2
14.5405445, 19.858786, 99.5257, 43.38972, 104.687355, 65.45176, 4.8136616, 6.359321
0.9692146, 18.733437, 8.262722, -73.00384, 0.0, 0.0, 0.0, -1
5.2785683, 16.128145, 110.05055, 43.628014, 124.12691, 114.70433, 5.207136, 7.7521505
0.0014360435, 0.0, 0.0, 0.0, 30.647055, 12.045133, 57.307816, -1
27.83458, 15.252208, 141.67825, 43.628628, 155.75192, 146.33102, 5.2077103, 7.752766
0.0012891899, 0.0, 0.0, 0.0, -2.089732, -5.9583745, 91.9519, 4
45.29906, 14.880204, 157.37604, 43.628838, 171.4477, 162.02774, 5.207874, 7.7529607
9.220564E-4, 0.0, 0.0, 0.0, -29.130554, -17.448269, 53.42118, 3
79.7904, 14.294735, 171.2605, 43.62939, 174.89783, 166.6101, 4.297159, 7.7535005
4.426938, -21.355734, 13.289027, 65.35523, 0.0, 0.0, 0.0, 0
158.8146, 22.670938, 72.036026, 40.209915, 147.55243, 152.30484, 20.54202, 17.01263
2.3012838, -8.671966, 44.856586, 46.47145, 0.0, 0.0, 0.0, 0
4.9692817, 34.48827, 71.254456, 30.8687, 79.533966, 61.806274, 4.8458867, 5.220813
5.9937806, -18.504583, 13.383009, -68.11241, 0.0, 0.0, 0.0, 2
0.068045616, 20.87393, 81.68056, 29.296362, 137.9542, 126.57109, 6.5638866, 5.506795
0.27601445, -10.229654, 35.72522, -54.045128, 0.0, 0.0, 0.0, -1
5.1847534, 5.9315124, 63.19403, 34.006123, 50.990753, 68.517944, 4.6259623, 5.179126
2.7656555E-5, 0.0, 0.0, 0.0, 66.80869, 32.666126, -0.5251801, 5
4.9465027, 5.658676, 70.01715, 34.006123, 57.99695, 74.2919, 4.5902452, 5.3441143
1.335144E-5, 0.0, 0.0, 0.0, 55.470676, 23.403498, 21.125826, -1
4.936676, 5.1065083, 84.397, 34.00612, 72.256256, 89.26578, 4.5852003, 5.213298
4.7683713E-7, 0.0, 0.0, 0.0, -38.333145, -22.391302, 39.27555, 3
26.486904, 4.892793, 69.71533, 34.00612, 47.307007, 69.04376, 4.668652, 5.7822075
0.0, 0.0, 0.0, 0.0, -31.658667, -9.712449, 58.62888, 3
57.87533, 4.892764, 38.326935, 34.00612, 8.744873, 32.62915, 4.9989624, 6.242123
0.61780345, -33.95312, -6.7565975, 59.29028, 0.0, 0.0, 0.0, -1
73.54783, 4.89275, 22.65445, 34.00612, 10.136414, 14.513062, 5.1894293, 6.455171
6.040938, -22.555391, 22.998262, 54.44635, 0.0, 0.0, 0.0, 0
163.21306, 6.9798427, 59.862686, 33.024975, 116.8994, 93.25026, 6.8946943, 6.8802423
9.347213, -10.509208, 41.05478, 48.436012, 0.0, 0.0, 0.0, 0
173.74693, 13.8191395, 80.559525, 30.612413, 155.16272, 151.63231, 13.691869, 12.256806
7.5779386, -2.4966493, 47.71205, 49.791298, 0.0, 0.0, 0.0, 0
168.29, 16.283054, 80.222336, 30.108873, 153.07605, 150.89938, 16.774324, 15.262763
5.3208537, 3.0776134, 47.741154, 49.181232, 0.0, 0.0, 0.0, -1
170.38168, 23.019524, 93.67705, 30.339767, 158.6457, 158.91689, 22.222282, 20.632929
1.4742804, 7.9603424, 45.521034, 46.518627, 0.0, 0.0, 0.0, -1
157.8807, 23.926723, 82.6884, 30.488838, 146.7125, 146.3156, 23.040745, 21.462229
0.56413656, 8.264186, 45.32824, 46.407574, 0.0, 0.0, 0.0, -1
126.54126, 24.410328, 52.145874, 30.57519, 115.75518, 114.75454, 23.499836, 21.957869
0.039440677, 0.0, 0.0, 0.0, 18.20913, -24.85466, -56.93621, 5
63.298668, 24.488554, 10.972321, 30.58755, 52.532486, 51.73345, 23.571556, 22.020294
1.4439432E-4, 0.0, 0.0, 0.0, 43.049137, -13.902107, -43.04875, -1
46.975433, 27.7015, 44.976807, 37.50672, 37.486298, 22.239609, 4.231056, 6.335942
5.0080976, 15.832528, 24.029747, -60.137726, 0.0, 0.0, 0.0, 2
1.1232147, 18.284983, 105.25845, 38.76179, 179.35965, 125.60623, 4.279173, 7.661927
0.14340037, 15.724325, 38.564064, -45.711613, 0.0, 0.0, 0.0, -1
14.634415, 17.54992, 121.1978, 38.808666, 157.75017, 133.95744, 4.0783553, 6.878916
0.0015255704, 0.0, 0.0, 0.0, 31.302504, 4.7471867, 63.950314, -1

SIGNAL KNOWLEDGE:
0.94403076, 18.95908, 80.36514, 40.374825, 87.33676, 69.087555, 2.5447402, 6.264522,implicit, 1
4.972394, 23.019188, 82.369026, 37.158493, 4.493661, 8.236774, 21.54697, 20.751461,implicit, 0
4.999687, 25.665754, 68.24805, 27.804094, 13.967564, 16.397358, 23.2311, 24.453835,implicit, 0
1.9776382, 23.426477, 68.24805, 27.804094, 13.746174, 16.286823, 22.347057, 23.781809,explicit:callForPass, 0
4.9519653, 24.307354, 34.404877, 42.33275, 37.59256, 30.41333, 6.0675755, 4.6197767,implicit, 1
68.86408, 17.180826, 84.49725, 16.692463, 85.292145, 125.20967, 3.5394444, 3.085791,implicit, 1
4.2536316, 21.357601, 60.21051, 28.765524, 9.005402, 8.073242, 18.662374, 21.585136,implicit, 0
100.69136, 16.051893, 60.878555, 52.99914, 58.596573, 60.638107, 43.361786, 41.716568,implicit, 1
57.575867, 4.7725043, 14.264252, 38.70864, 23.440338, 4.321289, 5.298268, 4.8490777,implicit, 1
4.851288, 22.220438, 73.00563, 45.879936, 21.463547, 17.888382, 21.38459, 22.229902,implicit, 0
100.02461, 15.520031, 99.70805, 55.601017, 140.61345, 124.99504, 31.497507, 37.54901,implicit, 1
4.986496, 25.445232, 80.29187, 38.55712, 3.6595001, 6.6798096, 22.62303, 23.648943,implicit, 0
4.821823, 23.588165, 77.892395, 30.924824, 17.843018, 14.134094, 22.121227, 21.420893,implicit, 0
1.3887863, 18.914621, 74.62588, 30.924824, 18.370949, 13.7971115, 20.470425, 19.272715,explicit:callForPass, 0
37.64106, 6.6261554, 67.472, 24.313248, 14.984116, 57.6131, 5.662609, 3.2218702,implicit, 1
20.523643, 1.59533, 123.05834, 27.140482, 127.09179, 144.43893, 5.6926455, 8.528251,implicit, 0
26.556328, 18.837189, 47.397766, 25.474142, 16.328278, 9.060394, 18.190865, 18.722227,implicit, 0
4.924988, 25.437113, 58.70526, 24.129837, 10.456543, 13.464966, 24.424105, 23.484137,implicit, 0
108.91556, 15.780465, 83.58356, 53.0316, 93.30142, 84.57324, 33.28295, 22.528337,implicit, 1
4.9068794, 25.411558, 77.59509, 35.80916, 8.44636, 4.568759, 23.135908, 23.193455,implicit, 0
7.5164566, 21.256514, 80.91602, 35.80916, 5.0077047, 0.43190193, 22.167364, 21.726254,explicit:callForPass, 0
4.908081, 25.566582, 66.328705, 51.39263, 62.95984, 71.69711, 4.609313, 5.9887953,implicit, 1
4.932495, 23.668072, 77.6492, 51.392345, 88.22702, 69.32251, 4.456214, 4.8654313,implicit, 1
6.002817, 18.889675, 86.692604, 43.17127, 9.147712, 16.195381, 18.80108, 20.17372,explicit:callForPass, 0
51.635544, 13.942042, 4.8894653, 51.596474, 4.7525635, 3.5305786, 34.419353, 49.31758,implicit, 1
40.034958, 8.186686, 85.749435, 37.193928, 75.989334, 70.52577, 3.9046447, 6.3380075,implicit, 1
4.884964, 25.458174, 78.22621, 36.573154, 3.846115, 6.839569, 22.57446, 23.61171,implicit, 0
4.892288, 25.452288, 78.22621, 36.573154, 3.9409637, 6.7837677, 22.577667, 23.649117,implicit, 0
4.894348, 25.450886, 78.22621, 36.573154, 3.9510956, 6.76355, 22.532192, 23.652935,explicit:callForPass, 0
121.47829, 4.713182, 0.07946777, 19.385664, 7.4106903, 75.002426, 3.2554681, 4.929716,implicit, 1
6.892784, 18.331455, 52.667175, 23.229786, 2.581665, 1.7633057, 18.654491, 19.337978,explicit:callForPass, 0
86.4579, 11.604754, 4.4782104, 9.700267, 67.57323, 5.3071594, 5.6092834, 3.5330524,implicit, 1
4.984497, 22.74309, 23.483215, 22.11536, 12.10231, 13.068115, 25.222212, 22.356825,implicit, 0
1.3147583, 29.550325, 4.9693604, 50.254597, 41.37668, 6.442505, 21.148079, 30.98931,implicit, 1
73.33102, 10.513106, 28.314072, 8.842175, 110.43135, 12.906891, 2.9168203, 2.8422356,implicit, 1
19.414642, 17.69446, 4.9845276, 48.699436, 5.216522, 6.2319336, 23.200132, 30.321148,implicit, 1
45.905273, 8.371725, 77.507355, 39.23186, 70.60553, 49.8721, 4.327781, 6.191899,implicit, 1
4.9820404, 25.459007, 88.57385, 37.199497, 13.709518, 16.785202, 22.601046, 23.601833,implicit, 0
115.6714, 7.0184307, 10.922241, 25.037012, 37.260986, 70.14746, 3.8171976, 2.9839,implicit, 1
51.384705, 6.985486, 53.12062, 25.02894, 53.66263, 72.38399, 5.0460205, 4.527878,implicit, 1
4.953659, 21.517614, 58.402344, 26.409729, 6.989624, 11.01384, 19.948975, 20.648876,explicit:callForPass, 0
74.821594, 6.211162, 9.065857, 10.465649, 27.682083, 10.246872, 6.8381157, 3.4444435,implicit, 1
1.0847317, 21.199032, 42.901917, 22.25701, 8.294098, 5.0852356, 21.490345, 22.487707,explicit:callForPass, 0
42.395386, 15.297642, 66.6889, 39.63651, 38.346375, 59.463806, 6.120872, 4.7326365,implicit, 1
50.649277, 10.793434, 158.50859, 40.121536, 117.30942, 159.33116, 5.9741626, 2.2640176,implicit, 0
4.943924, 25.396152, 77.45998, 35.841423, 7.110031, 4.095398, 23.572456, 22.539719,implicit, 0
78.035034, 6.331128, 52.112274, 23.97887, 13.028229, 51.250214, 3.8766088, 3.5417778,implicit, 1
4.852936, 22.792736, 68.34567, 26.329294, 14.194489, 17.59497, 20.649681, 21.616524,implicit, 0
36.54508, 4.373146, 52.631836, 8.05258, 99.729126, 89.49771, 7.054977, 8.811244,implicit, 1
93.69672, 17.516321, 65.72847, 20.725042, 81.19084, 77.68199, 19.945286, 20.935549,implicit, 0
4.942463, 25.20581, 97.07154, 48.318264, 69.09843, 54.376656, 25.973589, 23.599857,implicit, 0
45.29906, 14.880204, 157.37604, 43.628838, 171.4477, 162.02774, 5.207874, 7.7529607,implicit, 0
7.1295643, 23.650742, 79.36583, 39.605606, 1.2178135, 5.0974216, 23.194956, 23.429338,explicit:callForPass, 0
4.9692817, 34.48827, 71.254456, 30.8687, 79.93347, 62.33377, 4.9031587, 5.263645,implicit, 1
0.6471453, 33.44511, 71.254456, 30.8687, 79.518616, 61.974945, 4.892088, 5.273104,implicit, 1
2.2037659, 9.9027, 41.05664, 34.006123, 29.111847, 46.068787, 4.56386, 5.222156,implicit, 1
4.952036, 24.4885, 69.31935, 30.587372, 5.844532, 6.5972548, 23.574902, 22.020805,implicit, 0
5.787552, 23.879055, 69.31935, 30.587372, 5.4967165, 6.281143, 23.470512, 21.909365,explicit:callForPass, 0

SHOOT KNOWLEDGE:
76.74539, 10.2851305, 4.9826965, 25.600395, 53.834305, 52.791885, 13.251244, 18.238245
59.922653, 13.69086, 12.509781, 26.922907, 44.91635, 44.600647, 14.736793, 16.920204
52.309692, 13.273632, 18.287933, 22.612553, 66.9382, 34.879578, 13.260625, 15.100024
151.49847, 22.38957, 4.9961243, 18.501986, 124.19037, 109.42032, 5.338136, 7.9198174
20.599167, 13.709069, 4.8660126, 18.186209, 9.35939, 8.307739, 20.07948, 16.457834
30.394573, 13.774198, 26.857056, 19.325703, 20.218204, 23.554089, 16.477608, 13.590248
53.117157, 14.718587, 21.116013, 24.898886, 35.389847, 29.867264, 15.227815, 15.793069
59.675686, 12.88783, 14.811127, 19.886837, 53.3612, 40.75486, 11.864948, 14.839569
69.54797, 13.923451, 8.408386, 25.470686, 56.57892, 64.38519, 12.342716, 12.7519865
24.021976, 16.971659, 4.872284, 9.461589, 31.689756, 31.704782, 24.908335, 11.418027

