POS KNOWLEDGE:
106.105194, 20.385487, 0.5993042, 60.073658, 23.902405, 24.08368, 75.26155, 47.3827
3.7879248, -43.36422, -39.166718, 17.469065, 0.0, 0.0, 0.0, 0
115.92445, 21.734207, 0.59936523, 56.226906, 25.04187, 25.684967, 64.23182, 36.354424
3.778694, -41.592102, -36.98558, 21.422318, 0.0, 0.0, 0.0, 0
119.68785, 21.601511, 0.5987549, 52.446976, 26.382202, 27.6053, 53.410168, 25.5556
3.8090878, -41.323383, -35.901638, 22.774982, 0.0, 0.0, 0.0, 0
121.83621, 20.5812, 0.59851074, 48.678307, 21.840261, 29.438416, 42.739655, 12.766566
3.5051644, -51.211227, -43.764763, 5.0240107, 0.0, 0.0, 0.0, 0
138.59239, 17.414005, 0.59851074, 42.31139, 18.17839, 22.962463, 29.918453, 5.23215
3.465893, -50.904827, -37.079727, 12.01544, 0.0, 0.0, 0.0, 0
172.56027, 20.880869, 57.864044, 41.330128, 30.465454, 62.96765, 15.769102, 4.747674
3.208265, -26.987473, -20.318638, 52.693893, 0.0, 0.0, 0.0, 0
174.13512, 26.875557, 64.97632, 38.304375, 70.315186, 79.056015, 7.0875926, 3.4802556
0.4633079, -28.419498, -15.29697, 56.283535, 0.0, 0.0, 0.0, -1
145.58469, 27.627523, 37.12436, 37.925976, 45.458374, 51.18654, 6.5632467, 3.1507518
0.0011970934, 0.0, 0.0, 0.0, 33.453033, 11.923858, -54.623108, 5
3.063919, 21.277113, 88.82802, 39.33481, 16.32454, 18.573822, 19.8609, 20.711926
4.083412, 2.8800764, -42.67613, -54.4438, 0.0, 0.0, 0.0, 2
0.08866882, 15.55756, 93.708664, 39.32076, 18.577255, 23.3983, 15.796754, 16.64581
1.0936496, -23.567524, -42.23839, -34.194084, 0.0, 0.0, 0.0, 1
15.753311, 13.408626, 78.98363, 38.173134, 3.6160583, 8.59259, 14.53312, 15.305526
4.3250284, -67.49904, -5.1601124, 27.34085, 0.0, 0.0, 0.0, 0
142.52664, 8.459512, 4.930284, 29.639093, 125.14003, 73.41342, 7.893551, 7.6607137
3.9917212, -54.240047, 6.5721235, 39.18783, 0.0, 0.0, 0.0, 0
4.929922, 22.978317, 91.69829, 48.260494, 72.118484, 96.85045, 14.161901, 16.391668
3.5512004, -4.3258095, -15.801019, -79.87318, 0.0, 0.0, 0.0, 2
11.138353, 14.139572, 80.66866, 48.36154, 43.31066, 75.59673, 12.183294, 11.146195
1.4547374, -48.12681, -46.264194, -5.6089945, 0.0, 0.0, 0.0, 0
42.721245, 13.912104, 49.3627, 48.367413, 13.269012, 46.033295, 11.688532, 9.100322
2.407573, -38.29314, -41.831764, -19.875092, 0.0, 0.0, 0.0, 1
73.77645, 14.015159, 23.397583, 47.12233, 7.786133, 22.925476, 7.9607577, 6.1139674
1.8484852, -28.998884, -35.135235, -35.865883, 0.0, 0.0, 0.0, 2
16.912207, 11.32152, 75.31778, 39.82094, 2.6381435, 5.8298607, 12.820283, 19.344284
3.16747, -66.24299, -28.782553, 4.9744606, 0.0, 0.0, 0.0, 0
115.89903, 8.221527, 4.8863525, 35.98627, 47.64425, 62.89582, 3.575996, 7.2738686
0.54175144, -51.135094, -22.96767, 25.897234, 0.0, 0.0, 0.0, -1
93.941216, 8.694384, 31.73233, 35.123928, 7.045166, 40.565674, 3.0843654, 6.4709373
6.7540404E-6, 0.0, 0.0, 0.0, 37.764404, 24.471165, -37.76443, 5
4.939853, 22.170427, 77.56749, 31.863869, 11.369534, 11.227592, 23.001495, 21.415848
3.9370465, -12.516405, -44.061127, -43.422474, 0.0, 0.0, 0.0, 1
4.6122627, 15.592232, 79.31663, 31.435417, 14.643784, 10.79174, 18.481112, 16.86682
8.169377, -77.348236, -19.405165, 3.2465968, 0.0, 0.0, 0.0, 0
118.02896, 5.3782625, 9.561493, 25.387825, 58.008427, 47.828766, 6.6028676, 3.7518568
0.43121073, -51.703392, -21.954872, 26.341736, 0.0, 0.0, 0.0, -1
105.52286, 5.629499, 25.282085, 24.98976, 35.14643, 25.880726, 5.491396, 3.408312
0.005524146, 0.0, 0.0, 0.0, 37.554794, 21.4963, -40.948902, 5
4.889702, 15.053356, 117.36094, 24.956614, 108.370705, 113.211464, 5.639736, 3.3716788
0.0, 0.0, 0.0, 0.0, -74.18781, -25.789932, -0.02225033, 3
7.8741035, 22.952654, 50.826492, 24.553652, 0.66044617, 3.980507, 22.467865, 23.606417
3.9683414, -15.947771, -41.484585, -42.56764, 0.0, 0.0, 0.0, 2
9.993034, 20.6438, 52.18423, 24.553652, 1.0273018, 6.772827, 21.11423, 22.32304
30.699587, -57.89214, 9.273672, 32.83419, 0.0, 0.0, 0.0, 0
167.1785, 15.861686, 160.04971, 6.407761, 163.24353, 140.08795, 18.90642, 6.374258
0.61302775, 33.400322, 31.576952, 35.022728, 0.0, 0.0, 0.0, -1
140.38904, 13.976188, 165.45854, 7.2911015, 164.48901, 96.672646, 16.764135, 6.3121057
1.4936882E-5, 0.0, 0.0, 0.0, -47.573586, -13.601533, -38.824883, 3
3.9395905, 21.101294, 72.918625, 44.366432, 74.14563, 8.449783, 45.66433, 21.27959
4.09471, -15.880314, -33.425854, -50.693832, 0.0, 0.0, 0.0, 2
2.5270844, 15.073611, 76.9767, 43.415035, 78.10423, 11.134369, 44.779316, 16.130785
3.0971093, -54.920883, -38.096123, -6.982991, 0.0, 0.0, 0.0, 0
76.61459, 8.075389, 4.8947144, 35.676422, 7.0868225, 43.393234, 19.911018, 2.5341394
3.44856, -48.546158, -1.6885505, 49.765297, 0.0, 0.0, 0.0, 0
144.07242, 15.935294, 63.77037, 29.602571, 105.819305, 83.7751, 6.9615993, 4.362675
0.72672075, -38.90966, -0.9527981, 60.13754, 0.0, 0.0, 0.0, -1
94.501724, 16.951096, 13.576553, 28.962866, 54.412186, 18.425766, 5.631423, 4.7398076
0.018392755, 0.0, 0.0, 0.0, 37.224327, 16.608763, -46.16691, 5
47.230103, 16.979982, 33.70691, 28.945429, 0.7449646, 29.643341, 5.73025, 4.769758
32.6107, -39.298786, 34.780773, 25.920439, 0.0, 0.0, 0.0, 0
1.6961517, 13.294702, 81.38156, 28.884188, 68.45543, 88.15228, 5.976874, 4.733643
32.19851, -31.936636, 33.091904, 34.971462, 0.0, 0.0, 0.0, 0
177.00525, 14.576117, 136.6, 3.3249233, 161.57529, 167.42624, 12.092095, 24.068495
0.5788026, 26.007032, 38.838963, 35.154007, 0.0, 0.0, 0.0, -1
153.27806, 12.634886, 178.3838, 4.027506, 167.11598, 160.9305, 10.063578, 22.040916
0.002046073, 0.0, 0.0, 0.0, -40.281326, -20.032589, -39.686085, 3
124.53497, 10.393183, 150.25699, 4.027916, 138.01631, 130.1505, 7.7463307, 19.117813
0.5768976, -27.515682, -36.07431, -36.410007, 0.0, 0.0, 0.0, -1
93.66295, 8.383809, 92.20476, 3.4882874, 108.49957, 99.22202, 6.3288107, 16.156025
2.9029837, 38.78102, 1.0756385, -60.14334, 0.0, 0.0, 0.0, 2
58.267967, 4.563713, 134.82642, 5.588972, 130.30481, 141.0476, 5.12046, 7.202252
2.9695425, 41.19036, 42.8734, 15.9362335, 0.0, 0.0, 0.0, -1
136.43954, 6.160772, 151.16336, 10.267089, 157.58575, 170.22797, 6.6236243, 9.740519
0.35862294, 36.516056, 39.29998, 24.183964, 0.0, 0.0, 0.0, -1
154.5813, 6.407308, 136.09543, 10.5795555, 144.33957, 160.73383, 6.5921073, 9.179605
0.0036497298, 0.0, 0.0, 0.0, -47.186634, -21.437626, -31.375738, 3
158.2077, 6.4152303, 88.97762, 10.589427, 101.97231, 125.42918, 5.688402, 7.926373
0.0, 0.0, 0.0, 0.0, -40.003426, -19.993147, -40.00343, 5
160.97559, 10.374571, 172.80246, 52.047222, 152.83633, 173.78262, 42.77549, 51.458378
0.668846, 28.58231, 43.12749, 28.290194, 0.0, 0.0, 0.0, -1
170.08391, 9.413151, 141.42462, 53.01845, 175.05032, 142.38065, 43.513943, 49.494972
0.00548577, 0.0, 0.0, 0.0, -40.15615, -20.083014, -39.760838, 3
155.07582, 9.155089, 125.63696, 53.0221, 159.11737, 126.58963, 42.041252, 48.03273
0.0022785435, 0.0, 0.0, 0.0, -39.99497, -20.00288, -40.00215, 5
123.63076, 9.153108, 94.18928, 53.02303, 127.34293, 95.134315, 39.072018, 45.01092
0.6698043, -36.977806, -33.980843, -29.041348, 0.0, 0.0, 0.0, -1
107.9624, 9.153804, 78.52475, 53.02348, 111.50278, 79.46576, 37.60682, 43.54125
3.2516937, -44.96577, -41.214825, -13.819411, 0.0, 0.0, 0.0, 0
96.77298, 7.2947903, 4.939789, 48.185276, 23.749994, 19.859213, 26.859982, 32.392715
3.781325, -50.0874, -45.6585, 4.2540984, 0.0, 0.0, 0.0, 0
127.110596, 12.62374, 8.622192, 43.154625, 41.52861, 5.998932, 12.519345, 16.841574
3.5936143, -61.09423, -25.872936, 13.03284, 0.0, 0.0, 0.0, 0
77.11911, 16.168121, 4.9329834, 43.2144, 38.931946, 5.8851624, 7.2195106, 10.067669
2.2332182, -49.629288, -34.7092, 15.661508, 0.0, 0.0, 0.0, 0
78.07468, 18.420513, 4.9329834, 41.710022, 36.048508, 5.808075, 5.2024555, 7.076045
0.46932095, -51.24161, -46.975155, -1.7832326, 0.0, 0.0, 0.0, -1
60.73503, 20.98344, 11.16098, 40.91991, 18.85176, 13.178528, 5.0284605, 5.5466714
0.0017000576, 0.0, 0.0, 0.0, 38.94384, 18.351212, -42.704945, 5
4.982376, 24.929646, 69.79253, 30.095257, 6.2787476, 5.6951294, 23.864357, 22.289455
4.043524, -11.941302, -43.863056, -44.19564, 0.0, 0.0, 0.0, 2
4.909836, 22.9824, 72.51601, 30.094791, 9.5082855, 7.533905, 22.903765, 21.384989
4.1567087, -19.711206, -40.77672, -39.512074, 0.0, 0.0, 0.0, 1
165.55927, 10.658073, 73.823395, 5.4681034, 132.38127, 95.08295, 7.23186, 2.2851934
0.6575892, 32.422905, -2.8834748, 64.69363, 0.0, 0.0, 0.0, -1
134.9709, 8.653749, 115.109726, 5.204247, 111.588715, 14.912582, 5.4454865, 1.6338605
1.1024442, 52.995758, -24.976583, -22.027658, 0.0, 0.0, 0.0, 1
119.22133, 7.107606, 130.88527, 5.20379, 98.648895, 42.204453, 4.7571006, 2.0916367
2.71988, 73.89176, 6.0608006, -20.047441, 0.0, 0.0, 0.0, 2
73.58861, 4.681253, 173.68466, 6.2914853, 65.26241, 153.62778, 2.8085248, 3.0115695
2.5514631, 46.10852, 26.443077, -27.448406, 0.0, 0.0, 0.0, 2
56.287163, 4.0407014, 129.82217, 8.683819, 97.12082, 138.5639, 3.6048908, 4.5029683
3.160273, 39.947254, 42.88921, -17.163536, 0.0, 0.0, 0.0, 2
61.878372, 2.5608017, 121.601974, 9.479915, 116.88902, 142.08855, 3.6946478, 4.8556333
2.7076697, 41.2993, 41.933662, 16.767035, 0.0, 0.0, 0.0, -1
137.83096, 6.1294203, 138.41373, 55.5905, 137.38745, 166.75537, 55.05191, 57.384308
2.5373602, -42.377247, -31.71356, -25.909195, 0.0, 0.0, 0.0, 0
27.453857, 3.8800962, 4.938843, 53.2219, 3.8848267, 33.92369, 52.65307, 50.849022
3.775005, -49.160976, -45.684006, -5.155016, 0.0, 0.0, 0.0, 0
177.00183, 11.506377, 4.9438477, 38.088947, 3.6922302, 39.976868, 8.715461, 9.08021
3.1800206, -60.114143, -6.7310066, 33.15485, 0.0, 0.0, 0.0, 0
156.09508, 13.163303, 31.096985, 36.42332, 29.8042, 69.96579, 5.3394594, 6.00376
0.6241929, -41.198273, -7.5169735, 51.284756, 0.0, 0.0, 0.0, -1
127.64729, 13.76884, 64.03348, 35.948257, 68.803986, 105.97351, 4.775401, 5.964804
0.0014130138, 0.0, 0.0, 0.0, 44.073536, 11.239167, -44.6873, 5
4.949646, 24.337244, 88.03044, 36.58225, 15.495865, 15.002075, 23.483412, 22.173878
4.137003, 3.4225357, -42.866245, -53.711224, 0.0, 0.0, 0.0, 2
13.48497, 15.447718, 78.695496, 36.40757, 4.964157, 1.491333, 18.886526, 17.306253
2.8221264, -76.55278, -14.491103, 8.956122, 0.0, 0.0, 0.0, 0
168.38011, 8.63362, 39.85028, 26.350784, 134.75386, 78.511, 4.1681676, 2.5402086
2.8735137, -27.3981, 29.565004, 43.036896, 0.0, 0.0, 0.0, 0
174.12225, 9.672885, 42.98015, 24.448982, 68.488434, 79.076584, 1.9380802, 3.3821487
0.5692476, -31.32322, -10.490173, 58.186607, 0.0, 0.0, 0.0, -1
157.52881, 8.679001, 27.968872, 24.210503, 57.55629, 59.303497, 2.1256177, 3.2722871
0.013272222, 0.0, 0.0, 0.0, 37.563515, 14.214161, -48.22233, 5
50.97708, 8.6637945, 49.785217, 21.823305, 32.322876, 19.705795, 9.120605, 9.56804
29.564638, -19.305902, 37.11188, 43.58221, 0.0, 0.0, 0.0, 0
133.41707, 4.411637, 40.30655, 19.390436, 77.36093, 49.875305, 4.173195, 3.8084073
27.568071, -15.750276, 40.3161, 43.933624, 0.0, 0.0, 0.0, 0
107.66445, 20.134035, 92.6154, 10.07489, 116.93128, 121.92101, 12.902249, 19.900223
0.0022397107, 0.0, 0.0, 0.0, -39.615013, -20.82991, -39.555077, 3
3.8335724, 17.317442, 111.841125, 42.701622, 77.506546, 63.369003, 19.206177, 10.853219
0.7314465, -15.443577, -45.93903, -38.617393, 0.0, 0.0, 0.0, -1
35.35312, 16.316654, 81.65564, 43.08164, 50.51117, 45.782257, 16.733908, 7.987421
2.6747308, -50.527744, -41.420933, -8.051325, 0.0, 0.0, 0.0, 0
134.98177, 17.152115, 12.857346, 41.37207, 50.02887, 20.672882, 7.9335537, 4.492416
0.009372643, 0.0, 0.0, 0.0, 32.74575, 14.157634, -53.09661, 5
79.01001, 17.169807, 43.219147, 41.336582, 10.810608, 44.12561, 5.9027333, 5.086237
9.5139426E-4, 0.0, 0.0, 0.0, 39.999493, 20.001862, -39.998646, 5
12.932602, 13.749887, 81.103485, 39.47544, 3.5636292, 7.825119, 17.450077, 16.466928
2.155199, -74.87687, -18.27909, 6.844038, 0.0, 0.0, 0.0, 0
123.49302, 7.2401724, 4.9579163, 26.858885, 59.761475, 54.488876, 7.3684106, 3.5936992
0.47587684, -49.200882, -2.0891683, 48.709953, 0.0, 0.0, 0.0, -1
96.37506, 6.0029197, 32.620895, 26.033457, 21.779373, 13.221481, 5.549834, 3.0304065
9.132781E-4, 0.0, 0.0, 0.0, 38.287785, 21.930424, -39.78179, 5
169.34741, 43.69897, 174.8115, 52.010242, 178.76477, 174.86154, 27.386631, 49.543507
0.62936145, 33.442345, 33.40391, 33.153736, 0.0, 0.0, 0.0, -1
138.13431, 41.92972, 143.47534, 52.987175, 147.18903, 143.52545, 25.419178, 47.58021
0.0034267616, 0.0, 0.0, 0.0, -39.999935, -20.000294, -39.999775, 3
90.95579, 37.51901, 96.29618, 52.992058, 99.81602, 96.34556, 21.025043, 43.172535
0.5887632, -33.460175, -33.429554, -33.11027, 0.0, 0.0, 0.0, -1
75.22226, 36.049217, 80.56268, 52.992516, 83.99921, 80.61182, 19.551647, 41.700836
2.6253018, -33.490147, -33.45885, -33.051, 0.0, 0.0, 0.0, 0
0.6998596, 27.28916, 4.891266, 51.65918, 7.8415527, 4.940399, 10.77654, 32.91798
2.9533088, -34.29863, -29.76499, -35.936382, 0.0, 0.0, 0.0, 2
39.313934, 18.598818, 44.58264, 48.753574, 50.780884, 45.352814, 4.877781, 22.672762
3.1129558, -36.993015, -25.273619, -37.733364, 0.0, 0.0, 0.0, 2
51.029816, 17.488047, 55.329742, 48.000607, 69.076965, 58.127228, 4.5372124, 19.05187
2.959881, -36.75242, -26.528315, -36.719273, 0.0, 0.0, 0.0, 0
32.217377, 16.62288, 40.22464, 47.7419, 55.573563, 43.84482, 4.487988, 17.349823
3.1572294, -36.21875, -26.820862, -36.96039, 0.0, 0.0, 0.0, 2
11.599548, 14.36542, 29.019562, 46.766945, 47.779114, 34.346344, 3.99333, 13.407071
2.1608908, -36.7314, -29.911732, -33.356865, 0.0, 0.0, 0.0, 0
19.39801, 9.651898, 28.04776, 44.347137, 56.03717, 36.738983, 2.8224835, 7.1436234
0.3540571, -40.825928, -38.71006, -20.464008, 0.0, 0.0, 0.0, -1
8.787079, 8.208122, 59.417908, 43.743637, 77.286804, 61.95349, 2.1901278, 5.2872
0.0020397478, 0.0, 0.0, 0.0, 64.40849, 29.631525, -5.959985, 5
4.9029846, 7.652239, 73.147064, 43.743332, 82.08481, 72.72482, 2.228414, 4.955669
5.3992146E-4, 0.0, 0.0, 0.0, 56.233944, 28.052906, 15.713152, -1
4.934828, 21.47719, 85.5058, 38.130707, 9.43391, 6.4930515, 20.924557, 19.463013
3.955237, 4.057482, -47.05574, -48.886776, 0.0, 0.0, 0.0, 2
0.40920258, 14.341558, 99.370605, 38.786133, 13.544123, 14.801389, 16.23638, 14.679161
0.83892715, -3.791229, -49.94667, -46.262104, 0.0, 0.0, 0.0, -1
15.839529, 12.421798, 84.591484, 38.96203, 1.3726072, 0.025481224, 15.617862, 14.065947
2.909731, -75.65112, -6.9336376, 17.415245, 0.0, 0.0, 0.0, 0
126.83021, 9.562891, 4.8843384, 33.34407, 90.215546, 60.555916, 7.945242, 3.2824454
2.863251, -52.842426, 6.208806, 40.94877, 0.0, 0.0, 0.0, 0
135.64417, 10.10664, 4.29953, 28.363037, 62.251343, 26.47705, 7.747586, 3.5864828
0.0021080112, 0.0, 0.0, 0.0, 37.316547, 18.057392, -44.62606, 5
73.262405, 7.6452346, 42.862213, 28.362606, 12.824707, 42.092438, 8.272162, 4.91819
0.001897812, 0.0, 0.0, 0.0, 39.35529, 20.06803, -40.57668, 5
4.895277, 24.156649, 96.13203, 48.181816, 40.18284, 52.203865, 33.60117, 37.444473
4.0738015, 5.4815593, -40.24105, -54.27739, 0.0, 0.0, 0.0, 2
3.6942825, 15.388199, 100.016106, 48.504047, 34.98104, 47.44976, 19.12145, 26.969973
0.8853094, -12.942373, -45.28408, -41.773544, 0.0, 0.0, 0.0, -1
22.416243, 13.371279, 85.10673, 48.595432, 21.786448, 33.414192, 17.091623, 24.91512
2.9828014, -45.891808, -35.834705, -18.273489, 0.0, 0.0, 0.0, 0
89.63783, 3.8750486, 4.9489913, 43.59521, 45.738068, 45.878326, 6.415708, 13.169205
3.1203609, -57.461082, -17.838587, 24.700323, 0.0, 0.0, 0.0, 0
123.07977, 3.8400981, 12.62384, 43.00721, 31.644836, 33.904022, 3.4276698, 6.6774063
0.49283955, -44.792503, -27.720087, 27.48741, 0.0, 0.0, 0.0, -1
110.40484, 4.0712523, 28.331299, 42.695114, 7.1464233, 17.282227, 3.3027458, 6.5783916
0.0037798015, 0.0, 0.0, 0.0, 31.656002, 19.600592, -48.743412, 5
0.9454231, 15.107994, 90.34354, 38.319424, 23.5372, 17.679434, 17.317657, 16.133224
1.1073806, -26.899853, -40.37634, -32.72381, 0.0, 0.0, 0.0, 1
50.62352, 14.420401, 47.19184, 36.979645, 39.864006, 40.18734, 16.71563, 15.499666
2.8045027, -80.55946, -6.287349, 13.15319, 0.0, 0.0, 0.0, 0
121.10829, 9.719812, 12.904877, 30.86111, 58.232056, 42.122623, 4.791094, 2.4542859
0.3124751, -48.519554, -20.136164, 31.344282, 0.0, 0.0, 0.0, -1
106.60752, 9.932824, 28.681244, 30.555832, 32.824688, 15.208191, 4.1245174, 2.411272
0.0023975447, 0.0, 0.0, 0.0, 37.904564, 24.195877, -37.899563, 5
102.702545, 9.002908, 4.9512396, 27.497707, 79.68121, 74.065186, 9.320458, 8.970404
3.7989488, -65.84367, 4.555814, 29.600515, 0.0, 0.0, 0.0, 0
104.94209, 6.440417, 4.9964294, 25.995188, 74.15125, 53.078022, 6.777128, 6.03744
3.1295023, -61.613075, 2.9577975, 35.429123, 0.0, 0.0, 0.0, 0
124.88788, 5.521862, 4.9964905, 24.441101, 96.66511, 51.62552, 4.532876, 4.143709
3.1265302, -31.145617, 32.38093, 36.47345, 0.0, 0.0, 0.0, 0
144.78448, 6.1603384, 57.620758, 19.39336, 136.2796, 80.250305, 6.7754636, 3.025141
0.3532266, -31.970951, 23.702467, 44.326584, 0.0, 0.0, 0.0, -1
155.25601, 5.1169353, 50.310272, 19.228846, 119.32663, 65.201355, 7.0157638, 3.1216445
0.0057637733, 0.0, 0.0, 0.0, 41.24726, 17.789928, -40.96281, 5
124.54834, 3.7988544, 81.773254, 19.22337, 131.62465, 80.58304, 7.026337, 3.5494955
0.0, 0.0, 0.0, 0.0, 35.60079, 18.304869, -46.09434, 5
1.7738342, 23.128103, 59.11963, 24.204117, 13.306717, 10.541138, 22.437414, 23.648695
4.239476, -16.629314, -41.496674, -41.874012, 0.0, 0.0, 0.0, 2
168.70946, 22.314135, 172.62833, 52.082043, 171.15665, 140.05447, 48.432774, 33.01931
0.63343364, 36.373676, 32.520134, 31.106197, 0.0, 0.0, 0.0, -1
161.2612, 21.697659, 141.12912, 53.04693, 139.69913, 173.46234, 46.453564, 30.819635
0.0048493827, 0.0, 0.0, 0.0, -41.134373, -17.751678, -41.11395, 3
145.66862, 21.671038, 125.49333, 53.05023, 124.069016, 170.5232, 44.9848, 29.357338
0.0023548426, 0.0, 0.0, 0.0, -39.71793, -20.561466, -39.720604, 5
114.12278, 21.672194, 93.94959, 53.050884, 92.537575, 138.11111, 42.046177, 26.43985
0.6845709, -35.929546, -30.871088, -33.199368, 0.0, 0.0, 0.0, -1
98.463684, 21.67278, 78.291565, 53.05122, 76.88641, 121.94592, 40.574238, 24.991488
2.7878776, -36.524017, -31.723076, -31.752903, 0.0, 0.0, 0.0, 0
24.53151, 18.914507, 4.9928894, 45.558796, 3.412445, 40.743713, 13.785399, 4.482822
2.5852964, -42.481606, -37.359913, -20.158474, 0.0, 0.0, 0.0, 0
26.729706, 18.625029, 8.442078, 43.309933, 7.738159, 33.703506, 8.308356, 2.77075
2.2071853, -52.732502, -42.253937, 5.0135617, 0.0, 0.0, 0.0, 0
31.957474, 18.807589, 14.365387, 42.85192, 15.810822, 19.942902, 7.676352, 2.3126926
0.79501134, -34.307068, -33.64255, -32.05038, 0.0, 0.0, 0.0, -1
0.88183594, 16.463318, 9.981903, 41.93829, 6.0563354, 22.274475, 5.361591, 4.6139402
1.535976E-4, 0.0, 0.0, 0.0, 60.541363, 30.103388, 9.355246, -1
5.173401, 15.120488, 17.536285, 41.93829, 12.725525, 29.84665, 5.267131, 4.660082
3.9717715E-4, 0.0, 0.0, 0.0, 66.44547, 33.26368, -0.29083955, 5
4.882416, 13.459903, 34.029816, 41.938313, 30.056458, 46.0235, 5.34915, 4.578026
3.2799327E-4, 0.0, 0.0, 0.0, 66.44528, 33.308567, 0.246152, -1
4.980362, 12.900675, 39.859055, 41.9384, 35.366684, 51.915512, 5.305739, 4.6088595
2.2805581E-4, 0.0, 0.0, 0.0, 66.47896, 33.295803, -0.22524099, 5
4.968582, 12.344809, 46.01773, 41.93839, 40.652466, 58.357788, 5.171081, 4.6879396
1.555542E-4, 0.0, 0.0, 0.0, 66.77993, 33.16016, 0.059907876, -1
4.958481, 11.786891, 52.49437, 41.938385, 48.18181, 64.70836, 5.3282475, 4.6161723
3.9190392E-5, 0.0, 0.0, 0.0, 66.54871, 33.214493, -0.23679006, 5
0.18084717, 14.718622, 94.4973, 36.611958, 15.58371, 19.254654, 16.254555, 17.704762
1.0678905, -22.688747, -42.669575, -34.64168, 0.0, 0.0, 0.0, 1
16.280975, 12.566965, 79.518005, 36.66267, 0.17959595, 3.9365234, 15.593983, 17.05714
2.989412, -73.37638, -10.814008, 15.80961, 0.0, 0.0, 0.0, 0
158.30927, 4.505098, 4.910736, 29.266844, 60.203064, 112.843735, 2.6026704, 5.8614483
3.3204966, -34.247936, 39.863552, 25.888508, 0.0, 0.0, 0.0, 0
124.435036, 6.051351, 62.243942, 21.09322, 87.068085, 151.6888, 3.0571742, 6.9158955
3.7866838, -24.992521, 31.087135, 43.920338, 0.0, 0.0, 0.0, 0
169.73582, 12.522964, 64.93262, 16.176346, 76.088745, 134.92068, 3.164367, 3.044854
3.4094312, -30.283918, 25.304419, 44.41166, 0.0, 0.0, 0.0, 0
178.81494, 16.726122, 16.578186, 9.018494, 95.642494, 98.436066, 2.2006261, 3.1202164
1.8732116, -44.024605, 16.579857, 39.39554, 0.0, 0.0, 0.0, 0
141.36694, 19.626625, 30.431671, 5.8477874, 70.441826, 100.703156, 2.5905166, 2.200185
1.9244229, 19.99462, 43.294807, 36.71057, 0.0, 0.0, 0.0, -1
128.87451, 19.94893, 51.37937, 5.4794035, 60.91049, 112.84481, 2.1655066, 2.443729
2.624085, 53.269863, 21.11926, -25.610872, 0.0, 0.0, 0.0, 2
69.97798, 16.334637, 132.988, 6.430642, 81.56288, 133.30144, 1.6687479, 4.083693
2.48289, 41.549267, 30.906904, 27.543835, 0.0, 0.0, 0.0, -1
72.49425, 14.590751, 137.40694, 6.976664, 122.36957, 135.5847, 1.7979692, 4.3271027
3.2754889, 8.605975, 27.924088, 63.46994, 0.0, 0.0, 0.0, -1
145.18027, 9.878908, 94.775475, 7.3673844, 103.97668, 91.31698, 2.504244, 3.9409935
3.2151818, 23.346725, 33.15431, 43.498966, 0.0, 0.0, 0.0, -1
174.58249, 9.722453, 137.19397, 10.0222845, 163.014, 137.014, 3.615647, 5.2700105
0.3586303, 28.90284, 33.563324, 37.533836, 0.0, 0.0, 0.0, -1
152.07367, 7.6963983, 108.198166, 10.450121, 123.72806, 104.18918, 3.1289804, 5.3212347
0.0, 0.0, 0.0, 0.0, -52.413074, -24.968485, -22.618439, 3
132.39365, 4.6860857, 61.007004, 10.450121, 68.25012, 48.01419, 3.3027284, 4.261034
0.0, 0.0, 0.0, 0.0, 20.59927, 17.376211, -62.02452, 5
1.6184368, 23.360733, 76.35066, 44.867805, 9.931715, 6.2488146, 23.912622, 23.593018
4.543855, -9.509344, -45.47825, -45.01241, 0.0, 0.0, 0.0, 1
1.6045189, 16.210815, 81.14696, 44.49678, 12.200577, 1.0180664, 20.120043, 19.443039
2.9744534, -49.66239, -26.703447, -23.634161, 0.0, 0.0, 0.0, 0
115.48137, 7.15393, 4.9608154, 39.364365, 52.640167, 108.95762, 4.811271, 11.89411
3.5922863, -61.57004, 4.563789, 33.86617, 0.0, 0.0, 0.0, 0
111.41655, 6.3729806, 4.960388, 37.109276, 49.487213, 112.88624, 3.0284932, 9.0176325
2.2522929, -30.8404, 29.829556, 39.330044, 0.0, 0.0, 0.0, 0
130.42204, 6.7888875, 43.724167, 33.969074, 72.80763, 133.25333, 3.5410745, 10.51388
0.72343016, -72.27098, -24.989979, 2.7390392, 0.0, 0.0, 0.0, -1
96.66417, 7.217074, 13.0911255, 33.66734, 30.236298, 88.85381, 4.0229244, 10.87352
1.7038696, -24.698582, -38.607334, -36.694084, 0.0, 0.0, 0.0, 1
80.86842, 7.217317, 2.7037048, 33.66714, 6.049835, 68.26741, 4.398693, 10.935107
2.1870258, -26.428616, -35.449154, -38.122227, 0.0, 0.0, 0.0, 2
4.886162, 25.423395, 68.68864, 30.337269, 6.3340225, 4.725731, 24.08221, 22.642002
3.965857, -5.5548606, -46.51426, -47.930885, 0.0, 0.0, 0.0, 2
4.849205, 23.135038, 71.82462, 30.336964, 9.252403, 7.652481, 23.336023, 21.712465
4.259347, -9.596283, -45.162968, -45.24075, 0.0, 0.0, 0.0, 2
118.30674, 5.6342206, 4.9452515, 23.393888, 73.838135, 64.082275, 9.540293, 4.2807875
2.730397, -51.905006, 9.560352, 38.534645, 0.0, 0.0, 0.0, 0
150.40585, 6.3453927, 4.9446716, 21.138746, 76.19211, 70.18672, 6.091851, 2.4067209
2.9901903, -27.631262, 35.9163, 36.452435, 0.0, 0.0, 0.0, 0
153.36201, 6.9369626, 41.535004, 20.073454, 113.54399, 88.26701, 4.595538, 2.0790322
3.846864, -24.823591, 35.574734, 39.601677, 0.0, 0.0, 0.0, 0
159.50829, 6.817926, 59.60678, 17.41891, 139.67018, 98.8365, 6.260074, 2.931368
3.1681921, -28.293211, 27.040363, 44.666428, 0.0, 0.0, 0.0, 0
121.32901, 11.497882, 55.91458, 14.800865, 95.419846, 76.582184, 7.567019, 3.0512373
0.2963933, -43.267765, 4.9225593, 51.809673, 0.0, 0.0, 0.0, -1
99.400055, 11.185787, 40.798096, 14.663915, 72.20035, 52.83302, 7.477134, 3.1735752
0.0034825185, 0.0, 0.0, 0.0, 13.842906, 6.0073833, -80.14971, 5
0.63305473, 11.071422, 29.01262, 14.658761, 23.64846, 32.84999, 4.7971506, 3.3391662
0.0011154482, 0.0, 0.0, 0.0, 61.026783, 27.750195, 11.223025, -1
4.9425697, 10.588708, 29.69915, 14.658761, 25.666008, 32.288506, 4.536932, 3.0070403
0.0018706667, 0.0, 0.0, 0.0, 66.6593, 33.289555, -0.051149998, 5
4.8780174, 9.4748, 45.338966, 14.658215, 41.36518, 47.983376, 4.5047784, 2.9905038
0.0013807162, 0.0, 0.0, 0.0, 66.45716, 33.434032, 0.10881136, -1
4.8814125, 8.917421, 53.843494, 14.657944, 49.914112, 56.30843, 4.513579, 2.9721558
5.5197015E-4, 0.0, 0.0, 0.0, 66.61149, 33.365, -0.023511495, 5
4.9050674, 7.252857, 82.872215, 14.657321, 79.05303, 85.368095, 4.5090017, 2.96555
6.4793734E-5, 0.0, 0.0, 0.0, 66.594086, 33.359585, 0.04632938, -1
6.449806, 5.67095, 106.13647, 14.692069, 105.42806, 113.94042, 4.5499496, 3.0537612
16.163147, -33.740265, 27.710537, 38.549202, 0.0, 0.0, 0.0, 0
113.92471, 4.6990275, 77.43233, 12.849506, 123.33357, 148.53304, 4.730948, 3.843699
14.337851, -29.47587, 28.976055, 41.54807, 0.0, 0.0, 0.0, 0
140.89001, 11.539307, 125.6469, 3.0008028, 172.14246, 142.39355, 4.365897, 8.05494
1.7134436, 67.19527, 26.455793, 6.348949, 0.0, 0.0, 0.0, -1
93.67856, 11.539165, 172.86063, 3.0007734, 136.83543, 76.6076, 3.7617974, 5.1442223
3.1431255, 57.478165, 9.925802, -32.596035, 0.0, 0.0, 0.0, 2
45.914566, 10.647475, 134.40657, 6.0288763, 128.04839, 102.44707, 4.6762495, 2.647717
3.4724107, 38.479984, 38.162823, -23.357191, 0.0, 0.0, 0.0, 2
63.77452, 8.162753, 153.59682, 8.953226, 165.46422, 163.47173, 6.8494563, 5.253808
1.4381466, 40.100548, 43.594536, -16.304916, 0.0, 0.0, 0.0, 2
66.8258, 7.5126233, 151.32056, 10.229544, 166.08987, 165.84296, 7.7964807, 6.1383796
0.35338858, 41.095047, 44.94056, -13.964393, 0.0, 0.0, 0.0, -1
53.34179, 7.39471, 136.22769, 10.533205, 152.51382, 152.65652, 7.900725, 6.2146893
0.0034339784, 0.0, 0.0, 0.0, -57.50174, -32.628338, 9.869923, 3
102.70747, 26.829676, 141.70781, 53.01792, 141.8209, 173.97523, 49.19493, 32.966537
0.0040453398, 0.0, 0.0, 0.0, -39.701897, -20.258938, -40.03916, 5
70.66524, 24.581266, 110.197876, 53.02238, 110.31015, 141.94226, 46.2594, 30.043625
0.00227445, 0.0, 0.0, 0.0, -43.396397, -22.224266, -34.379333, 3
54.899094, 23.864227, 94.525085, 53.022823, 94.63693, 125.96973, 44.787876, 28.58106
0.6920957, -37.332283, -34.50899, -28.15873, 0.0, 0.0, 0.0, -1
39.04013, 23.14849, 78.763794, 53.02326, 78.87521, 109.877106, 43.318768, 27.121317
2.5755632, -37.71308, -34.813736, -27.473185, 0.0, 0.0, 0.0, 0
51.674744, 16.847805, 4.882416, 45.501774, 5.0097046, 28.892761, 16.489431, 5.033347
2.3889904, -47.275085, -49.383686, 3.341223, 0.0, 0.0, 0.0, 1
99.134, 16.148853, 37.02124, 43.685997, 39.151672, 38.651886, 9.672039, 4.691243
2.211897, -45.641266, -24.911564, 29.447168, 0.0, 0.0, 0.0, 0
117.33688, 17.389626, 51.49536, 42.578884, 69.31955, 66.59677, 8.2205515, 4.415956
0.6450946, -40.677376, -11.523654, 47.798973, 0.0, 0.0, 0.0, -1
62.965057, 18.08096, 5.8265686, 42.12836, 31.303955, 18.317047, 6.5812154, 4.4997864
0.002024157, 0.0, 0.0, 0.0, 32.89711, 14.303244, -52.79964, 5
22.60765, 18.704851, 25.544144, 42.127575, 3.2159119, 20.871384, 6.127891, 4.7730002
0.0019341636, 0.0, 0.0, 0.0, 33.33111, 26.305336, -40.363556, 5
125.89704, 32.315483, 173.83002, 52.002426, 175.18475, 172.61902, 51.293175, 49.985554
0.614696, 34.876865, 35.867783, 29.255354, 0.0, 0.0, 0.0, -1
94.304016, 33.055313, 142.0277, 52.970547, 143.34761, 140.8405, 49.32278, 50.953064
0.0033298272, 0.0, 0.0, 0.0, -42.559544, -21.27625, -36.164207, 3
47.11917, 33.058136, 94.837006, 52.975075, 96.14215, 93.64993, 44.91404, 50.95759
0.64473236, -37.548378, -37.539494, -24.912136, 0.0, 0.0, 0.0, -1
31.380066, 33.058384, 79.097305, 52.975548, 80.39656, 77.914474, 43.34763, 49.87901
2.5400906, -37.792435, -37.783096, -24.424469, 0.0, 0.0, 0.0, 0
31.866745, 27.045986, 16.080307, 52.330345, 17.374985, 14.8983, 36.8203, 43.355473
3.6931844, -37.23, -36.272785, -26.497215, 0.0, 0.0, 0.0, 0
46.83481, 22.04443, 4.893799, 50.073986, 6.246887, 3.6627197, 30.144794, 36.68935
3.767974, -37.790607, -36.425426, -25.783962, 0.0, 0.0, 0.0, 0
53.791718, 19.889109, 4.894043, 47.00779, 6.3345947, 3.579834, 21.10993, 27.88068
3.7690716, -37.907127, -35.959667, -26.133207, 0.0, 0.0, 0.0, 0
100.00485, 17.519537, 24.110687, 40.940815, 26.602478, 34.044037, 5.6420803, 10.921322
0.7244158, -32.404045, -21.721363, 45.87459, 0.0, 0.0, 0.0, -1
128.00731, 17.966562, 55.134766, 40.465126, 61.174683, 77.29288, 4.721825, 9.304936
0.002315187, 0.0, 0.0, 0.0, -20.26412, -20.347397, -59.38848, 5
76.75131, 18.02243, 22.740906, 40.46625, 26.453796, 51.904602, 4.819106, 6.171858
0.0018038256, 0.0, 0.0, 0.0, 22.692268, -11.08373, -66.224, 5
4.974533, 10.013122, 34.39749, 40.46718, 34.38626, 31.340881, 4.495359, 6.0638356
0.0017444661, 0.0, 0.0, 0.0, 55.91039, 44.016014, -0.073592566, 5
4.972107, 9.439748, 34.39798, 40.46718, 32.94464, 33.165558, 4.5247355, 6.093541
0.001122073, 0.0, 0.0, 0.0, 61.210526, 37.123734, 1.6657403, -1
4.9556274, 7.8266144, 48.76065, 40.467567, 44.16638, 53.955963, 4.676889, 5.978757
7.436829E-4, 0.0, 0.0, 0.0, 55.98922, 27.925978, -16.084797, 5
4.945114, 15.587433, 88.28471, 36.609905, 11.046143, 16.2276, 17.736506, 17.53887
1.2154585, -33.300747, -39.007626, -27.69163, 0.0, 0.0, 0.0, 1
20.735855, 14.994455, 73.58331, 35.278786, 4.1274567, 1.2522278, 16.757994, 16.309036
3.4434793, -74.46996, -3.2733428, 22.256693, 0.0, 0.0, 0.0, 0
114.16803, 16.80016, 4.878006, 29.68309, 96.671524, 80.623856, 15.141384, 9.066348
3.779945, -64.46616, 6.7358747, 28.797955, 0.0, 0.0, 0.0, 0
122.49088, 18.478355, 4.881531, 26.62444, 101.10794, 71.5103, 10.231911, 4.228789
2.776043, -38.584164, 24.437206, 36.978626, 0.0, 0.0, 0.0, 0
165.8774, 14.081882, 57.477417, 21.96107, 144.95512, 106.912285, 3.4181201, 2.5863647
3.3861394, -25.277107, 28.745544, 45.977345, 0.0, 0.0, 0.0, 0
147.3973, 15.885142, 63.947876, 19.705673, 67.78705, 93.83772, 1.7140326, 2.9914834
0.6126481, -37.69863, -1.4958091, 60.805557, 0.0, 0.0, 0.0, -1
132.79677, 16.309351, 49.592056, 19.449963, 63.110626, 74.42383, 1.6546531, 3.0215938
0.016055679, 0.0, 0.0, 0.0, 30.034304, 11.35299, -58.612705, 5
5.43425, 23.415827, 87.23518, 47.901253, 37.804764, 19.555664, 22.857561, 22.465216
4.2709775, -8.215965, -45.05795, -46.726086, 0.0, 0.0, 0.0, 2
1.957901, 15.993649, 87.13658, 47.28976, 28.56636, 13.104828, 19.660774, 18.373152
1.3781669, -33.766087, -38.049656, -28.184261, 0.0, 0.0, 0.0, 1
13.937439, 13.85514, 72.1768, 47.203297, 13.671082, 2.3526611, 18.961456, 17.709269
2.8036873, -62.761826, -28.060766, -9.177415, 0.0, 0.0, 0.0, 0
102.9628, 10.408594, 4.999954, 43.171326, 44.62996, 82.110504, 6.10644, 7.4071655
2.9332385, -58.72573, 7.217859, 34.05642, 0.0, 0.0, 0.0, 0
161.26634, 9.741333, 28.346191, 37.65539, 48.732697, 154.31679, 3.1011367, 4.1487775
3.5878792, -26.994345, 22.871927, 50.133728, 0.0, 0.0, 0.0, 0
179.51625, 9.370893, 64.942764, 33.62771, 72.15622, 53.93976, 4.658565, 2.6908178
1.417659, -29.51507, -15.419928, 55.065, 0.0, 0.0, 0.0, 0
179.22583, 10.120408, 64.43236, 33.252144, 71.07498, 37.75653, 4.679725, 2.6408365
0.39255223, -24.282936, -29.151335, 46.565727, 0.0, 0.0, 0.0, -1
136.70102, 12.314772, 33.9402, 32.92597, 35.22711, 28.408875, 4.926956, 3.8050783
3.454063E-5, 0.0, 0.0, 0.0, 23.603745, 15.003393, -61.39286, 5
76.78764, 15.491843, 13.274109, 32.92604, 12.165726, 36.230896, 4.935983, 6.2668753
0.0, 0.0, 0.0, 0.0, 36.975872, 15.47895, -47.54518, 5
18.661545, 18.568047, 60.758408, 32.92604, 59.649063, 80.63216, 4.935866, 5.635774
0.0, 0.0, 0.0, 0.0, 44.313656, -1.8187946, -53.86755, 5
12.826078, 23.323406, 81.94553, 48.352577, 43.446754, 42.7949, 21.985996, 23.620916
4.0395994, 10.417879, -31.945276, -57.636845, 0.0, 0.0, 0.0, 2
1.7907467, 14.626753, 96.837105, 48.926716, 38.255928, 41.10279, 16.613455, 19.075665
0.938974, -15.710017, -45.40357, -38.886414, 0.0, 0.0, 0.0, -1
17.519073, 13.883325, 81.73964, 49.072773, 24.063244, 26.757824, 16.102324, 18.589027
2.3750737, -56.813725, -31.460953, 11.725329, 0.0, 0.0, 0.0, 0
126.46006, 5.1023574, 4.853668, 44.85186, 38.69223, 55.950806, 4.422631, 9.442493
2.317212, -46.054283, -29.234215, 24.7115, 0.0, 0.0, 0.0, 0
22.822754, 4.7857428, 94.0802, 42.38802, 94.69687, 79.135284, 5.0941396, 7.8112774
6.3981244E-4, 0.0, 0.0, 0.0, -62.2047, -32.897, -4.898298, 3
5.1075983, 7.9494867, 71.38292, 42.388668, 79.071945, 61.03697, 5.044607, 5.1226616
0.0, 0.0, 0.0, 0.0, 59.792786, 28.886196, -11.321018, 5
142.06168, 9.124028, 4.933197, 26.841326, 79.398964, 104.06286, 2.640671, 6.9658036
3.5275877, -24.790688, 33.02111, 42.188206, 0.0, 0.0, 0.0, 0
167.65482, 13.543809, 64.91022, 20.252329, 96.58756, 116.12328, 3.0455122, 7.862036
2.8425314, -29.287428, 13.708186, 57.004387, 0.0, 0.0, 0.0, 0
169.8751, 14.07179, 74.60419, 17.628405, 95.985695, 89.004135, 3.049487, 6.8026543
0.32991916, -30.272427, -10.305988, 59.42158, 0.0, 0.0, 0.0, -1
154.6671, 12.85415, 92.07779, 17.471758, 104.58332, 97.68515, 3.1663969, 6.3075395
0.0032340684, 0.0, 0.0, 0.0, 24.573235, 8.089404, -67.33736, 5
99.76141, 7.85766, 171.58566, 17.466736, 170.07587, 178.20538, 3.5533226, 5.0519524
0.0012257056, 0.0, 0.0, 0.0, -35.655758, -21.076283, -43.267963, 5
87.24885, 7.6845713, 172.69757, 17.466295, 175.70007, 165.83951, 3.4751801, 4.898438
7.798607E-4, 0.0, 0.0, 0.0, -40.35659, -19.525543, -40.11787, 3
72.06741, 7.6619253, 157.05348, 17.465837, 161.69945, 150.51219, 3.369814, 4.755568
3.0660888E-4, 0.0, 0.0, 0.0, -39.44523, -19.087381, -41.46739, 5
157.54628, 37.93746, 134.40523, 53.236465, 155.61076, 153.69035, 49.549187, 46.141605
0.0014556136, 0.0, 0.0, 0.0, -39.952248, -20.089603, -39.95815, 5
126.052765, 35.005417, 102.91194, 53.236843, 124.77699, 122.04295, 47.189255, 43.236324
0.3030026, -35.1313, -32.84667, -32.022022, 0.0, 0.0, 0.0, -1
110.35455, 33.53427, 87.21359, 53.236526, 108.99823, 106.25902, 45.71993, 41.76639
1.7934281, -35.185272, -32.893307, -31.92142, 0.0, 0.0, 0.0, 0
2.961609, 16.44935, 4.937317, 43.887417, 40.909927, 28.476166, 17.542797, 11.106754
3.1457942, -36.204872, -29.874157, -33.92097, 0.0, 0.0, 0.0, 0
12.149506, 14.250501, 4.938965, 40.88121, 45.38141, 22.742035, 10.059955, 5.381272
0.64458007, -36.455322, -30.339966, -33.204716, 0.0, 0.0, 0.0, -1
4.93927, 17.693638, 16.23053, 39.891045, 38.64348, 19.613342, 6.136573, 4.7746325
9.536743E-7, 0.0, 0.0, 0.0, 72.63131, 27.109226, -0.2594593, 5
3.798706, 17.558567, 16.23053, 39.891045, 36.088043, 19.613342, 6.0689154, 4.7746325
4.655825E-4, 0.0, 0.0, 0.0, 67.09358, 26.53884, 6.367575, -1
4.911621, 15.909429, 21.374817, 39.891045, 34.691498, 23.059143, 5.883918, 4.6655846
0.0013796658, 0.0, 0.0, 0.0, 65.76, 33.60715, -0.6328428, 5
5.164398, 14.198663, 36.99649, 39.891464, 42.06836, 35.296417, 5.9787755, 4.5146246
0.0014807568, 0.0, 0.0, 0.0, 63.209198, 36.303627, 0.48717427, -1
4.9025574, 12.529381, 54.747345, 39.892353, 55.024323, 56.179077, 6.1051617, 4.515777
8.6874864E-4, 0.0, 0.0, 0.0, 60.205532, 39.676598, -0.11786378, 5
4.5506897, 11.996148, 61.188904, 39.89262, 59.5567, 63.49417, 6.0711007, 4.5310903
5.7449203E-4, 0.0, 0.0, 0.0, 57.31247, 42.62636, 0.061163634, -1
5.2080994, 11.407538, 67.56897, 39.892975, 64.52649, 70.88629, 6.057432, 4.5827045
2.1973658E-4, 0.0, 0.0, 0.0, 53.733994, 44.0869, -2.1791177, 5
4.8754597, 23.696896, 78.593834, 34.896862, 6.078808, 7.2117586, 22.577625, 21.04976
4.085416, 2.625529, -47.870213, -49.50426, 0.0, 0.0, 0.0, 2
110.32503, 10.770324, 4.826416, 29.769156, 82.61163, 63.582333, 10.406977, 4.9136195
3.7768748, -61.425835, 5.266805, 33.307354, 0.0, 0.0, 0.0, 0
118.19313, 8.555813, 4.8265076, 28.264833, 83.41317, 59.268036, 7.849351, 3.4800572
2.7140236, -48.220222, 15.149823, 36.629955, 0.0, 0.0, 0.0, 0
133.39975, 5.9082127, 4.826477, 25.95639, 94.78897, 56.460052, 6.2539234, 2.1803365
1.5843657, -30.082373, 32.854626, 37.063004, 0.0, 0.0, 0.0, 0
130.57718, 4.456151, 53.957504, 24.477453, 124.12141, 86.188034, 6.3311915, 2.4716914
0.42785054, -36.780014, 29.874908, 33.345078, 0.0, 0.0, 0.0, -1
101.80616, 4.273366, 70.420166, 24.284815, 130.08694, 95.1774, 6.630718, 2.6750503
3.928538, 14.637603, 72.1887, 13.173697, 0.0, 0.0, 0.0, -1
66.80853, 4.321247, 86.24945, 24.268314, 134.7532, 98.339905, 6.691025, 2.9761045
4.250333, 11.248488, 58.628536, -30.122978, 0.0, 0.0, 0.0, 2
25.399582, 3.2245617, 116.456924, 24.972742, 131.53316, 88.76579, 7.263257, 2.2145898
0.84094167, -49.988533, -49.531414, -0.48005053, 0.0, 0.0, 0.0, -1
58.919937, 3.187247, 87.274124, 24.874949, 98.3535, 75.515335, 6.98677, 2.0657504
0.63045603, -52.411007, -45.19638, 2.3926187, 0.0, 0.0, 0.0, -1
171.79565, 32.729877, 158.80539, 52.281326, 173.17673, 177.68854, 33.900597, 31.751936
0.59422946, 32.835297, 34.05774, 33.106964, 0.0, 0.0, 0.0, -1
156.32187, 30.769104, 127.64874, 53.20502, 141.5557, 150.913, 31.838858, 33.1879
0.0010083221, 0.0, 0.0, 0.0, -39.99949, -20.000298, -40.000217, 5
124.73359, 27.829493, 96.0617, 53.204773, 109.70937, 119.325096, 28.902718, 33.187378
0.6041246, -35.60203, -33.604412, -30.79355, 0.0, 0.0, 0.0, -1
108.967316, 26.35711, 80.29648, 53.204746, 93.7937, 103.55937, 27.434553, 33.187172
2.4109402, -35.812077, -33.721874, -30.466053, 0.0, 0.0, 0.0, 0
130.01686, 5.380093, 29.30017, 43.78751, 48.917572, 64.96541, 3.6760209, 7.660898
0.57623184, -46.676083, -37.820835, 15.50308, 0.0, 0.0, 0.0, -1
130.25829, 4.924847, 2.4293518, 42.91903, 19.812088, 41.272827, 3.3171377, 6.484328
0.0042004837, 0.0, 0.0, 0.0, 41.113716, 16.844194, -42.042088, 5
123.587654, 7.8065357, 4.8788147, 35.77429, 69.037476, 80.80522, 5.4636583, 10.1789875
3.655943, -55.17684, 7.1694365, 37.65372, 0.0, 0.0, 0.0, 0
134.6853, 8.122041, 4.8788605, 33.51536, 60.46306, 111.61662, 3.159846, 6.9995036
2.7425852, -32.87145, 30.047283, 37.081264, 0.0, 0.0, 0.0, 0
179.01187, 11.838263, 59.15869, 25.494505, 83.662964, 175.89474, 4.277766, 5.2335763
3.7836986, -23.879593, 30.901497, 45.21891, 0.0, 0.0, 0.0, 0
171.84009, 15.178118, 64.89067, 21.341326, 82.397736, 150.30359, 3.0843234, 3.02247
3.7918205, -24.45184, 28.934366, 46.613792, 0.0, 0.0, 0.0, 0
174.04515, 17.322363, 64.9072, 18.309895, 78.13042, 112.37468, 3.1992838, 1.9478498
3.7708356, -25.19604, 25.508648, 49.295315, 0.0, 0.0, 0.0, 0
143.99738, 18.96665, 133.13052, 55.563625, 143.8179, 144.26483, 32.647346, 52.02797
0.0019867187, 0.0, 0.0, 0.0, -37.559723, -18.828093, -43.612186, 5
107.792496, 16.425, 101.773575, 55.5646, 112.27037, 112.83714, 29.716324, 49.093
0.29801852, -33.955513, -33.30856, -32.735928, 0.0, 0.0, 0.0, -1
89.02721, 15.220154, 85.99809, 55.56478, 96.385574, 97.022964, 28.246958, 47.62467
2.5171816, -34.139973, -33.503967, -32.35606, 0.0, 0.0, 0.0, 0
1.277832, 7.6588736, 4.901581, 49.99849, 14.518921, 16.99057, 7.707291, 25.967764
3.2873952, -35.860085, -34.96827, -29.171646, 0.0, 0.0, 0.0, 0
1.9486389, 6.9112186, 4.901703, 49.246002, 17.33374, 17.178558, 6.6953025, 23.764847
2.8170757, -37.90594, -39.962967, -22.1311, 0.0, 0.0, 0.0, 1
36.440247, 4.317745, 7.1606445, 47.199074, 8.446686, 5.5085144, 4.186403, 17.407804
2.9924693, -44.403423, -48.147038, 7.449542, 0.0, 0.0, 0.0, 1
65.26512, 3.6647925, 22.917664, 46.711098, 9.671417, 10.366821, 3.9032862, 15.467399
3.2247932, -36.601852, -33.130894, 30.267254, 0.0, 0.0, 0.0, 0
161.62794, 4.516954, 56.365723, 45.307503, 73.34848, 55.82141, 3.816095, 9.341522
2.165668, -40.802288, -32.20886, 26.98885, 0.0, 0.0, 0.0, 0
142.4274, 5.141752, 26.879486, 44.735287, 46.925262, 34.148376, 3.8368723, 8.403931
1.6034539, -40.921288, -35.095146, 23.98357, 0.0, 0.0, 0.0, 0
147.62161, 5.638663, 27.952667, 44.134735, 50.39264, 39.11978, 3.5275168, 7.608318
0.66025376, -41.20492, -37.915657, 20.879421, 0.0, 0.0, 0.0, -1
5.7714386, 15.733194, 88.08241, 38.36256, 12.439377, 8.683975, 18.944271, 17.625439
1.2331743, -32.203236, -38.952316, -28.844452, 0.0, 0.0, 0.0, 1
167.0274, 6.2414966, 31.849792, 25.731335, 76.308136, 64.23515, 2.940643, 3.7161958
1.4817951, -34.08023, -8.20615, 57.713623, 0.0, 0.0, 0.0, 0
164.97958, 6.923425, 32.86656, 25.352234, 65.818146, 64.47472, 2.8348296, 3.8632631
0.42590845, -28.779024, -20.892391, 50.328583, 0.0, 0.0, 0.0, -1

NONPOS KNOWLEDGE:
51.253326, 26.746592, 57.205032, 39.257133, 59.943314, 52.97255, 5.364474, 4.4251213
5.8686824, -17.74531, 14.211543, -68.04315, 0.0, 0.0, 0.0, 2
2.3412018, 19.009176, 113.24432, 40.06376, 145.23749, 124.53516, 8.782026, 5.1978397
0.3096637, 4.953254, 38.174507, -56.87224, 0.0, 0.0, 0.0, -1
13.325851, 18.221046, 129.26715, 40.18918, 161.81122, 128.42368, 9.018661, 4.5441937
0.0056409123, 0.0, 0.0, 0.0, 20.785915, 1.1651564, 78.04893, -1
30.359634, 17.802172, 144.94095, 40.191143, 173.3693, 125.45935, 8.0113945, 4.1095376
0.0019206656, 0.0, 0.0, 0.0, -17.986036, 10.270185, 71.743774, 3
64.778595, 17.004713, 176.43861, 40.191696, 171.91658, 119.68034, 5.8433857, 4.8359027
0.9729907, -8.063547, 21.109127, 70.827324, 0.0, 0.0, 0.0, -1
81.87778, 16.678223, 167.78981, 40.191956, 170.60204, 122.87999, 5.0728655, 5.8844624
5.380997, -5.5599585, 43.228188, 51.211857, 0.0, 0.0, 0.0, 0
179.70267, 20.32015, 90.04794, 39.48568, 156.04549, 169.29866, 13.670447, 17.659838
5.9593835, -3.7276816, 47.27799, 48.994328, 0.0, 0.0, 0.0, 0
179.51212, 22.044102, 94.08841, 37.76521, 159.21565, 168.29263, 19.816149, 20.95482
2.5838978, 1.8185444, 48.559837, 49.621616, 0.0, 0.0, 0.0, -1
150.786, 23.018875, 124.976456, 39.326168, 169.18184, 162.10957, 21.222284, 21.896585
0.2828843, 2.4497983, 48.151062, 49.39914, 0.0, 0.0, 0.0, -1
119.13246, 23.306047, 156.99341, 39.33299, 136.77554, 130.01814, 21.197693, 21.848446
0.0148043465, 0.0, 0.0, 0.0, -29.841324, -23.510078, -46.648598, 5
87.598366, 23.308527, 171.46832, 39.333096, 104.62353, 98.46639, 21.000364, 21.706057
0.0011774707, 0.0, 0.0, 0.0, -39.94709, -20.107868, -39.945038, 3
24.748734, 23.307484, 108.616684, 39.333576, 40.612274, 35.615463, 20.860535, 21.70552
0.0014987766, 0.0, 0.0, 0.0, -18.525757, -14.203162, -67.27108, 5
37.143112, 22.29972, 165.1333, 33.323696, 109.32806, 111.4887, 31.44566, 39.50858
9.010405, 76.05628, -10.019244, -13.924475, 0.0, 0.0, 0.0, 2
55.948288, 21.851768, 150.80716, 34.73595, 96.596634, 97.92531, 31.605593, 38.26704
9.283615, 85.31066, -10.223848, 4.46549, 0.0, 0.0, 0.0, 1
82.42839, 21.45042, 138.72697, 37.251312, 86.72533, 86.76886, 28.594074, 35.474884
7.6619167, 71.11167, 6.9750094, 21.913319, 0.0, 0.0, 0.0, -1
101.70052, 22.363256, 145.90256, 42.700943, 105.10016, 100.93771, 22.871561, 29.435259
3.5869198, 49.82458, 22.59885, 27.576572, 0.0, 0.0, 0.0, -1
110.658066, 24.333443, 157.63297, 47.68192, 141.68683, 128.91608, 17.747282, 22.971773
0.4129631, 42.060837, 29.418621, 28.520542, 0.0, 0.0, 0.0, -1
51.628395, 24.204985, 139.00134, 48.2602, 145.83597, 161.83575, 16.471935, 21.03087
0.0020762505, 0.0, 0.0, 0.0, -37.395443, -25.68707, -36.917484, 3
20.741488, 24.088861, 107.50789, 48.260235, 109.75435, 127.48198, 15.766757, 19.974815
0.002329731, 0.0, 0.0, 0.0, -32.10249, -35.788036, -32.10947, 4
59.766785, 13.682499, 39.579407, 46.76386, 11.644928, 43.441437, 7.496692, 5.4407864
1.7960964, -0.5929286, 2.2774003, -97.12967, 0.0, 0.0, 0.0, 2
6.7943974, 9.368453, 99.466194, 46.22302, 101.994576, 103.83549, 6.6527433, 3.9949625
0.11099816, 8.5628805, 14.482082, -76.95504, 0.0, 0.0, 0.0, -1
20.71121, 8.741154, 83.93122, 46.235157, 87.26014, 73.32502, 6.670462, 3.3813396
0.0017087018, 0.0, 0.0, 0.0, -38.158817, 7.207381, 54.6338, 3
62.21161, 7.2235417, 36.832855, 46.234447, 13.30191, 7.037781, 6.149025, 4.2592063
6.0923686, -22.775541, 28.549639, 48.674824, 0.0, 0.0, 0.0, 0
165.24866, 8.879405, 72.96263, 44.19689, 148.02316, 134.49991, 7.9479585, 9.464278
9.128584, -11.960112, 41.855038, 46.18485, 0.0, 0.0, 0.0, 0
170.26215, 19.56847, 76.6272, 39.162598, 155.45348, 155.11559, 18.511051, 20.513422
3.7583091, -2.4907286, 48.061256, 49.448013, 0.0, 0.0, 0.0, 0
157.79944, 20.060017, 70.50873, 39.611965, 145.65692, 139.94547, 21.141737, 23.506685
0.63707703, -1.3778514, 48.399185, 50.22296, 0.0, 0.0, 0.0, -1
126.59833, 19.967127, 39.969513, 39.596813, 114.512115, 109.077805, 21.308071, 23.994444
0.09258978, 0.0, 0.0, 0.0, 19.66867, -22.820356, -57.51097, 5
30.94358, 8.694249, 94.72995, 35.1239, 92.38602, 58.967377, 4.743519, 7.5919676
0.78846, 29.654173, 11.389806, -58.95602, 0.0, 0.0, 0.0, -1
15.159775, 8.694249, 110.513756, 35.1239, 110.97176, 84.13232, 5.0595307, 7.759374
1.6851171, 26.836246, 24.559788, -48.603966, 0.0, 0.0, 0.0, 2
6.4964447, 6.785416, 119.79676, 35.474033, 126.703224, 113.99372, 5.488494, 7.455698
0.61151206, 27.205456, 30.252413, -42.54213, 0.0, 0.0, 0.0, -1
33.339264, 5.003927, 152.47604, 35.97414, 165.21536, 151.68835, 6.1233406, 7.9087067
2.1743053E-5, 0.0, 0.0, 0.0, -29.107145, -11.832795, 59.060062, 3
99.01091, 4.1658096, 160.41438, 35.974174, 147.67812, 161.2122, 6.1236024, 7.9091363
1.232707, -27.128414, -29.098368, 43.77322, 0.0, 0.0, 0.0, 1
119.42825, 3.91253, 144.70561, 35.974174, 132.35909, 146.94829, 6.1000624, 7.7136264
7.746801, -20.757116, 22.226372, 57.01651, 0.0, 0.0, 0.0, 0
178.9314, 17.237598, 90.5235, 31.927845, 160.29434, 164.91612, 14.139752, 15.52966
4.8542356, 5.714378, 46.853622, 47.432, 0.0, 0.0, 0.0, -1
178.04636, 22.297018, 100.21828, 31.936934, 158.76657, 164.93292, 20.07692, 20.655687
2.5976093, 9.32071, 45.089005, 45.590282, 0.0, 0.0, 0.0, -1
158.64804, 24.981089, 123.46518, 32.266457, 171.8963, 168.28624, 23.254461, 22.744589
0.5934678, 11.3097315, 44.123062, 44.567204, 0.0, 0.0, 0.0, -1
127.202156, 25.383667, 155.5701, 32.333305, 139.37308, 136.30693, 23.908813, 22.94219
0.025247147, 0.0, 0.0, 0.0, -36.15317, -21.212166, -42.634663, 5
32.968613, 25.421558, 110.134384, 32.33863, 44.58917, 42.121517, 23.823278, 22.58157
0.0020569167, 0.0, 0.0, 0.0, -40.573326, -20.199146, -39.22753, 3
4.9522057, 27.180952, 81.78584, 24.956614, 75.71593, 85.47969, 4.50765, 3.0433044
5.3535166, -9.847442, 23.636986, -66.51557, 0.0, 0.0, 0.0, 2
2.0855675, 18.866413, 90.88251, 24.195547, 133.7203, 150.37955, 5.5430593, 5.4324923
0.25853476, -5.6426587, 39.854042, -54.503304, 0.0, 0.0, 0.0, -1
18.062027, 18.003733, 107.24788, 24.170591, 151.55022, 174.67155, 5.7022243, 4.519571
0.0015460035, 0.0, 0.0, 0.0, 17.683975, -30.033504, 52.282516, 4
66.05576, 16.732868, 154.40549, 24.16982, 164.61679, 81.153725, 4.223912, 1.8651212
0.0014496129, 0.0, 0.0, 0.0, -23.653591, 1.2750533, 75.07136, 3
83.54091, 16.412699, 170.16634, 24.169487, 160.49107, 21.745255, 4.2831635, 1.9499502
0.3647517, -9.702362, 4.348199, 85.94944, 0.0, 0.0, 0.0, -1
101.072815, 16.106117, 174.10326, 24.16917, 159.2104, 21.844711, 4.86378, 2.713728
5.3686485, -3.2793925, 43.386177, 53.334435, 0.0, 0.0, 0.0, 0
172.7236, 16.889355, 100.38812, 23.9813, 157.03482, 153.91774, 11.855914, 5.983734
5.9108377, 8.40129, 46.132713, 45.465996, 0.0, 0.0, 0.0, -1
127.253365, 24.753563, 70.974976, 24.476402, 119.55697, 127.4509, 23.356531, 19.996534
0.441653, 14.7012825, 42.293865, 43.004852, 0.0, 0.0, 0.0, -1
96.17049, 25.063362, 40.377747, 24.55357, 88.58851, 95.550224, 23.647562, 20.31139
2.8158596E-4, 0.0, 0.0, 0.0, 19.243332, -27.764765, -52.9919, 5
33.319435, 25.064253, 22.472052, 24.553652, 25.738329, 30.932486, 23.647163, 20.308952
0.0, 0.0, 0.0, 0.0, 39.64527, -20.709467, -39.645267, -1
58.64238, 10.926823, 60.81105, 62.98252, 60.96147, 60.886063, 64.901146, 59.891777
0.4586293, -34.59123, -34.655247, -30.753523, 0.0, 0.0, 0.0, -1
42.867325, 10.417571, 45.098557, 62.982853, 45.248978, 45.16121, 64.90148, 58.422546
3.2400153, -36.13996, -36.183216, -27.676817, 0.0, 0.0, 0.0, 1
11.463715, 10.314882, 13.708099, 62.983337, 13.875183, 13.743866, 64.59019, 55.4849
8.532417, -47.8594, -47.377457, -4.76314, 0.0, 0.0, 0.0, 0
89.98682, 7.392932, 34.4778, 57.52686, 43.460083, 45.983215, 55.646225, 41.314037
7.781693, -40.794678, -33.02941, 26.175913, 0.0, 0.0, 0.0, 0
140.7977, 15.670071, 51.572662, 49.173557, 55.338768, 62.476837, 49.338997, 25.257042
7.5531363, -30.140942, -12.833587, 57.025467, 0.0, 0.0, 0.0, 0
143.96567, 21.311365, 60.09073, 45.556858, 59.030945, 109.115585, 46.93051, 20.70007
2.1167905, -29.566944, 4.9236608, 65.50939, 0.0, 0.0, 0.0, 0
120.55737, 22.94397, 40.571136, 44.516922, 39.39485, 100.96785, 45.84294, 21.663467
0.40839007, -27.753937, 9.074728, 63.171333, 0.0, 0.0, 0.0, -1
88.27164, 23.078028, 9.600098, 44.377445, 8.405441, 71.81496, 45.69509, 21.994045
0.010068528, 0.0, 0.0, 0.0, 41.514336, -10.936914, -47.54875, 5
62.91812, 16.979948, 18.019028, 28.945398, 17.731598, 13.955688, 5.661476, 4.769722
1.0727987, -4.2851477, -23.08685, -72.628006, 0.0, 0.0, 0.0, 2
15.167175, 16.721172, 89.28824, 39.386288, 131.3312, 145.50037, 5.644684, 6.27143
0.0057163127, 0.0, 0.0, 0.0, 39.774487, -6.76677, 53.458744, 4
63.143173, 15.961822, 136.56697, 39.384724, 152.99876, 167.16066, 5.0815663, 6.281728
0.0016609535, 0.0, 0.0, 0.0, 7.5298657, -12.165547, 80.30459, 4
79.08179, 15.957371, 152.35878, 39.38499, 152.64705, 151.37016, 5.282525, 6.282038
0.0011768285, 0.0, 0.0, 0.0, -29.831446, -4.7189617, 65.44959, 3
114.8297, 15.856117, 176.19666, 39.385586, 159.98386, 140.01486, 6.815888, 5.2444053
4.8448372E-4, 0.0, 0.0, 0.0, -69.66687, -10.97208, 19.36105, 3
150.58058, 15.845071, 144.76566, 39.386173, 179.53741, 140.66843, 9.206687, 5.3916473
6.0741816, -53.476154, 7.4864388, 39.03741, 0.0, 0.0, 0.0, 0
117.75508, 16.917742, 53.520355, 37.364357, 102.66127, 95.994934, 15.184534, 10.087134
7.778171, -19.635324, 36.879444, 43.48523, 0.0, 0.0, 0.0, 0
126.53288, 20.883118, 52.84836, 32.90632, 112.64984, 103.796326, 19.787672, 15.7957325
4.08019, -25.927582, 31.221598, 42.85082, 0.0, 0.0, 0.0, 0
133.88773, 23.771425, 59.230164, 30.933987, 122.069885, 115.57497, 21.971329, 21.590155
1.6023777, -22.794147, 33.799644, 43.406204, 0.0, 0.0, 0.0, 0
112.59108, 25.0715, 38.27899, 30.23655, 101.5887, 96.70694, 23.030941, 22.009962
0.23979402, -6.940113, 43.7999, 49.259983, 0.0, 0.0, 0.0, -1
81.599976, 25.344007, 7.4067383, 30.10282, 70.7585, 66.71503, 23.257425, 22.031818
0.009099528, 0.0, 0.0, 0.0, 23.885431, -22.256157, -53.85841, 5
50.13687, 25.357265, 24.050293, 30.096375, 39.3022, 36.09485, 23.268272, 21.909939
0.0020681461, 0.0, 0.0, 0.0, 43.113766, -14.326435, -42.5598, -1
18.729248, 25.357025, 55.458496, 30.096231, 7.8934326, 5.5701447, 23.267828, 21.835726
0.0022660065, 0.0, 0.0, 0.0, 51.830788, 1.9093798, -46.259834, 5
64.85719, 13.772341, 126.84857, 35.945675, 130.73712, 158.53046, 4.813723, 6.076751
2.180498, 36.416332, 36.03052, -27.553146, 0.0, 0.0, 0.0, 2
7.193619, 10.374155, 175.55052, 37.209583, 179.12166, 160.60399, 5.4566827, 7.324266
4.2198534, 39.411263, 44.21413, -16.37461, 0.0, 0.0, 0.0, 2
69.807045, 7.1725883, 137.40613, 38.53335, 97.97109, 178.32248, 3.2791507, 4.111304
4.6218867, 23.087868, 44.624813, 32.28732, 0.0, 0.0, 0.0, -1
85.94748, 6.322395, 137.64748, 39.74843, 115.62129, 174.00092, 2.5681527, 5.330939
8.097381, -12.262146, 40.26001, 47.477848, 0.0, 0.0, 0.0, 0
94.53195, 24.910519, 177.61017, 36.582882, 104.46512, 108.13211, 23.14902, 22.584034
0.02023929, 0.0, 0.0, 0.0, -35.633354, -21.741266, -42.62538, 5
31.738922, 24.909737, 114.81787, 36.58272, 41.89273, 44.927765, 23.258165, 22.226675
0.001903856, 0.0, 0.0, 0.0, -38.998577, -20.68132, -40.3201, 5
62.96164, 5.497968, 66.6062, 24.169964, 97.1306, 67.93594, 2.8191519, 3.5352266
0.0011347911, 0.0, 0.0, 0.0, 44.4801, 21.452826, -34.06708, 5
14.974945, 5.4995604, 114.59309, 24.169235, 132.56873, 109.182655, 2.6966102, 3.7492442
0.5611153, 36.28542, 37.0839, -26.630678, 0.0, 0.0, 0.0, -1
9.944099, 5.499597, 119.623924, 24.169235, 129.71841, 113.633736, 2.655174, 3.959604
2.0808382, 37.034985, 37.606934, -25.358082, 0.0, 0.0, 0.0, 2
52.094383, 3.5630894, 175.98987, 25.693583, 156.14703, 165.5174, 1.8861698, 4.1102657
0.77756655, 41.73687, 34.920837, -23.342297, 0.0, 0.0, 0.0, -1
73.60631, 3.009137, 159.77162, 26.300385, 174.68193, 179.53613, 2.378916, 4.330528
6.5746536, -15.842997, 36.72954, 47.427464, 0.0, 0.0, 0.0, 0
171.95392, 8.4063635, 82.11281, 25.468462, 159.7, 148.35178, 6.597788, 7.5479393
8.860305, -3.998114, 46.135014, 49.866867, 0.0, 0.0, 0.0, 0
143.11742, 15.114941, 60.84433, 24.127064, 130.33754, 122.856384, 14.232734, 14.767401
0.58379203, 5.481032, 46.806145, 47.712822, 0.0, 0.0, 0.0, -1
127.31656, 15.005642, 46.30728, 24.181932, 115.013374, 106.88742, 14.367026, 14.991367
6.701846, -26.988115, -44.12357, -28.888311, 0.0, 0.0, 0.0, 1
63.306976, 17.16958, 58.922684, 41.33665, 28.994308, 59.8311, 5.940254, 5.086778
1.0842584, 29.871664, 22.735956, -47.39238, 0.0, 0.0, 0.0, 2
15.561005, 17.168861, 106.66962, 41.33701, 84.690704, 107.58354, 5.878723, 5.088703
1.0833609, 29.11553, 24.729946, -46.154522, 0.0, 0.0, 0.0, 2
1.6067963, 13.523539, 121.798004, 41.99798, 105.6794, 129.98514, 5.789527, 5.8180327
0.0015119417, 0.0, 0.0, 0.0, 26.147717, 15.301925, 58.550358, -1
14.240433, 13.00373, 137.59221, 41.998062, 107.20126, 145.77745, 5.272878, 5.818085
0.0016182476, 0.0, 0.0, 0.0, 5.855604, 8.473684, 85.67071, -1
32.011475, 12.555255, 153.33765, 41.998142, 105.73886, 161.52011, 5.1708107, 5.818121
0.0014771547, 0.0, 0.0, 0.0, -28.512583, -5.431191, 66.05623, 3
67.77861, 11.762464, 175.09259, 41.9983, 112.97566, 177.90843, 6.1139636, 4.856454
0.7397569, -17.674816, 23.477037, 58.84815, 0.0, 0.0, 0.0, -1
85.641754, 11.425235, 159.32677, 41.998375, 124.007416, 173.9096, 6.609374, 4.5961514
5.358454, -13.420118, 36.149807, 50.430077, 0.0, 0.0, 0.0, 0
176.99037, 18.51924, 89.97978, 39.611534, 169.44408, 162.6243, 18.189318, 19.646801
4.553211, -0.97221184, 48.913097, 50.114693, 0.0, 0.0, 0.0, 0
165.73506, 22.690998, 107.36261, 39.47475, 177.66833, 178.60236, 21.235275, 22.649845
0.6753067, 3.3568046, 48.046093, 48.597103, 0.0, 0.0, 0.0, -1
22.58767, 5.121535, 96.520905, 26.032648, 53.20038, 91.0688, 5.659795, 4.45637
5.6160503E-4, 0.0, 0.0, 0.0, -36.90163, -15.249509, 47.848866, 3
85.4285, 5.100374, 33.3132, 26.031788, 21.125671, 19.786163, 4.636218, 5.498801
0.47559258, -23.94573, 19.280212, 56.774055, 0.0, 0.0, 0.0, -1
101.191956, 5.100671, 17.545288, 26.031788, 39.163788, 0.7503662, 4.3992095, 5.6344852
5.0700235, -14.234235, 34.697926, 51.06784, 0.0, 0.0, 0.0, 0
179.2483, 12.11175, 83.51698, 24.548862, 156.69197, 147.08255, 10.950403, 11.763274
8.809974, 2.9957402, 47.798534, 49.20573, 0.0, 0.0, 0.0, -1
179.36055, 14.622575, 92.16263, 24.422606, 161.2934, 154.38547, 13.797646, 14.395967
6.3309174, 9.071732, 44.997276, 45.930992, 0.0, 0.0, 0.0, -1
172.63574, 21.434778, 99.498856, 25.220629, 159.9324, 155.28645, 19.455633, 19.292713
3.514511, 14.840935, 42.48444, 42.67462, 0.0, 0.0, 0.0, -1
73.99498, 25.100246, 9.676575, 26.666615, 64.67354, 61.003494, 22.85685, 23.394638
0.0023786693, 0.0, 0.0, 0.0, 38.69989, -15.599995, -45.70011, 5
3.2515259, 23.815224, 59.318527, 26.66609, 4.110382, 8.159195, 22.317783, 22.941921
6.1471424, -28.632483, -38.423313, -32.94421, 0.0, 0.0, 0.0, 1
54.46331, 10.326209, 62.154434, 19.643572, 25.873474, 11.460403, 9.267086, 9.839719
7.0110836, -46.596592, -27.170614, 26.2328, 0.0, 0.0, 0.0, 0
121.78612, 6.6404243, 56.59912, 17.611153, 78.65792, 43.43329, 4.4021983, 3.8381507
8.371763, -15.927466, 33.605503, 50.467033, 0.0, 0.0, 0.0, 0
149.14874, 7.42022, 48.387634, 15.481302, 122.37718, 98.38562, 5.27263, 3.2593513
9.11459, 16.088778, 41.97843, 41.93279, 0.0, 0.0, 0.0, -1
152.50105, 17.299744, 129.3568, 18.256966, 159.92097, 167.36342, 14.907115, 13.221833
6.2179036, 23.000816, 39.38873, 37.610455, 0.0, 0.0, 0.0, -1
160.355, 23.600391, 142.6074, 22.366934, 167.35286, 171.08736, 21.768654, 20.808891
2.828586, 25.880182, 37.609165, 36.51065, 0.0, 0.0, 0.0, -1
145.572, 25.365635, 161.39534, 23.745567, 151.77003, 155.4294, 23.621803, 23.069065
0.598536, 27.156622, 36.95446, 35.888916, 0.0, 0.0, 0.0, -1
114.394806, 25.81864, 166.48059, 24.107723, 120.40582, 123.78323, 24.297855, 23.568712
0.023342375, 0.0, 0.0, 0.0, -40.002235, -20.012545, -39.98522, 3
51.616398, 25.885864, 103.56433, 24.161686, 57.827213, 60.704075, 24.655367, 23.61803
5.7093275E-4, 0.0, 0.0, 0.0, -39.20771, -20.038273, -40.75402, 5
5.4853516, 7.0612807, 83.88068, 43.742878, 84.23859, 83.04883, 2.363122, 4.913644
0.0021960114, 0.0, 0.0, 0.0, 61.112617, 30.56585, -8.321532, 5
5.0048676, 6.5286016, 101.262665, 43.74206, 105.03262, 100.4314, 2.7186759, 4.9125643
5.589228E-4, 0.0, 0.0, 0.0, -42.582184, -24.186089, 33.23173, 3
30.148396, 4.341926, 72.2142, 43.740757, 79.51773, 65.70184, 4.0224943, 5.381406
3.720612E-4, 0.0, 0.0, 0.0, -37.25945, -4.1240377, 58.61652, 3
49.421295, 3.8316545, 40.6174, 43.740757, 43.20746, 28.763824, 4.6145244, 5.732626
0.8632018, -32.90869, -23.341444, 43.749863, 0.0, 0.0, 0.0, -1
64.457214, 3.8096077, 24.952759, 43.740757, 25.637848, 9.661072, 4.919397, 5.7229867
6.74123, -28.206852, 14.1204405, 57.672714, 0.0, 0.0, 0.0, 0
167.90512, 15.350661, 70.98627, 38.52237, 145.81122, 150.98547, 12.679004, 13.719106
7.3155417, -6.328233, 45.76779, 47.903976, 0.0, 0.0, 0.0, 0
171.81297, 22.309605, 82.64685, 38.14673, 159.28119, 163.38113, 20.422148, 21.004852
1.7209816, -0.55073357, 49.452713, 49.99655, 0.0, 0.0, 0.0, 0
152.71208, 23.820528, 65.60956, 38.112392, 140.30548, 144.36476, 21.702728, 22.074575
0.5386574, 1.0514597, 49.125874, 49.822666, 0.0, 0.0, 0.0, -1
121.991745, 23.67061, 34.661163, 38.112263, 109.74489, 113.77986, 22.077723, 22.350565
0.013838325, 0.0, 0.0, 0.0, 29.298586, -21.901844, -48.799572, 5
59.40867, 23.53128, 28.114655, 38.11198, 47.267227, 51.4597, 21.718853, 21.79788
4.5206439E-4, 0.0, 0.0, 0.0, 42.941742, -15.171036, -41.887222, -1
55.709217, 7.4554896, 58.566315, 28.362434, 36.63037, 59.012054, 8.280166, 5.049177
0.46701446, 16.70305, 1.1854373, -82.11151, 0.0, 0.0, 0.0, -1
39.88683, 7.4491367, 74.33137, 28.362244, 60.830086, 74.77827, 8.154845, 5.0488267
1.208911, 21.70044, 15.970477, -62.329082, 0.0, 0.0, 0.0, 2
4.736183, 6.1632338, 109.59809, 28.44221, 107.64744, 114.22877, 7.2389584, 5.148975
0.4008024, 15.567009, 22.105251, -62.327744, 0.0, 0.0, 0.0, -1
26.579315, 4.927496, 142.35739, 28.579578, 144.35522, 152.73233, 7.378146, 5.3738523
0.0018330821, 0.0, 0.0, 0.0, -3.5618324, -12.82035, 83.61782, 4
42.278275, 4.92785, 158.057, 28.579302, 160.05774, 168.43405, 7.378338, 5.3736143
0.0018698467, 0.0, 0.0, 0.0, -30.266315, -20.516285, 49.217403, 3
73.71042, 4.9283876, 170.50917, 28.578762, 170.96571, 160.12706, 7.0151978, 5.3732147
0.854415, -22.839485, -24.910734, 52.24978, 0.0, 0.0, 0.0, -1
89.44074, 4.9286084, 154.77806, 28.578539, 161.47154, 144.39348, 6.2810307, 5.373059
6.793971, -17.297588, 19.346949, 63.355457, 0.0, 0.0, 0.0, 0
173.17474, 11.423786, 86.896835, 26.95967, 161.34668, 133.67958, 9.863964, 5.9106827
8.299834, 2.6546874, 47.757195, 49.58812, 0.0, 0.0, 0.0, -1
65.64783, 25.448473, 135.37881, 28.655506, 76.204926, 77.08568, 23.41648, 21.760355
0.0020694642, 0.0, 0.0, 0.0, -40.1013, -19.503614, -40.395092, 5
32.105625, 37.738995, 118.53917, 44.51351, 72.50903, 83.98329, 49.456654, 49.178562
5.4776044, 29.107883, -14.818938, -56.07318, 0.0, 0.0, 0.0, 2
22.801023, 25.42404, 116.008316, 47.70985, 67.755325, 79.07713, 42.605366, 46.32888
0.53752494, 34.901062, -10.675547, -54.423393, 0.0, 0.0, 0.0, -1
94.70685, 4.0784254, 44.10547, 42.68596, 19.80838, 1.1778259, 3.547845, 6.6815457
2.2200756, 14.618089, -34.575333, -50.806583, 0.0, 0.0, 0.0, 2
52.141487, 4.4004097, 75.52664, 42.686115, 68.39453, 38.128387, 4.3767104, 6.8884277
2.832662, 17.690212, -4.21942, -78.09036, 0.0, 0.0, 0.0, 2
5.0351505, 6.302361, 98.009224, 42.686203, 98.73325, 66.07978, 5.0787044, 7.065879
2.8335528, 12.8236475, 3.8970141, -83.27934, 0.0, 0.0, 0.0, 2
1.1422329, 6.4421954, 96.19081, 42.827312, 114.17485, 80.17049, 5.533396, 6.586466
0.7046399, 5.2845583, 18.686775, -76.02867, 0.0, 0.0, 0.0, -1
38.372143, 5.096549, 50.312164, 43.012177, 75.0954, 32.42511, 6.05231, 6.4438367
0.0011588222, 0.0, 0.0, 0.0, -16.236763, 12.681192, 71.08205, 3
56.2995, 4.907567, 34.548004, 43.012398, 59.329926, 13.593628, 6.0525184, 6.4074745
2.1543734, -28.682196, -19.258476, 52.05933, 0.0, 0.0, 0.0, 0
172.47725, 21.88004, 83.02377, 38.12721, 159.33318, 159.59706, 17.449663, 20.256256
2.871661, 0.71552163, 49.24723, 50.037247, 0.0, 0.0, 0.0, -1
172.67291, 23.696848, 85.75668, 38.106247, 160.28072, 160.85696, 19.687523, 22.014347
1.5089552, 1.6027776, 48.814453, 49.58277, 0.0, 0.0, 0.0, -1
128.67111, 24.387365, 44.720062, 38.149315, 117.137985, 117.83162, 21.490667, 23.283031
0.17020579, 2.622125, 48.27801, 49.099865, 0.0, 0.0, 0.0, -1
96.90454, 24.268473, 13.418579, 38.154327, 85.17969, 86.23254, 21.746454, 23.277876
2.2020886E-5, 0.0, 0.0, 0.0, 31.073452, -21.161343, -47.765205, 5
65.56607, 24.267498, 17.91803, 38.15432, 53.530056, 55.31819, 21.781725, 23.210676
2.0429492E-5, 0.0, 0.0, 0.0, 41.466396, -15.697052, -42.836548, 5
27.975872, 9.936232, 107.34282, 30.548641, 63.052044, 106.648544, 5.15704, 4.885401
1.8162655, 32.362663, 20.543154, -47.09418, 0.0, 0.0, 0.0, 2
9.415131, 7.5586085, 127.24009, 31.183983, 101.08195, 134.7102, 5.8395267, 5.751725
0.4475028, 32.10431, 26.473873, -41.421814, 0.0, 0.0, 0.0, -1
27.326675, 6.110427, 159.70221, 31.670107, 131.1977, 170.64383, 5.21883, 6.321239
6.2519946E-4, 0.0, 0.0, 0.0, -30.821764, -21.202438, 47.9758, 3
65.30258, 5.723665, 168.83824, 31.670528, 148.05104, 156.82863, 4.48785, 6.047864
4.7966323, -20.060974, 19.621653, 60.317375, 0.0, 0.0, 0.0, 0
163.0799, 7.5681844, 79.63016, 30.768452, 158.85498, 92.64386, 6.2925997, 4.5097785
9.245038, -6.9678307, 43.466957, 49.565212, 0.0, 0.0, 0.0, 0
130.57864, 25.313316, 154.05005, 31.24162, 141.34555, 142.15623, 23.66126, 21.147875
0.110597886, 12.634167, 43.68368, 43.68215, 0.0, 0.0, 0.0, -1
98.83653, 25.422476, 174.00522, 31.274277, 109.554855, 110.48095, 23.769453, 21.511934
0.002545353, 0.0, 0.0, 0.0, -40.136868, -19.726114, -40.137012, 5
61.533096, 3.7469249, 144.82234, 19.22337, 150.18918, 143.38506, 6.2910786, 3.5615618
0.0, 0.0, 0.0, 0.0, -6.649954, -4.266944, -89.0831, 5
30.148544, 3.7467968, 176.20694, 19.22337, 178.16644, 174.7688, 5.6645455, 3.5624974
0.0, 0.0, 0.0, 0.0, -51.61824, -31.829409, 16.55235, 3
5.237213, 3.7466433, 158.88179, 19.22337, 152.93715, 158.83498, 5.0977507, 3.5520847
4.4870887, -49.205296, -2.765702, 48.029007, 0.0, 0.0, 0.0, 0
128.22202, 5.1395583, 79.67692, 17.971155, 106.92451, 135.89517, 4.4619994, 2.8623683
9.230104, -0.4220368, 50.405334, 49.172626, 0.0, 0.0, 0.0, 0
140.05286, 6.5367694, 85.46732, 17.575825, 127.29829, 162.01385, 5.1662273, 4.212705
9.3980875, 9.389378, 46.330135, 44.280487, 0.0, 0.0, 0.0, -1
124.63287, 25.3163, 179.0724, 24.129225, 135.01524, 131.25381, 23.268536, 23.672153
0.10903491, 25.776867, 37.505295, 36.717842, 0.0, 0.0, 0.0, -1
61.90204, 25.424355, 116.12042, 24.204117, 71.44418, 68.06467, 23.262384, 24.003334
0.0, 0.0, 0.0, 0.0, -39.999794, -20.000824, -39.999382, 3
4.9987335, 10.808129, 65.42816, 41.93839, 61.322357, 77.50305, 5.3486195, 4.614289
1.6577642, -11.389138, 7.207848, -81.40301, 0.0, 0.0, 0.0, 2
0.71551514, 6.1547594, 79.598785, 41.81845, 84.363464, 102.44876, 5.1348233, 4.8135233
0.49992618, -13.083649, 14.31053, -72.60582, 0.0, 0.0, 0.0, -1
1.9836731, 4.801991, 81.60098, 41.696968, 78.15488, 97.77008, 3.9783816, 2.874183
0.002015057, 0.0, 0.0, 0.0, 35.355152, 18.739475, 45.90537, -1
64.77275, 4.8027368, 144.38812, 41.696606, 117.63498, 131.26315, 4.5943427, 2.2507334
9.929499E-4, 0.0, 0.0, 0.0, -27.98368, -6.399956, 65.61636, 3
103.94376, 3.891417, 168.34113, 41.696358, 160.1882, 174.75467, 5.568669, 3.1891017
0.12515095, -39.088108, -12.623228, 48.288666, 0.0, 0.0, 0.0, -1
119.67352, 3.8916988, 152.6139, 41.69635, 174.91425, 158.38228, 5.2949376, 3.5327225
7.0652027, -22.335716, 29.100132, 48.56415, 0.0, 0.0, 0.0, 0
157.41174, 13.249508, 60.73294, 49.398, 79.41257, 81.96402, 34.21447, 25.341957
6.6287727, -24.499489, 10.952278, 64.54823, 0.0, 0.0, 0.0, 0
154.98822, 20.220842, 66.01642, 46.026352, 98.19708, 111.78189, 28.06351, 21.451296
2.8507838, -15.038267, 29.713795, 55.24794, 0.0, 0.0, 0.0, 0
153.92949, 23.19624, 68.80643, 44.971867, 113.27908, 131.28494, 25.663391, 21.98272
0.5841277, -9.861801, 37.53379, 52.60441, 0.0, 0.0, 0.0, -1
121.491325, 23.511435, 38.03055, 44.86076, 85.660736, 102.54044, 25.24181, 22.327404
0.004859032, 0.0, 0.0, 0.0, 32.55831, -17.803825, -49.637863, 5
25.366785, 23.22298, 56.18683, 44.867805, 1.2394714, 10.881202, 23.665173, 21.605259
0.0, 0.0, 0.0, 0.0, 43.86433, -1.4530957, -54.682575, 5
37.197945, 6.361057, 51.32126, 33.189342, 58.565582, 14.245157, 4.7007565, 8.712264
1.3292409, -27.440166, -34.752533, -37.8073, 0.0, 0.0, 0.0, 2
35.776745, 5.717548, 57.523895, 32.81418, 68.32715, 2.5454712, 4.5592356, 6.825526
0.57969946, -27.759298, -35.6002, -36.6405, 0.0, 0.0, 0.0, -1
22.894802, 5.3119125, 74.099915, 32.568214, 86.0069, 21.29559, 4.5221667, 5.7607284
0.018862695, 0.0, 0.0, 0.0, -45.964996, -5.3841634, 48.65084, 3
43.41731, 5.2442293, 54.25351, 32.526043, 53.493927, 9.618835, 4.1217504, 6.081197
0.0015447965, 0.0, 0.0, 0.0, -21.44968, 21.549099, 57.00122, 3
59.14372, 5.2441154, 38.527344, 32.525703, 34.86731, 6.1075745, 3.8409173, 6.0810757
0.6135843, -33.760532, 3.5258126, 62.713654, 0.0, 0.0, 0.0, -1
74.87666, 5.24397, 22.794373, 32.52541, 15.498505, 21.839966, 3.5880272, 6.0809507
5.992549, -19.801773, 29.157764, 51.04046, 0.0, 0.0, 0.0, 0
167.15808, 11.141618, 70.747406, 30.508305, 133.92404, 139.85767, 7.6969247, 9.911939
8.822284, -6.0971794, 44.53028, 49.372543, 0.0, 0.0, 0.0, 0
169.16443, 14.913695, 77.84369, 29.797544, 146.69653, 149.40692, 11.377059, 13.199247
5.354124, -8.321628, 48.114708, 43.563667, 0.0, 0.0, 0.0, 0
97.32489, 25.420782, 23.744263, 30.338703, 83.908646, 87.777245, 23.386782, 23.136822
0.0023707915, 0.0, 0.0, 0.0, 33.193054, -20.343754, -46.463192, 5
34.212044, 25.421553, 39.36659, 30.338274, 20.848545, 24.595509, 23.488647, 23.034475
0.002431043, 0.0, 0.0, 0.0, 43.264202, -13.984543, -42.75126, -1
4.9569473, 6.7628446, 93.54585, 14.657321, 89.79671, 96.48833, 4.507833, 2.9725428
0.542398, 14.087338, 17.646898, -68.26576, 0.0, 0.0, 0.0, -1
4.8982086, 6.502349, 107.04884, 14.657321, 103.06032, 109.55351, 4.5020237, 2.9612687
2.583782, -32.769882, 2.4418602, -64.78825, 0.0, 0.0, 0.0, 2
4.9225082, 6.4979925, 107.9417, 14.657273, 103.901634, 110.48467, 4.497783, 2.9586053
5.2590985, -49.270336, 25.228033, -25.501633, 0.0, 0.0, 0.0, 0
2.333084, 24.718822, 46.582718, 37.725536, 166.14871, 129.25307, 5.2815247, 3.7560372
6.2180715, -59.53027, 34.088345, -6.3813896, 0.0, 0.0, 0.0, 0
91.17929, 18.150019, 29.325806, 32.086548, 129.11572, 123.10239, 8.999732, 3.7032325
7.285505, -20.872456, 43.187893, 35.93965, 0.0, 0.0, 0.0, 0
136.582, 22.50081, 69.2469, 27.210283, 170.77692, 150.65858, 10.759586, 13.556003
2.588467, -10.101553, 48.7934, 41.10505, 0.0, 0.0, 0.0, 0
131.98851, 24.260204, 68.43408, 26.586819, 160.77255, 134.95451, 13.838393, 18.231804
0.43017155, -8.793402, 48.410973, 42.795624, 0.0, 0.0, 0.0, -1
70.006424, 24.84349, 6.9994965, 26.469564, 87.51062, 67.684845, 15.446401, 20.072351
0.001997014, 0.0, 0.0, 0.0, 34.59386, -21.32232, -44.083828, 5
38.71875, 24.84299, 24.288452, 26.469414, 51.3974, 34.77339, 16.077751, 20.50487
0.0022939472, 0.0, 0.0, 0.0, 41.844357, -17.04974, -41.105904, -1
4.909378, 6.284114, 80.28343, 40.467575, 69.43358, 87.45607, 5.119209, 4.8153186
5.4359436E-5, 0.0, 0.0, 0.0, -24.767849, -27.934673, 47.297478, 4
4.913727, 5.79445, 80.28352, 40.467575, 71.17412, 87.07854, 5.5012493, 4.775161
0.0, 0.0, 0.0, 0.0, -39.94965, -13.156934, 46.893417, 3
41.122864, 4.793448, 64.05458, 40.467575, 45.73311, 52.50499, 4.3565, 2.8250022
0.0, 0.0, 0.0, 0.0, -23.759958, 20.4973, 55.74274, 3
72.53175, 4.794256, 32.645584, 40.467575, 13.449081, 51.208607, 4.159668, 4.2797136
6.9021916, -22.69199, 26.784334, 50.52368, 0.0, 0.0, 0.0, 0
173.71509, 19.853834, 82.15216, 36.51276, 160.5163, 157.92863, 17.47547, 18.950748
4.5249166, 1.3104873, 49.012524, 49.676987, 0.0, 0.0, 0.0, -1
78.22621, 24.82934, 5.8155975, 36.65406, 68.2823, 65.227234, 22.346333, 23.369934
0.0016072162, 0.0, 0.0, 0.0, 42.66006, -15.387918, -41.952023, -1
46.766922, 15.390594, 45.293686, 19.406443, 82.336044, 46.033386, 2.6807852, 3.5259004
1.5062345, 13.151224, 34.12625, -52.72252, 0.0, 0.0, 0.0, 2
0.43909454, 16.321203, 144.91132, 37.76999, 142.99341, 147.04742, 35.911694, 37.463375
6.356521, 40.044064, 41.354122, 18.601816, 0.0, 0.0, 0.0, -1
110.98674, 21.146938, 135.10655, 42.794518, 137.2159, 142.11116, 41.186935, 30.23088
3.7480145, 33.755184, 38.054165, 28.190649, 0.0, 0.0, 0.0, -1
122.0633, 24.732958, 143.90631, 47.28829, 151.93808, 162.75787, 38.515697, 28.652235
0.5221532, 32.436855, 38.799023, 28.764116, 0.0, 0.0, 0.0, -1
59.50908, 25.282045, 151.37076, 47.90126, 140.72774, 127.97691, 36.81748, 27.534582
3.881173E-6, 0.0, 0.0, 0.0, -36.654057, -26.691475, -36.654465, 5
130.82788, 27.15498, 175.57593, 63.389973, 172.6077, 176.30707, 60.359818, 62.84515
0.7828194, 36.52114, 36.364376, 27.114483, 0.0, 0.0, 0.0, -1
146.38623, 27.553026, 159.89703, 64.068855, 157.61188, 161.1933, 59.726536, 62.20035
0.02553146, 0.0, 0.0, 0.0, -50.349174, -24.046818, -25.604, 3
155.50368, 27.35282, 96.995224, 64.1596, 97.587814, 100.854324, 54.673546, 57.05137
6.1610622, -43.38086, -42.92768, -13.691457, 0.0, 0.0, 0.0, 0
77.194275, 25.93911, 8.972656, 60.474453, 15.673035, 18.539978, 43.559006, 45.791454
6.6293755, -49.327644, -47.383633, -3.2887201, 0.0, 0.0, 0.0, 0
83.4048, 24.719711, 0.35150146, 53.30508, 14.60025, 17.289185, 32.105072, 34.179443
3.4834301, -50.19281, -45.077946, 4.7292447, 0.0, 0.0, 0.0, 0
91.78375, 24.882622, 0.014373779, 49.69032, 27.0242, 28.767578, 25.162985, 27.06417
1.3431075, -50.615078, -42.379147, 7.0057764, 0.0, 0.0, 0.0, 0
74.633026, 24.444508, 19.104065, 48.81165, 12.07312, 13.514618, 23.667002, 25.482552
0.4614938, -51.17622, -41.199406, 7.6243734, 0.0, 0.0, 0.0, -1
44.259087, 23.912987, 50.407837, 48.398026, 15.406464, 14.3550415, 22.65384, 24.386116
0.04690804, 0.0, 0.0, 0.0, 43.26587, 13.59729, -43.136837, 5
3.575038, 10.75355, 81.546005, 41.27954, 89.34413, 80.67383, 5.039684, 4.8474007
1.8442526, -16.775236, -1.4556607, -81.7691, 0.0, 0.0, 0.0, 2
16.320736, 5.2574205, 63.208313, 41.91528, 89.59799, 72.116425, 5.21663, 4.675821
0.36294097, -20.18535, 10.432875, -69.38178, 0.0, 0.0, 0.0, -1
47.471725, 4.946833, 32.10724, 41.88296, 60.443176, 43.375397, 5.2862067, 4.681337
1.964178, -27.142176, -35.886017, 36.97181, 0.0, 0.0, 0.0, 1
63.185562, 4.9471865, 16.385468, 41.883293, 44.721283, 27.654205, 5.286426, 4.681543
5.4759407, -30.862246, -15.999967, 53.137787, 0.0, 0.0, 0.0, 0
151.63367, 8.215197, 59.01407, 40.074238, 70.23834, 111.47345, 2.8176043, 6.1428027
9.324329, -14.566374, 38.06321, 47.370415, 0.0, 0.0, 0.0, 0
168.08801, 19.985659, 78.31937, 36.348286, 158.90048, 153.08969, 14.476113, 18.35174
4.411854, -2.1917171, 48.348557, 49.45972, 0.0, 0.0, 0.0, 0
168.75366, 21.734037, 81.1806, 36.181602, 158.60477, 155.02808, 16.42094, 20.050463
3.1155224, -0.5603867, 49.124313, 50.315304, 0.0, 0.0, 0.0, 0
170.57251, 22.660765, 84.059906, 36.10584, 158.21547, 157.42288, 18.429482, 21.36471
1.7517276, 0.41550583, 49.18665, 50.397842, 0.0, 0.0, 0.0, -1
167.21527, 23.55732, 81.958496, 36.102226, 154.94565, 155.05878, 19.51533, 22.008842
0.78444636, 2.0391686, 48.471252, 49.48958, 0.0, 0.0, 0.0, -1
73.20677, 24.344353, 10.93335, 36.12003, 60.943645, 62.22472, 21.07668, 22.766014
7.285004E-4, 0.0, 0.0, 0.0, 41.93662, -16.808895, -41.254486, -1
36.96167, 4.4517274, 52.256683, 39.64426, 67.91136, 82.67563, 4.822532, 5.680176
0.0015818467, 0.0, 0.0, 0.0, -17.991817, -27.325874, 54.68231, 4
52.705902, 4.451212, 36.517212, 39.644146, 52.174194, 66.93779, 4.822568, 5.680249
2.1541436, -24.945332, -35.558086, 39.496582, 0.0, 0.0, 0.0, 1
168.19543, 18.276772, 77.34642, 35.12461, 152.66008, 140.4152, 16.588606, 12.350866
5.0794992, -1.827425, 47.502045, 50.670536, 0.0, 0.0, 0.0, 0
169.08873, 21.011465, 81.83263, 34.863407, 155.79329, 146.51762, 19.161804, 14.699545
3.4379666, 1.0328795, 48.529976, 50.43714, 0.0, 0.0, 0.0, -1
132.82465, 24.318535, 50.244247, 34.88678, 120.91085, 121.83736, 22.633018, 20.024431
0.14983961, 3.3587468, 47.85804, 48.78321, 0.0, 0.0, 0.0, -1
101.541214, 24.467272, 19.183044, 34.897026, 89.70571, 90.43229, 22.776648, 20.398396
0.001177828, 0.0, 0.0, 0.0, 30.052986, -21.04858, -48.898438, 5
55.7874, 4.7536387, 76.15256, 42.91623, 73.89404, 48.09317, 4.6600957, 6.11026
0.001043953, 0.0, 0.0, 0.0, 43.339336, 23.47846, -33.182205, 5
24.352158, 4.7523465, 107.58734, 42.91623, 105.46161, 84.541534, 4.675166, 6.114598
2.8768147E-4, 0.0, 0.0, 0.0, 49.366543, 22.229332, 28.404129, -1
0.54267883, 4.751394, 132.47429, 42.916267, 130.0468, 113.40883, 4.165918, 5.797085
5.044973E-4, 0.0, 0.0, 0.0, 13.570449, 21.331413, 65.09814, -1
16.23359, 4.7510734, 148.16083, 42.916267, 144.12335, 124.505974, 3.4181237, 5.2739453
4.7278995E-4, 0.0, 0.0, 0.0, -30.875782, 13.487701, 55.63652, 3
63.5259, 4.7505746, 164.54382, 42.91629, 134.70367, 153.55194, 1.899435, 4.369337
3.1880834, -18.61978, 38.32351, 43.05671, 0.0, 0.0, 0.0, 0
170.53674, 17.395912, 91.856384, 39.771862, 175.69911, 171.7059, 15.364768, 16.510551
4.9702597, 1.4209191, 49.460945, 49.11814, 0.0, 0.0, 0.0, -1
171.12593, 19.365067, 95.55411, 39.713795, 175.85367, 172.27467, 17.328142, 18.466553
3.3519492, 3.6410582, 48.272125, 48.086815, 0.0, 0.0, 0.0, -1
171.61449, 22.150984, 99.57378, 39.838676, 176.97954, 173.76999, 19.838562, 20.94615
1.5000211, 4.7477245, 47.71267, 47.539608, 0.0, 0.0, 0.0, -1
129.01042, 23.5471, 144.379, 39.97459, 139.53503, 142.64699, 21.196587, 22.267519
0.10069322, 5.394644, 47.376316, 47.22904, 0.0, 0.0, 0.0, -1
97.658875, 23.647228, 175.88705, 39.98593, 108.083435, 111.214264, 21.27024, 22.327291
3.7012516E-5, 0.0, 0.0, 0.0, -37.764618, -20.79486, -41.44052, 5
34.852615, 23.646317, 121.30621, 39.98592, 45.06166, 48.19905, 21.242327, 22.281103
3.6239624E-5, 0.0, 0.0, 0.0, -39.921616, -20.158497, -39.919888, 3
38.038986, 6.2637177, 88.56343, 43.174175, 81.63701, 88.12895, 3.5575414, 5.4461064
8.354731E-4, 0.0, 0.0, 0.0, 46.430416, 24.998426, -28.571156, 5
22.272919, 6.2633705, 104.3329, 43.174133, 94.75841, 103.902664, 3.8555372, 5.4460645
1.2432155E-4, 0.0, 0.0, 0.0, 51.12538, 26.330147, 22.544474, -1
6.5969086, 6.2630734, 120.01146, 43.174095, 110.39606, 123.19447, 3.5915744, 5.3489194
0.0, 0.0, 0.0, 0.0, 31.489204, 13.32966, 55.181133, -1
9.056839, 6.262742, 135.66174, 43.174095, 120.73578, 138.845, 3.4827101, 5.3488917
0.0, 0.0, 0.0, 0.0, 9.926545, 1.8452367, 88.22822, -1
24.85672, 6.2624197, 151.45825, 43.174095, 131.1026, 154.64151, 3.4076095, 5.3488917
0.0, 0.0, 0.0, 0.0, -23.215456, -11.7683, 65.01624, 3
59.044014, 5.994848, 177.20184, 43.174095, 151.29306, 174.01859, 3.3661253, 5.3488917
0.0, 0.0, 0.0, 0.0, -37.41788, -13.611844, 48.970272, 3
79.331184, 5.635325, 161.5174, 43.174095, 161.36252, 158.33414, 3.4548776, 5.3488917
3.9531043, -28.697277, 13.42224, 57.880486, 0.0, 0.0, 0.0, 0
179.16896, 15.024217, 81.17575, 39.475883, 161.86989, 155.27905, 13.639451, 13.442211
7.162243, -7.2859406, 45.320576, 47.393486, 0.0, 0.0, 0.0, 0
169.93913, 16.860283, 73.94235, 39.077644, 154.5832, 148.91321, 15.429817, 14.910262
5.7670765, -4.8024096, 46.78277, 48.414818, 0.0, 0.0, 0.0, 0
170.81165, 20.284288, 78.95853, 38.560566, 157.79344, 154.12584, 18.802492, 17.74317
4.356542, -1.9600096, 48.389286, 49.650703, 0.0, 0.0, 0.0, 0
171.1752, 22.15928, 81.74948, 38.404984, 159.16795, 157.72353, 20.701252, 19.18916
2.806428, -0.5223411, 49.29579, 50.181873, 0.0, 0.0, 0.0, 0
171.47151, 23.971727, 84.46155, 38.34219, 159.7383, 161.17474, 22.78334, 21.299356
1.4514912, 0.34943208, 49.429794, 50.220776, 0.0, 0.0, 0.0, -1
158.95087, 24.833073, 73.105316, 38.342346, 147.11024, 149.08595, 23.563995, 22.183506
0.58799505, 0.8447785, 49.16366, 49.99156, 0.0, 0.0, 0.0, -1
127.65741, 25.330112, 42.485626, 38.35032, 115.61713, 118.085724, 23.947002, 22.710808
0.089497976, 0.0, 0.0, 0.0, 17.335363, -26.189909, -56.474728, 5
95.519196, 25.41893, 10.468018, 38.352142, 83.23251, 86.06209, 23.908606, 22.808636
7.4636823E-6, 0.0, 0.0, 0.0, 34.63296, -20.33219, -45.03485, 5
32.38115, 25.41793, 52.670105, 38.352135, 20.067535, 23.071884, 23.781841, 22.779732
0.0, 0.0, 0.0, 0.0, 42.650238, -14.69955, -42.650215, -1
54.616104, 7.6316214, 74.960556, 24.994932, 109.32555, 71.36441, 3.6678185, 3.8015888
0.90192395, 29.815224, 35.081554, -35.103218, 0.0, 0.0, 0.0, -1
38.828705, 7.631664, 90.74802, 24.994877, 123.83258, 87.1526, 3.329812, 3.8019965
1.3877797, 29.771778, 35.371693, -34.85653, 0.0, 0.0, 0.0, 2
9.988495, 7.631725, 119.5882, 24.99483, 146.86847, 115.99474, 2.9829147, 3.802916
1.43851, 30.045658, 35.001717, -34.952625, 0.0, 0.0, 0.0, 2
23.503838, 5.3352995, 154.52414, 26.025341, 161.41269, 156.63776, 2.7248166, 4.8462405
2.5556087, 36.595352, 38.363235, -25.04141, 0.0, 0.0, 0.0, 2
55.149136, 5.2837253, 174.0316, 26.075985, 177.37758, 173.59258, 1.5350022, 3.9754908
2.3523946, 37.83202, 37.575367, -24.592615, 0.0, 0.0, 0.0, 2
77.61243, 4.174474, 157.11006, 27.192574, 165.30968, 168.66795, 1.8614149, 4.571504
1.4747386, 15.577635, 40.55013, 43.872234, 0.0, 0.0, 0.0, -1
100.22895, 3.4468176, 140.68126, 27.970194, 153.00945, 153.90854, 2.417411, 4.8609624
6.6611476, -17.357924, 33.405922, 49.236156, 0.0, 0.0, 0.0, 0
169.58443, 24.660673, 121.13547, 27.589607, 177.94801, 178.30328, 22.249447, 22.838818
0.45297146, 15.613888, 42.106956, 42.279152, 0.0, 0.0, 0.0, -1
106.476074, 25.405806, 174.31552, 27.866533, 114.566154, 118.25715, 23.021397, 23.53108
0.002458991, 0.0, 0.0, 0.0, -40.00329, -19.993076, -40.00363, 5
43.325745, 25.406294, 111.16545, 27.865978, 51.49559, 55.205887, 22.995995, 23.489702
0.002482211, 0.0, 0.0, 0.0, -40.389194, -20.068316, -39.54249, 3

SIGNAL KNOWLEDGE:
47.702866, 17.37108, 160.75835, 40.191463, 178.30223, 119.69194, 6.7757697, 4.2428417,implicit, 0
4.9619293, 23.305784, 88.82695, 39.334343, 16.966782, 15.231445, 20.670826, 22.123703,implicit, 0
3.063919, 21.277113, 88.82802, 39.33481, 16.32454, 18.573822, 19.8609, 20.711926,implicit, 0
4.9278984, 22.383558, 91.69774, 48.26055, 66.20784, 92.23149, 14.082631, 15.690279,implicit, 0
16.307276, 12.694189, 88.31418, 46.100925, 74.161194, 94.60623, 6.59745, 4.2911816,implicit, 1
31.701881, 18.272827, 54.809364, 39.594887, 18.956024, 14.24804, 20.394453, 24.080221,implicit, 0
46.637596, 8.694278, 79.035965, 35.1239, 70.17665, 31.831593, 4.1841636, 7.2694793,implicit, 1
4.88739, 25.420029, 82.054535, 32.33749, 15.975941, 13.973522, 23.807497, 22.444372,implicit, 0
4.9649963, 25.064253, 50.826492, 24.553652, 1.3638039, 5.0984726, 23.754404, 23.39461,explicit:callForPass, 0
114.727715, 11.298604, 133.9726, 7.2911563, 133.06046, 61.92112, 13.819086, 6.2213535,implicit, 1
4.254608, 10.314772, 2.0110168, 62.983677, 1.8432007, 1.9897461, 64.59128, 54.016144,implicit, 0
3.0011444, 19.992203, 72.918625, 44.366432, 74.145645, 9.41011, 45.664474, 20.685871,implicit, 0
78.69881, 16.979906, 2.2385101, 28.945364, 36.118286, 1.8245697, 5.7028904, 4.769679,implicit, 1
124.53497, 10.393183, 150.25699, 4.027916, 138.01631, 130.1505, 7.7463307, 19.117813,implicit, 1
111.117004, 6.4152303, 41.886932, 10.589427, 44.16751, 78.36244, 3.7407568, 7.9245143,implicit, 1
96.94641, 15.895111, 168.06146, 39.38525, 154.58142, 141.7601, 5.8871303, 5.8328815,implicit, 0
4.954483, 25.355734, 69.23624, 30.09555, 5.7824707, 5.3388214, 23.784182, 22.212479,implicit, 0
103.56597, 5.9938655, 146.54018, 5.2037716, 84.015656, 70.89322, 4.549166, 2.1864967,implicit, 1
106.28146, 5.930604, 106.81741, 55.593456, 105.7912, 135.1571, 55.054874, 57.387703,implicit, 1
49.10377, 13.772326, 142.602, 35.94569, 146.48683, 171.62541, 4.814064, 6.116725,implicit, 1
4.949295, 24.907692, 88.0309, 36.58212, 15.943893, 14.771652, 23.827293, 22.32011,implicit, 0
110.084404, 5.496449, 19.481903, 24.170979, 56.07068, 19.692673, 3.7861533, 3.5053523,implicit, 1
63.08998, 12.752106, 16.419144, 24.19187, 51.86998, 43.231598, 13.068963, 13.729935,implicit, 0
4.886093, 25.132805, 107.35275, 41.435886, 81.15715, 71.82254, 23.501564, 19.507786,implicit, 0
79.01001, 17.169807, 43.219147, 41.336582, 10.810608, 44.12561, 5.9027333, 5.086237,implicit, 1
67.77861, 11.762464, 175.09259, 41.9983, 112.97566, 177.90843, 6.1139636, 4.856454,implicit, 0
4.950058, 23.326097, 90.97594, 39.495914, 15.746811, 19.618011, 21.75194, 21.121233,implicit, 0
60.3244, 5.628758, 65.03111, 26.033022, 16.794586, 42.83763, 5.8600864, 3.5008395,implicit, 1
4.9965363, 25.10217, 59.320007, 26.666199, 3.7080994, 7.4690247, 22.792185, 23.285507,implicit, 0
4.9450073, 25.886284, 56.892303, 24.161766, 11.070251, 13.946167, 24.679155, 23.64227,implicit, 0
6.2639465, 20.780987, 12.396454, 49.442825, 15.972656, 12.447998, 6.314796, 26.29935,implicit, 1
4.982645, 22.598581, 83.77985, 38.11183, 7.212414, 4.0412064, 21.010746, 19.8909,implicit, 0
55.709217, 7.4554896, 58.566315, 28.362434, 36.63037, 59.012054, 8.280166, 5.049177,implicit, 1
4.8849525, 25.449839, 74.61609, 28.654078, 15.029987, 17.83644, 23.79934, 22.705162,implicit, 0
4.885912, 22.338148, 96.13239, 48.181515, 35.69889, 48.197395, 29.843092, 33.72668,implicit, 0
3.6400414, 23.380367, 78.547386, 38.154305, 9.650078, 5.419319, 21.539503, 21.349514,implicit, 0
59.244507, 9.936461, 76.0741, 30.548641, 25.174906, 65.37393, 4.7255735, 3.7230997,implicit, 1
65.30258, 5.723665, 168.83824, 31.670528, 148.05104, 156.82863, 4.48785, 6.047864,implicit, 0
4.9882126, 25.42454, 80.157326, 31.272594, 14.583591, 18.26918, 23.579657, 23.045332,implicit, 0
92.98651, 3.7470615, 113.36899, 19.22337, 140.78287, 111.93265, 6.8976803, 3.5605993,implicit, 1
4.9015045, 25.424372, 59.11963, 24.204117, 14.279907, 11.237839, 23.2278, 24.207628,implicit, 0
1.1298523, 17.853317, 9.981903, 41.93829, 5.3067627, 22.083618, 5.2608643, 4.6392226,implicit, 1
95.59436, 3.4652083, 54.152893, 26.419691, 90.940414, 133.8501, 2.910404, 4.2257066,implicit, 1
136.76694, 5.391763, 76.70802, 10.450121, 86.0556, 67.3244, 3.183314, 4.8581514,implicit, 1
1.5287971, 25.709066, 76.35066, 44.867805, 15.198196, 11.503389, 24.410795, 24.597513,implicit, 0
0.052033424, 24.587852, 76.35066, 44.867805, 13.9621525, 10.411703, 24.813122, 24.444712,explicit:callForPass, 0
50.0506, 7.0335884, 34.48117, 33.565372, 36.68866, 33.87418, 4.9437284, 10.720787,implicit, 1
4.886162, 25.423395, 68.68864, 30.337269, 6.3340225, 4.725731, 24.08221, 22.642002,implicit, 0
0.10326767, 11.045278, 29.01497, 14.6593895, 27.090868, 30.237993, 5.664863, 3.5404522,implicit, 1
6.1782227, 7.3902197, 88.99652, 10.5455265, 102.41855, 107.6994, 7.46783, 5.0697837,implicit, 1
4.8905334, 33.36479, 37.48607, 42.113453, 49.6212, 32.76436, 4.525908, 5.2411275,implicit, 1
4.9943695, 24.840137, 58.016342, 26.467695, 3.9043732, 4.795212, 17.399921, 22.384405,implicit, 0
4.9779205, 12.5917635, 34.396484, 40.467087, 36.10486, 27.712952, 4.5157957, 5.915446,implicit, 1
5.43425, 23.415827, 87.23518, 47.901253, 37.804764, 19.555664, 22.857561, 22.465216,explicit:callForPass, 0
4.860819, 21.5353, 89.91666, 48.35153, 40.3519, 41.9209, 20.31516, 22.148748,implicit, 0
44.860878, 4.981873, 78.27307, 42.38777, 76.84192, 53.90677, 4.7864, 7.8346324,implicit, 1
117.60317, 9.038081, 139.95319, 17.467638, 138.4549, 143.41922, 3.554021, 5.462329,implicit, 1
87.24823, 4.7549334, 44.691925, 42.916267, 37.72769, 11.648926, 4.106038, 6.143902,implicit, 1
79.1987, 4.7505746, 148.87103, 42.91629, 151.032, 164.95697, 2.1529946, 4.473145,implicit, 0
89.02721, 15.220154, 85.99809, 55.56478, 96.385574, 97.022964, 28.246958, 47.62467,implicit, 1
117.11575, 6.266566, 9.480423, 43.174416, 2.5415497, 3.5117035, 2.730627, 5.4487867,implicit, 1
79.331184, 5.635325, 161.5174, 43.174095, 161.36252, 158.33414, 3.4548776, 5.3488917,implicit, 0
4.877472, 25.413544, 80.17395, 38.352135, 6.8849792, 3.8795166, 23.578707, 22.558712,implicit, 0
101.7178, 7.6322274, 27.854324, 24.994986, 69.56029, 21.592941, 4.2837877, 4.071588,implicit, 1
4.822113, 25.407309, 72.662415, 27.864779, 12.986679, 16.668564, 22.98397, 23.506262,implicit, 0

SHOOT KNOWLEDGE:
154.74005, 10.5619955, 4.927704, 19.932901, 154.05658, 152.29324, 7.7385836, 3.9391184
34.419388, 13.367606, 37.288216, 23.207481, 17.67042, 9.620558, 14.079395, 14.083479
46.498955, 8.44571, 52.210762, 7.2911563, 68.54603, 29.8581, 7.8888354, 3.4092424
102.25946, 6.4152303, 33.02939, 10.589427, 32.39212, 69.5049, 3.4392486, 7.9245143
94.216095, 6.2036448, 4.972809, 27.438072, 68.703766, 66.65523, 17.817331, 12.289512
27.778383, 17.38866, 12.605347, 10.07562, 27.618565, 37.57209, 6.216632, 11.45201
55.160187, 13.132559, 30.505005, 22.435087, 47.13736, 20.105255, 15.013884, 14.283572
42.607178, 12.791897, 25.630981, 22.167313, 24.376678, 40.222366, 13.936243, 15.756841
49.772736, 7.3902197, 33.045563, 10.5455265, 33.61322, 37.70288, 6.773939, 3.7566252
43.935608, 11.447989, 32.058548, 24.96571, 23.362473, 29.93779, 15.102, 17.804157
42.901703, 10.457016, 28.218933, 25.132513, 37.16806, 32.27794, 17.732296, 17.096098

