POS KNOWLEDGE:
56.740356, 15.541259, 1.0562744, 49.111004, 9.79895, 18.494873, 55.21722, 30.178482
3.7911355, -43.033707, -41.365868, -15.600424, 0.0, 0.0, 0.0, 0
69.93117, 13.760799, 1.0560303, 45.308872, 10.466675, 19.861084, 44.0542, 19.154293
3.501001, -48.379704, -46.04875, -5.5715466, 0.0, 0.0, 0.0, 0
80.59886, 12.677436, 1.0284424, 41.549847, 11.313507, 18.857391, 32.929653, 8.685805
2.8537047, -39.49462, -31.959673, 28.545698, 0.0, 0.0, 0.0, 0
112.29727, 14.294745, 25.08014, 38.39019, 35.81753, 60.072308, 19.055996, 4.565941
2.953472, -61.476635, -28.501472, 10.021895, 0.0, 0.0, 0.0, 0
91.8593, 13.92392, 26.917328, 34.51429, 25.73056, 68.08766, 6.8683267, 2.4292767
0.58244056, -44.47052, -37.764313, -17.76517, 0.0, 0.0, 0.0, -1
74.785614, 13.724939, 11.124115, 34.004513, 12.479858, 58.912094, 6.139582, 2.4250069
0.020161241, 0.0, 0.0, 0.0, 38.13298, -5.1477566, -56.71927, 5
1.3450165, 14.293883, 47.99521, 33.93156, 48.604004, 10.879303, 5.477143, 3.9630167
0.0020163213, 0.0, 0.0, 0.0, -44.954258, 0.28214958, 54.76359, 3
4.225647, 14.478891, 42.766205, 33.930294, 43.399994, 16.044891, 5.4761033, 5.068064
0.62133896, -48.465504, -25.097, 26.437496, 0.0, 0.0, 0.0, -1
35.786377, 14.477927, 11.203552, 33.930115, 11.844299, 9.62796, 5.476111, 5.5281363
1.7897564, -48.151974, -22.012732, 29.835297, 0.0, 0.0, 0.0, 0
83.96344, 14.546021, 36.398743, 33.802708, 37.53897, 53.286346, 5.354187, 5.789446
3.3102539, -58.318604, 7.4914002, 34.19, 0.0, 0.0, 0.0, 0
102.46663, 14.777598, 53.220123, 33.423874, 58.240448, 73.4552, 5.0958676, 5.779576
0.5453143, -46.223522, -21.470676, 32.3058, 0.0, 0.0, 0.0, -1
80.208176, 15.081662, 29.144257, 32.99485, 34.50299, 50.565765, 4.8512063, 5.9721446
0.0021892972, 0.0, 0.0, 0.0, 26.809248, -0.5129303, -72.677826, 5
48.732986, 15.081593, 2.3324585, 32.9944, 1.6427917, 13.546417, 4.8844905, 6.0177712
0.002428828, 0.0, 0.0, 0.0, 42.58653, 14.833793, -42.579678, 5
33.013504, 15.081496, 18.053406, 32.993958, 15.361145, 4.994507, 4.866572, 6.118792
0.0024151024, 0.0, 0.0, 0.0, 35.29834, 29.417389, -35.284267, 5
4.936249, 15.08118, 46.136246, 32.99228, 50.19307, 44.061996, 4.6236706, 6.1112876
0.0021387658, 0.0, 0.0, 0.0, 57.61225, 41.847454, 0.54028827, -1
4.941498, 14.557263, 51.037643, 32.99062, 47.40831, 54.969406, 4.6035156, 6.025799
3.9512856E-4, 0.0, 0.0, 0.0, 67.732666, 31.902145, -0.36518687, 5
4.942627, 25.368889, 75.80046, 29.35881, 16.618301, 15.015045, 24.329544, 22.88077
4.088495, -7.6891227, -45.649014, -46.66186, 0.0, 0.0, 0.0, 2
2.3259888, 23.414236, 75.80144, 29.359373, 17.375671, 14.642502, 23.520607, 22.207573
3.080231, -24.233946, -40.2161, -35.549953, 0.0, 0.0, 0.0, 1
13.475281, 15.408602, 68.113464, 28.367533, 4.6188965, 1.2273865, 19.250896, 17.83138
1.5281417, -55.529602, -30.163876, -14.306521, 0.0, 0.0, 0.0, 0
155.95107, 25.104227, 175.49626, 52.144524, 176.02745, 167.48393, 40.57235, 25.864326
0.6188636, 34.998985, 34.485676, 30.51534, 0.0, 0.0, 0.0, -1
119.97269, 24.333511, 144.26373, 53.10126, 144.8309, 136.40625, 38.58792, 26.714602
8.8956626E-4, 0.0, 0.0, 0.0, -38.3028, -19.045605, -42.651596, 5
64.04007, 22.571575, 97.13937, 53.102703, 97.696045, 89.335724, 34.176605, 25.946726
0.4005405, -35.506184, -35.337273, -29.156542, 0.0, 0.0, 0.0, -1
46.677094, 22.323547, 81.431366, 53.103092, 81.98398, 73.74011, 32.70709, 24.477716
2.7583075, -36.78994, -36.60608, -26.603985, 0.0, 0.0, 0.0, 0
43.760193, 20.014397, 4.9161377, 51.279114, 5.465851, 2.3988647, 22.288132, 14.16839
3.6596196, -38.712208, -38.499638, -22.788153, 0.0, 0.0, 0.0, 0
45.96289, 19.45856, 4.91626, 50.435337, 5.4566956, 2.2890015, 19.812231, 11.678753
2.973907, -36.512566, -36.68866, -26.798777, 0.0, 0.0, 0.0, 1
49.322327, 18.603708, 4.91626, 49.030415, 5.46756, 1.9397583, 15.646016, 8.35752
2.5655396, -29.332832, -22.424332, -48.242836, 0.0, 0.0, 0.0, 2
3.6642761, 15.861294, 56.432068, 46.572666, 76.78514, 69.18112, 8.183676, 4.4573765
0.5409858, -30.981398, -8.592054, -60.426544, 0.0, 0.0, 0.0, -1
4.968933, 7.7190747, 56.07785, 46.140205, 56.57614, 56.072205, 6.077396, 4.4854684
0.0020223896, 0.0, 0.0, 0.0, 55.69295, 44.038246, -0.26879966, 5
4.9544983, 24.312891, 96.05127, 43.282898, 15.028915, 18.192352, 22.505886, 23.481098
4.2325006, 2.4923494, -47.951523, -49.556126, 0.0, 0.0, 0.0, 2
3.1766663, 15.045065, 100.201096, 46.442955, 18.38379, 23.16513, 17.664385, 18.825619
0.97583276, -9.64872, -47.38976, -42.96152, 0.0, 0.0, 0.0, -1
59.39963, 13.599072, 85.25452, 46.517197, 3.1447906, 8.066605, 13.61787, 19.04378
3.0702004, -70.77294, -19.697023, 9.5300255, 0.0, 0.0, 0.0, 0
108.16632, 9.028773, 4.94792, 43.879395, 56.02143, 65.76567, 8.642345, 13.711381
3.6150324, -74.851074, -2.051612, 23.097315, 0.0, 0.0, 0.0, 0
173.69907, 5.085688, 4.952606, 38.627968, 60.694138, 117.844086, 2.4690392, 4.960216
2.3101745, -42.15225, 35.21087, 22.636885, 0.0, 0.0, 0.0, 0
125.24049, 4.9344482, 28.532104, 35.756367, 62.120285, 84.49249, 3.1994069, 2.3634074
0.44917208, -55.253345, -27.358236, 17.388416, 0.0, 0.0, 0.0, -1
160.85178, 5.1036654, 1.8604889, 35.339367, 24.20671, 76.52092, 3.6707706, 3.154349
0.0021627652, 0.0, 0.0, 0.0, 40.451485, 2.2381449, -57.31037, 5
115.43921, 4.7153034, 38.50331, 35.33839, 39.169495, 6.189453, 4.9341097, 5.8758717
0.0017863885, 0.0, 0.0, 0.0, 36.114304, 19.659428, -44.226265, 5
2.0427246, 23.40867, 81.28224, 37.33522, 15.369934, 12.952454, 21.801876, 23.894371
4.213412, 1.8109528, -48.346306, -49.842743, 0.0, 0.0, 0.0, 2
2.0245667, 15.870681, 89.68558, 33.731915, 18.656586, 15.033844, 18.37413, 19.814636
1.2620515, -29.359272, -39.36632, -31.274405, 0.0, 0.0, 0.0, 1
13.545593, 13.572695, 75.19037, 36.84381, 3.5229797, 3.1289673, 17.618496, 18.111977
2.9072196, -79.64585, -10.687867, 9.666281, 0.0, 0.0, 0.0, 0
99.20097, 8.256341, 4.8413696, 31.396868, 106.46822, 101.82652, 11.027341, 13.104595
10.346353, -63.418232, 7.408578, 29.17319, 0.0, 0.0, 0.0, 0
144.99242, 4.944227, 36.50891, 7.420654, 154.32587, 135.50854, 10.399559, 8.739293
0.5709774, -30.55205, 37.47721, 31.970736, 0.0, 0.0, 0.0, -1
120.62262, 5.5167127, 74.73523, 6.955926, 125.65929, 103.30676, 10.986924, 7.229531
0.0032147293, 0.0, 0.0, 0.0, 35.310604, -16.31759, -48.371807, 5
93.847885, 4.809417, 90.48299, 6.9544325, 110.416534, 78.68512, 10.008738, 6.6646013
0.0, 0.0, 0.0, 0.0, 54.750206, -6.829278, -38.420513, -1
64.46472, 4.229161, 106.188065, 6.9544325, 95.64805, 52.530945, 8.5274935, 6.1426525
0.0, 0.0, 0.0, 0.0, 78.00168, 21.279484, -0.7188369, 5
33.09495, 3.8526373, 121.94356, 6.9544325, 81.18971, 26.309753, 7.0795803, 5.7477746
0.40464061, 46.381687, -37.207684, -16.410627, 0.0, 0.0, 0.0, -1
11.144123, 3.782585, 138.00703, 6.9544325, 66.88405, 0.8583431, 5.758981, 5.446161
2.3189342, 67.20154, -23.812471, 8.985992, 0.0, 0.0, 0.0, 1
88.8067, 3.2096994, 160.73412, 7.2793913, 43.6483, 118.764755, 3.8851535, 5.678933
2.599362, 47.444893, 25.053162, 27.501944, 0.0, 0.0, 0.0, -1
137.79971, 5.008081, 158.8833, 9.968961, 156.30203, 149.89877, 3.483288, 8.572115
0.48364508, 36.74402, 43.40136, 19.85462, 0.0, 0.0, 0.0, -1
157.86353, 5.4464674, 143.63501, 10.465122, 144.15567, 167.92978, 4.131189, 9.06459
1.229233, -46.742622, -8.545166, 44.712208, 0.0, 0.0, 0.0, 0
140.50333, 5.790028, 80.920074, 10.326561, 82.72269, 113.34534, 3.5806057, 7.2816424
0.53488326, 15.5009165, 37.02203, 47.477055, 0.0, 0.0, 0.0, -1
144.28787, 5.183406, 128.83313, 9.961841, 135.40796, 149.33643, 3.3359933, 7.057452
0.651188, 48.02418, 47.367737, 4.6080804, 0.0, 0.0, 0.0, -1
84.53165, 4.4575715, 176.20956, 10.611445, 179.65146, 172.48032, 3.8670628, 7.416614
9.536743E-7, 0.0, 0.0, 0.0, -38.72045, -17.841047, -43.4385, 5
68.19461, 4.443218, 167.98584, 10.611446, 163.8469, 159.18903, 3.8670616, 7.2931113
0.0, 0.0, 0.0, 0.0, -41.837715, -16.328592, -41.83369, 3
3.1419365, 22.896759, 33.492638, 22.019815, 8.201462, 10.712826, 23.943844, 22.56607
3.943047, -15.071748, -41.92016, -43.008095, 0.0, 0.0, 0.0, 2
51.013626, 11.680227, 87.88609, 61.44281, 69.42049, 86.906784, 50.088627, 57.411747
2.807424, -30.550486, -33.782295, -35.66722, 0.0, 0.0, 0.0, 2
1.5159302, 8.440272, 40.238617, 60.133774, 21.269318, 38.090668, 38.862087, 47.459225
2.016006, -35.88092, -36.281265, -27.837816, 0.0, 0.0, 0.0, 1
15.143372, 7.523077, 24.5289, 59.51776, 5.575989, 22.478699, 36.57438, 45.259773
3.1550534, -41.626785, -40.329765, -18.04345, 0.0, 0.0, 0.0, 0
54.97644, 5.5489774, 4.9345093, 56.511383, 14.858704, 2.7881775, 24.737415, 33.295162
3.8207724, -45.563107, -44.32243, -10.114459, 0.0, 0.0, 0.0, 0
114.78583, 5.463725, 4.933258, 50.40698, 14.546783, 2.5387268, 7.9931436, 15.355969
2.8392174, -43.28377, -44.53439, 12.181835, 0.0, 0.0, 0.0, 1
109.359406, 5.344581, 12.329468, 48.157093, 0.21289062, 11.059174, 4.6773767, 9.453638
2.5491376, -54.7341, -39.553905, 5.711999, 0.0, 0.0, 0.0, 0
82.3826, 3.8395581, 56.536682, 46.7725, 64.674225, 74.87216, 4.2153788, 7.291229
0.52638, -68.72907, -30.625519, 0.6454078, 0.0, 0.0, 0.0, -1
68.04728, 3.789471, 84.50665, 46.336117, 95.245605, 108.66231, 4.3077464, 6.376257
0.0020178703, 0.0, 0.0, 0.0, 41.621563, 16.729918, -41.648525, 5
127.783844, 11.621762, 4.6688232, 34.087147, 61.56553, 84.177536, 3.2484055, 7.5241923
2.5505729, -40.44933, 20.607742, 38.942924, 0.0, 0.0, 0.0, 0
157.62299, 10.936441, 42.4933, 30.796448, 79.34798, 122.20572, 2.4518085, 6.202373
0.6295429, -30.568058, 25.66778, 43.764164, 0.0, 0.0, 0.0, -1
121.630356, 11.043719, 76.31854, 30.297157, 104.34491, 137.51157, 3.1532717, 7.4448395
0.0023552317, 0.0, 0.0, 0.0, 44.631275, 8.063189, -47.30554, 5
9.858807, 26.692902, 68.21062, 32.136158, 15.648775, 12.758709, 26.270138, 27.505322
3.731944, -16.577957, -41.7267, -41.695343, 0.0, 0.0, 0.0, 1
8.963696, 25.779205, 68.21062, 32.136158, 16.518332, 12.707817, 25.77643, 26.821817
3.8666499, -16.752651, -41.608337, -41.63901, 0.0, 0.0, 0.0, 2
7.953747, 25.009243, 68.21062, 32.136158, 17.028233, 12.574318, 25.521587, 26.483755
4.1038675, -20.301865, -40.179573, -39.518566, 0.0, 0.0, 0.0, 1
6.68713, 17.061436, 74.05675, 30.750654, 19.700577, 7.8182373, 21.11553, 21.96715
2.133836, -53.598606, -27.023659, -19.377743, 0.0, 0.0, 0.0, 0
43.133545, 12.211115, 25.482452, 28.606588, 26.73084, 38.447094, 16.438581, 17.432178
7.7482786, -79.358604, -8.071111, 12.570284, 0.0, 0.0, 0.0, 0
122.65412, 5.276806, 4.508301, 24.308962, 42.858856, 77.80446, 4.217474, 9.070239
2.7513206, -31.342606, 23.899162, 44.758232, 0.0, 0.0, 0.0, 0
155.8035, 5.988138, 59.135468, 21.31205, 78.64905, 112.65762, 3.0236144, 8.063549
0.6369242, -34.760994, 10.888286, 54.350723, 0.0, 0.0, 0.0, -1
114.8132, 6.3091965, 34.143127, 20.831512, 43.792267, 74.14558, 3.2133496, 8.136285
4.0789277E-4, 0.0, 0.0, 0.0, 38.36608, 12.779615, -48.85431, 5
4.96455, 8.397916, 62.782307, 20.830502, 63.891773, 53.69347, 3.5362391, 4.943304
1.396058E-4, 0.0, 0.0, 0.0, 64.88224, 34.82663, 0.2911306, -1
4.9679832, 8.397596, 62.782154, 20.83046, 67.83415, 54.681416, 3.3456445, 4.6583447
3.3569337E-5, 0.0, 0.0, 0.0, 63.79022, 33.568607, -2.6411743, 5
1.9147797, 23.247477, 57.832626, 23.965029, 11.190201, 10.974777, 22.749243, 24.372805
3.8452456, -23.486652, -38.175026, -38.338326, 0.0, 0.0, 0.0, 2
1.4315796, 21.032988, 57.832626, 23.965029, 10.3072815, 10.179871, 21.797426, 23.58744
4.330175, -18.921366, -40.58425, -40.494385, 0.0, 0.0, 0.0, 1
166.80284, 31.667467, 175.54247, 52.025414, 174.99821, 151.30486, 48.97667, 54.484047
0.63056356, 34.173683, 32.724792, 33.101524, 0.0, 0.0, 0.0, -1
163.15077, 30.96421, 143.66481, 52.988228, 143.13292, 176.09065, 47.005707, 52.351677
0.0053159953, 0.0, 0.0, 0.0, -40.0127, -20.141054, -39.84625, 3
147.7569, 30.759865, 127.93951, 52.99172, 127.40966, 160.27115, 45.54066, 50.88529
0.0029770203, 0.0, 0.0, 0.0, -39.039482, -19.598106, -41.36241, 5
116.309, 30.760723, 96.49265, 52.992607, 95.96726, 128.62299, 42.599426, 47.95707
0.7615039, -50.0, 43.861237, 6.1387634, 0.0, 0.0, 0.0, -1
100.20407, 30.761238, 80.38855, 52.993057, 79.86563, 112.408295, 41.129528, 46.49011
2.920475, -35.16753, -32.326805, -32.505665, 0.0, 0.0, 0.0, 0
25.725754, 28.792059, 4.4945984, 50.89017, 3.9596252, 37.258423, 30.009857, 35.8872
3.7172117, -35.144512, -33.526993, -31.328491, 0.0, 0.0, 0.0, 0
23.999556, 22.460245, 4.4944763, 47.83395, 3.925537, 28.431253, 20.975609, 27.399374
3.6845233, -35.48336, -33.667866, -30.848768, 0.0, 0.0, 0.0, 0
29.331299, 23.457754, 4.4949036, 44.017254, 3.8858948, 47.662457, 9.801465, 17.012417
2.9039433, -52.571987, -25.024637, -22.403372, 0.0, 0.0, 0.0, 0
77.10663, 24.222778, 55.87387, 40.94247, 66.46329, 97.399155, 4.7212415, 7.701295
1.9500008, -64.268585, -13.065338, -22.66608, 0.0, 0.0, 0.0, 0
71.19522, 24.627974, 50.442017, 40.563686, 64.63843, 100.08069, 4.5718493, 6.545096
0.3650469, -69.7905, 9.131755, -21.077745, 0.0, 0.0, 0.0, -1
55.112915, 25.064247, 35.213135, 40.393387, 48.938232, 88.036285, 4.559526, 5.784924
0.008127849, 0.0, 0.0, 0.0, -4.768482, -37.601154, -57.63036, 5
0.63165283, 27.449488, 11.6427, 40.381985, 7.8965454, 19.530655, 4.8415923, 6.102687
7.1082684E-7, 0.0, 0.0, 0.0, -77.10868, 9.398628, 13.492687, 3
4.9782715, 25.769884, 7.2044983, 40.381985, 3.4591064, 16.428833, 4.8415246, 6.1051803
0.0, 0.0, 0.0, 0.0, 63.037033, 35.74002, -1.2229567, 5
4.532318, 24.61088, 0.3576355, 40.381985, 3.3877258, 18.29744, 4.8415256, 6.011419
0.0, 0.0, 0.0, 0.0, 88.09297, 11.745068, 0.16195409, -1
4.9158325, 24.050253, 2.463562, 40.381985, 6.208496, 18.444641, 4.841556, 6.0243435
4.2649613E-6, 0.0, 0.0, 0.0, 82.94888, 15.790131, -1.2609868, 5
4.561798, 21.815096, 16.392914, 40.381985, 16.36084, 22.573273, 4.500368, 5.9907823
0.001020314, 0.0, 0.0, 0.0, 77.096275, 21.65362, 1.2501, -1
4.959259, 18.971783, 35.433075, 40.381786, 38.983185, 32.24991, 4.5893226, 6.0539665
0.0019010741, 0.0, 0.0, 0.0, 68.54834, 30.269989, -1.1816632, 5
4.904541, 17.85244, 43.95157, 40.381306, 49.862396, 35.62787, 4.6380515, 5.588652
0.0019031861, 0.0, 0.0, 0.0, 64.456314, 35.215973, 0.32771426, -1
4.981903, 16.737825, 52.677185, 40.38075, 64.328125, 45.227448, 4.7776937, 4.813257
0.0019129908, 0.0, 0.0, 0.0, 64.56961, 33.66298, -1.7674035, 5
4.1821594, 16.179256, 58.206116, 40.38042, 69.94856, 51.375244, 4.9969654, 4.810901
0.0011288337, 0.0, 0.0, 0.0, 67.61546, 32.09264, 0.29190236, -1
4.6036444, 20.759607, 81.19063, 47.91661, 18.321886, 20.808641, 20.718435, 18.485872
4.015344, -8.076913, -45.3354, -46.58769, 0.0, 0.0, 0.0, 2
3.5001936, 14.251519, 84.28559, 47.369404, 19.746561, 23.213938, 17.461376, 16.231438
2.9391456, -71.50945, -25.24493, -3.2456172, 0.0, 0.0, 0.0, 0
83.81332, 10.598751, 4.9141235, 39.33435, 130.19153, 116.5802, 10.715411, 6.092654
3.632164, -61.192482, 14.680724, 24.126795, 0.0, 0.0, 0.0, 0
71.39862, 5.6227345, 5.7609253, 33.036003, 147.32994, 84.687, 7.291791, 2.1810155
3.0432112, -41.38941, 35.501503, 23.109083, 0.0, 0.0, 0.0, 0
110.92392, 6.1849294, 32.272095, 28.339027, 98.061165, 64.39697, 11.112427, 3.5707417
0.7334582, -37.02535, -37.950413, -25.024244, 0.0, 0.0, 0.0, -1
171.01701, 36.281906, 162.08452, 52.75518, 163.43193, 166.84346, 32.16609, 46.504234
0.2761286, 33.666946, 33.520046, 32.813007, 0.0, 0.0, 0.0, -1
155.13533, 35.107056, 146.38115, 53.025795, 147.6964, 151.11082, 30.966408, 46.77289
0.0034297218, 0.0, 0.0, 0.0, -39.846176, -19.947596, -40.206226, 5
107.57084, 30.736029, 99.177895, 53.03055, 100.41575, 103.87357, 26.632896, 44.124123
0.38511753, -33.564037, -33.50976, -32.9262, 0.0, 0.0, 0.0, -1
91.6994, 29.299042, 83.453064, 53.031006, 84.6738, 88.1279, 25.162722, 42.64659
2.2491515, -33.607212, -33.547405, -32.845383, 0.0, 0.0, 0.0, 0
14.808044, 11.999377, 4.8412476, 48.889698, 5.9170227, 9.821503, 8.4505415, 25.241327
2.9554439, -48.56966, -43.16341, -8.266929, 0.0, 0.0, 0.0, 0
53.8291, 8.538518, 34.444244, 47.268116, 37.62274, 39.73477, 5.1917405, 19.162882
3.11693, -49.022045, -31.616869, 19.361076, 0.0, 0.0, 0.0, 0
160.74677, 7.191136, 29.541107, 43.639824, 53.093674, 49.26407, 3.2586482, 7.681424
1.2951137, -44.92618, -19.934464, 35.139355, 0.0, 0.0, 0.0, 0
162.67563, 7.8016295, 26.322266, 43.010452, 52.790894, 47.585342, 2.9705875, 6.881523
0.43067145, -47.276516, -14.607057, 38.116425, 0.0, 0.0, 0.0, -1
149.52972, 8.151619, 10.610321, 42.543262, 35.618683, 31.210098, 2.7598257, 6.197914
0.010612867, 0.0, 0.0, 0.0, 40.928112, 11.17985, -47.892044, 5
4.7880096, 16.72193, 90.34248, 39.69375, 9.596466, 13.701767, 17.510857, 18.807508
1.177749, -30.502562, -39.567078, -29.930359, 0.0, 0.0, 0.0, 1
20.600082, 14.584212, 75.5403, 39.745235, 5.646179, 1.434021, 16.862154, 18.172424
2.4905164, -75.60472, -13.135804, 11.2594795, 0.0, 0.0, 0.0, 0
146.66187, 7.4623923, 4.6513214, 32.877262, 63.397842, 106.36685, 3.5643218, 8.061871
2.7407365, -42.763443, 19.10786, 38.1287, 0.0, 0.0, 0.0, 0
171.511, 8.855628, 4.6069336, 30.635967, 63.159363, 142.68738, 2.3104353, 6.165086
2.7919927, -31.319824, 37.944412, 30.735764, 0.0, 0.0, 0.0, 0
111.552826, 8.464965, 35.472458, 27.928486, 88.97266, 115.45375, 3.383752, 3.6018915
3.0038195, -44.902905, 24.888243, 30.20885, 0.0, 0.0, 0.0, 0
125.84061, 7.8102517, 34.68573, 26.457388, 65.448135, 64.352234, 3.9683058, 2.7825212
0.64396715, -48.926243, -30.184439, 20.889318, 0.0, 0.0, 0.0, -1
141.86179, 7.938827, 23.597763, 26.177797, 50.984146, 62.14627, 4.0586634, 2.9499743
0.09280526, 0.0, 0.0, 0.0, 47.74385, -5.3072176, -46.94893, -1
156.8255, 7.968657, 9.455643, 26.126993, 28.202835, 60.48323, 4.214858, 3.585354
0.0024957662, 0.0, 0.0, 0.0, 46.05206, 7.8857636, -46.062176, 5
125.49466, 7.968748, 40.78064, 26.126955, 43.394745, 2.6352234, 4.840477, 5.209549
0.002089437, 0.0, 0.0, 0.0, 39.023884, 21.943975, -39.03214, 5
78.381294, 7.9688807, 87.883545, 26.126936, 87.16492, 66.46677, 5.0473604, 6.049811
6.349068E-4, 0.0, 0.0, 0.0, 9.197258, 10.457468, -80.345276, 5
159.0712, 56.423607, 165.49835, 54.608044, 164.03613, 155.30319, 28.020872, 49.384132
0.6239089, 34.205643, 32.530518, 33.26384, 0.0, 0.0, 0.0, -1
126.872635, 56.351597, 133.72026, 55.56929, 163.18526, 121.39137, 28.252142, 49.713013
0.0019257843, 0.0, 0.0, 0.0, -39.448906, -19.737436, -40.81366, 5
94.114136, 53.663975, 102.20325, 55.570137, 130.98831, 89.46231, 25.346664, 49.619713
0.29574162, -34.336308, -31.724236, -33.939457, 0.0, 0.0, 0.0, -1
77.72914, 52.329403, 86.48695, 55.57038, 114.86757, 73.78523, 23.887188, 48.33975
2.4886408, -34.42275, -31.789715, -33.787533, 0.0, 0.0, 0.0, 0
3.975891, 46.46208, 7.821472, 54.52442, 34.54315, 4.9279175, 15.590901, 39.87776
3.6183283, -34.737225, -31.68698, -33.575798, 0.0, 0.0, 0.0, 0
9.533981, 40.745846, 4.8915405, 50.71448, 28.751984, 8.874756, 6.5602894, 29.328562
2.8021932, -46.464584, -31.346786, -22.188631, 0.0, 0.0, 0.0, 0
72.4805, 33.946796, 37.88382, 46.88594, 55.36647, 56.216766, 4.2137885, 13.2940235
2.3556519, -50.146507, -29.598251, -20.255241, 0.0, 0.0, 0.0, 0
73.822845, 30.861818, 27.137878, 44.787834, 52.393005, 50.01506, 3.268415, 7.849576
0.5822606, -63.750256, -22.021841, 14.227903, 0.0, 0.0, 0.0, -1
59.409164, 29.550463, 6.1808777, 44.034286, 33.46318, 25.973114, 3.192621, 6.1680264
0.002150311, 0.0, 0.0, 0.0, 45.78424, 26.985178, -27.230581, 5
4.3999176, 26.640762, 63.23169, 44.032043, 65.83453, 60.883026, 3.403525, 5.7293005
8.9078036E-4, 0.0, 0.0, 0.0, 57.434853, 40.656837, 1.9083077, -1
4.9204865, 25.521494, 68.67882, 44.031116, 63.95833, 71.40343, 3.7841518, 5.3839717
9.394539E-5, 0.0, 0.0, 0.0, 62.800987, 37.05612, -0.14289275, 5
4.924408, 24.40099, 74.918884, 44.030937, 65.25824, 80.1102, 4.112198, 5.117216
1.9073486E-6, 0.0, 0.0, 0.0, 65.15491, 33.403923, 1.441173, -1
4.8851013, 21.231981, 81.877426, 38.94112, 4.7744904, 10.457901, 21.448748, 20.823769
4.1296725, -2.8262947, -48.835423, -48.338284, 0.0, 0.0, 0.0, 1
4.92572, 15.287001, 87.023315, 38.747326, 4.296463, 12.165314, 16.55049, 15.908183
1.3552492, -32.998653, -37.774406, -29.22694, 0.0, 0.0, 0.0, 1
20.722076, 13.202005, 72.41582, 38.7447, 11.069778, 2.828003, 15.843552, 15.220078
3.116494, -76.488594, -13.066004, 10.445404, 0.0, 0.0, 0.0, 0
118.48053, 10.193782, 4.870046, 33.23311, 107.96495, 56.620346, 11.906792, 3.6467562
3.2758093, -51.65293, 12.877388, 35.469673, 0.0, 0.0, 0.0, 0
131.7775, 9.381438, 4.870224, 28.430841, 111.47777, 51.011734, 7.6862535, 2.8341863
3.1868052, -35.118855, 25.585186, 39.29596, 0.0, 0.0, 0.0, 0
168.63416, 10.367082, 45.828445, 24.817696, 150.17984, 70.16379, 5.650521, 3.7995038
3.379926, -27.044205, 30.424347, 42.53145, 0.0, 0.0, 0.0, 0
175.14471, 10.394245, 63.687622, 22.557287, 138.42447, 84.05763, 5.519883, 3.1056364
0.54691565, -28.371964, 17.073484, 54.55455, 0.0, 0.0, 0.0, -1
148.15173, 11.262434, 92.67891, 22.130367, 157.66394, 101.08087, 6.5303526, 3.261895
4.6998542E-4, 0.0, 0.0, 0.0, 10.850857, 6.094329, -83.05482, 5
4.146158, 16.518883, 92.76274, 45.99799, 21.53494, 10.987729, 19.251024, 19.05446
1.182754, -29.208717, -40.61482, -30.176466, 0.0, 0.0, 0.0, 1
19.803574, 15.773353, 77.85046, 46.121643, 6.7926617, 4.110444, 18.63575, 18.386215
2.9458768, -58.79148, -29.591333, -11.617186, 0.0, 0.0, 0.0, 0
108.511505, 16.062077, 4.935303, 39.34456, 60.133583, 81.540276, 5.083897, 11.2662115
3.084215, -60.87678, -17.366488, 21.756735, 0.0, 0.0, 0.0, 0
125.28157, 16.977566, 4.7759094, 37.16046, 53.101654, 103.2155, 2.115926, 5.8644147
2.1628814, -24.862217, 27.897, 47.240784, 0.0, 0.0, 0.0, 0
146.47772, 17.10426, 36.046875, 35.659645, 65.08646, 94.1568, 3.578856, 8.192737
0.47948006, -50.56479, -44.443386, 4.991824, 0.0, 0.0, 0.0, -1
130.61172, 17.406384, 20.763123, 35.47573, 43.834015, 70.70752, 3.819006, 8.532296
1.9056444, -27.734163, -40.643147, -31.62269, 0.0, 0.0, 0.0, 1
83.49899, 17.420406, 26.333557, 35.468925, 25.631073, 1.7548218, 4.9410663, 8.711811
2.1443353, -32.192623, -32.021446, -35.785934, 0.0, 0.0, 0.0, 2
59.761448, 16.626907, 55.381256, 34.81865, 64.848694, 53.194977, 4.341836, 7.387791
1.1142987, -35.917316, -26.105124, -37.977562, 0.0, 0.0, 0.0, 2
17.62897, 14.338505, 67.85476, 32.45892, 1.444046, 2.450718, 17.462952, 19.026775
2.2758715, -76.090485, -21.115757, -2.793754, 0.0, 0.0, 0.0, 0
176.69293, 18.577175, 170.97946, 52.110447, 171.22412, 169.52298, 50.997852, 51.47996
0.62279195, 33.56369, 33.556793, 32.879524, 0.0, 0.0, 0.0, -1
143.4629, 17.48315, 139.22606, 53.079792, 139.51958, 137.75069, 48.9335, 49.42377
0.013843574, 0.0, 0.0, 0.0, -39.96922, -20.014303, -40.01648, 5
96.13352, 17.134764, 92.1594, 53.08137, 92.54032, 90.61027, 44.545155, 45.058437
0.7942944, -33.678696, -33.67028, -32.651024, 0.0, 0.0, 0.0, -1
80.36694, 17.135065, 76.39365, 51.620075, 76.81613, 74.82327, 43.07091, 43.59413
3.3259902, -33.762394, -33.753944, -32.483658, 0.0, 0.0, 0.0, 0
21.782349, 6.5558457, 11.375885, 41.624332, 28.333054, 5.7407837, 8.929649, 9.063975
2.2518363, -51.328667, -34.06835, -14.602987, 0.0, 0.0, 0.0, 0
76.40227, 4.3164525, 51.45807, 39.97999, 85.84836, 49.055725, 5.8879, 5.100897
0.59218585, -72.05677, -21.41095, 6.532282, 0.0, 0.0, 0.0, -1
68.17337, 4.064793, 30.358093, 39.522984, 66.396805, 35.05078, 6.283755, 4.778988
0.0032628241, 0.0, 0.0, 0.0, -3.7203, -8.8564415, -87.423256, 5
4.525736, 23.244036, 79.10768, 32.61542, 12.1264305, 5.7975006, 22.025654, 20.971165
4.2411695, -4.0506105, -47.575077, -48.37431, 0.0, 0.0, 0.0, 2
4.9584503, 21.126356, 79.35857, 32.61542, 12.553131, 8.604523, 20.899895, 19.76878
4.4282184, -5.8998632, -47.20842, -46.891712, 0.0, 0.0, 0.0, 1
4.8854675, 14.60305, 85.33455, 32.374805, 15.521439, 10.897903, 17.426872, 16.180265
1.3356998, -31.573832, -39.062828, -29.363337, 0.0, 0.0, 0.0, 1
20.716736, 13.180473, 70.783356, 32.37203, 0.525589, 4.232712, 16.769365, 15.505976
3.1854281, -73.98787, -16.21131, 9.800824, 0.0, 0.0, 0.0, 0
110.691185, 9.578589, 4.845888, 28.21646, 74.5665, 68.95288, 11.241136, 6.414634
3.7886527, -65.82455, -0.5480135, 33.627434, 0.0, 0.0, 0.0, 0
120.48501, 7.278832, 4.485092, 26.710596, 76.71658, 59.786682, 8.432863, 4.2226534
3.0199971, -53.948265, 7.8893414, 38.162395, 0.0, 0.0, 0.0, 0
137.36739, 7.6980233, 4.4878235, 24.410252, 116.14763, 59.21489, 4.3696485, 2.350883
3.0369928, -33.512516, 30.364285, 36.123203, 0.0, 0.0, 0.0, 0
120.215935, 6.704102, 56.474808, 22.54562, 109.71725, 90.41487, 2.14293, 2.602393
2.915963, -31.075768, 32.618237, 36.305996, 0.0, 0.0, 0.0, 0
117.84459, 6.5396266, 57.44049, 21.794552, 78.80812, 89.36665, 1.6803789, 2.8358262
0.565398, -53.60456, 3.3578808, 43.03756, 0.0, 0.0, 0.0, -1
134.67653, 6.6063023, 42.64325, 21.548714, 63.823883, 68.168335, 1.703882, 2.919584
0.014242074, 0.0, 0.0, 0.0, 37.19603, 14.891769, -47.912197, 5
78.154305, 4.9716887, 77.427536, 21.51769, 38.64798, 76.396515, 2.8927662, 3.5426483
8.829478E-4, 0.0, 0.0, 0.0, 40.342278, 20.889484, -38.768238, 5
98.048096, 3.8730023, 172.9175, 7.955157, 52.191597, 128.29893, 9.755873, 2.0081754
2.6794734, 86.36619, -1.4387648, 12.195047, 0.0, 0.0, 0.0, 1
98.18683, 3.8540757, 176.60687, 8.710327, 46.41716, 141.77347, 7.7613373, 2.508087
1.5166054, 73.79536, 8.792443, 17.412203, 0.0, 0.0, 0.0, -1
124.84105, 4.223242, 176.61363, 10.22047, 68.38215, 173.42702, 5.2036686, 3.8372128
0.35940394, 20.538183, 35.888844, 43.572975, 0.0, 0.0, 0.0, -1
160.9938, 4.3999205, 144.8729, 10.611139, 118.71827, 145.16571, 3.451676, 3.5377672
3.284463, -17.604568, 39.67158, 42.723846, 0.0, 0.0, 0.0, 0
133.03821, 5.1738133, 72.9028, 10.133777, 175.10518, 83.99158, 1.5803331, 3.192075
3.3922796, -1.2089127, 49.322273, 49.468815, 0.0, 0.0, 0.0, 0
146.83318, 6.1415358, 85.41011, 9.877336, 177.6366, 105.344986, 1.6355945, 3.3447318
1.7124622, 20.429861, 40.000877, 39.569263, 0.0, 0.0, 0.0, -1
174.13736, 7.7525444, 127.62497, 9.894531, 156.21828, 153.23145, 2.4434254, 3.902308
0.6433959, 44.08247, 32.660774, 23.256758, 0.0, 0.0, 0.0, -1
133.9162, 8.2871065, 171.97736, 10.530954, 149.59421, 176.60214, 2.2107098, 4.1082606
0.013949288, 0.0, 0.0, 0.0, -33.969177, -17.752409, -48.27841, 5
51.209557, 8.062047, 109.43264, 10.597446, 116.61535, 111.72973, 2.233376, 3.9258046
9.4898214E-4, 0.0, 0.0, 0.0, -18.718079, -16.372242, -64.909676, 5
2.4592476, 6.9533095, 81.49944, 10.597892, 94.840996, 80.05489, 2.6445465, 3.994952
7.127572E-4, 0.0, 0.0, 0.0, 69.34069, 20.57447, 10.084842, -1
4.936325, 6.4562163, 84.54825, 10.598062, 99.633514, 80.540955, 2.792875, 3.9451237
7.569123E-4, 0.0, 0.0, 0.0, 74.24625, 25.482792, -0.27095714, 5
1.9845276, 23.223692, 32.634415, 22.110271, 14.514389, 12.384964, 22.5613, 23.899252
30.281832, -36.07632, -37.549824, -26.373852, 0.0, 0.0, 0.0, 1
1.3086853, 15.7698555, 37.796173, 19.13873, 15.729202, 12.418106, 18.303482, 20.093
12.754009, -51.483475, -37.83375, -10.682774, 0.0, 0.0, 0.0, 0
149.17511, 16.64812, 167.79927, 8.302696, 149.88655, 125.52521, 15.062756, 2.0391846
0.9657038, 43.12307, 26.483017, 30.393913, 0.0, 0.0, 0.0, -1
134.52664, 17.29738, 152.7719, 9.025426, 135.94582, 130.11153, 14.154357, 2.7102857
2.6086583, -17.88736, -25.28587, -56.826775, 0.0, 0.0, 0.0, 2
66.47051, 14.264612, 108.64865, 7.5187235, 70.74231, 86.777405, 6.3133316, 2.9711955
3.7175016, 33.59247, 33.203964, -33.20356, 0.0, 0.0, 0.0, 2
73.19357, 10.216301, 115.30521, 9.228384, 121.18408, 133.34796, 7.077988, 4.155495
2.4987705, 21.898764, 29.150105, -48.951134, 0.0, 0.0, 0.0, 2
13.062893, 7.139594, 87.195496, 10.249415, 89.31119, 101.82257, 7.430018, 4.481909
1.7061282, 11.579413, 26.761744, -61.65884, 0.0, 0.0, 0.0, 2
32.061752, 10.245679, 8.803741, 13.586254, 14.660681, 12.183753, 11.248452, 13.558914
2.9181237, 11.582513, 37.342793, 51.074696, 0.0, 0.0, 0.0, -1
159.02621, 9.760933, 155.3497, 12.758486, 143.87439, 174.85861, 5.6194396, 12.9754305
0.59692585, 33.033142, 33.50959, 33.457268, 0.0, 0.0, 0.0, -1
168.03601, 7.7349577, 125.94017, 13.591162, 119.73973, 142.56108, 5.671498, 10.992438
0.0016932391, 0.0, 0.0, 0.0, -39.27647, -25.941654, -34.781876, 3
120.85469, 4.3168654, 78.76238, 13.590639, 66.07254, 90.13333, 4.6355557, 8.754874
0.0017668196, 0.0, 0.0, 0.0, -45.396614, -30.947542, -23.655846, 3
104.02617, 39.25753, 107.11278, 53.06212, 104.769, 108.65361, 43.433178, 47.71819
0.082750626, 0.0, 0.0, 0.0, -38.023144, -19.019192, -42.95766, 5
86.408745, 38.512436, 91.36425, 53.06244, 89.02804, 92.899254, 42.36155, 46.2469
0.8329039, -33.455536, -33.432934, -33.11153, 0.0, 0.0, 0.0, -1
68.70532, 37.80928, 75.60312, 53.062756, 73.27811, 77.13193, 40.891415, 44.775055
2.7198334, -33.616493, -33.594826, -32.78868, 0.0, 0.0, 0.0, 0
24.267242, 26.059078, 4.8858337, 43.891445, 2.321869, 8.754608, 9.661076, 15.315855
2.93257, -32.36215, -25.105963, -42.53189, 0.0, 0.0, 0.0, 2
11.037872, 25.236988, 37.363495, 41.567104, 41.703094, 60.283173, 5.434021, 10.475337
2.3006418, -35.680397, -6.2403455, -58.07926, 0.0, 0.0, 0.0, 2
32.12976, 24.720066, 55.973663, 40.817036, 66.941864, 95.64139, 4.7505774, 8.192677
1.1750246, -38.392265, 0.359904, -61.247833, 0.0, 0.0, 0.0, 2
27.563751, 24.193027, 51.09738, 40.45142, 65.58307, 98.436935, 4.5965133, 7.175616
0.44312936, -36.991035, 4.006659, -59.002304, 0.0, 0.0, 0.0, -1
0.93185425, 23.162323, 28.364136, 40.231216, 32.34915, 53.43631, 4.8386188, 6.031708
6.5653323E-4, 0.0, 0.0, 0.0, 74.87148, -0.66841, 24.46011, 4
2.464264, 22.603962, 28.364136, 40.231216, 32.34915, 50.76021, 4.8386188, 6.0662527
0.001043796, 0.0, 0.0, 0.0, 79.17239, 8.648397, 12.17921, -1
4.974457, 22.020496, 29.516724, 40.231216, 33.50174, 48.99153, 4.8386188, 6.103413
0.0014321969, 0.0, 0.0, 0.0, 85.6793, 14.169209, -0.1514872, 5
4.92218, 21.501268, 32.883392, 40.231216, 36.866608, 50.202316, 4.838645, 6.0536137
0.0018587928, 0.0, 0.0, 0.0, 83.63598, 15.996642, 0.36737955, -1
4.9327087, 19.787298, 44.410553, 40.23044, 45.159393, 54.26587, 4.624635, 5.982235
0.0018866927, 0.0, 0.0, 0.0, 79.96603, 19.953154, 0.08081972, -1
4.9410706, 19.226738, 48.399567, 40.230156, 46.722748, 55.23703, 4.6318984, 6.0196347
0.0018200374, 0.0, 0.0, 0.0, 77.28766, 22.418434, -0.29390603, 5
4.9202576, 17.529408, 61.267273, 40.22939, 61.29312, 61.960052, 4.5005546, 6.07545
0.001335045, 0.0, 0.0, 0.0, 80.15462, 19.664822, 0.18055981, -1
4.9542847, 16.969395, 65.758575, 40.22909, 67.39133, 64.9194, 4.5106864, 6.08017
7.5190887E-4, 0.0, 0.0, 0.0, 77.23404, 21.823694, -0.94227207, 5
4.5141153, 25.390375, 72.17892, 31.866213, 6.822958, 6.346792, 21.427029, 23.3022
4.352419, -3.8169796, -47.498123, -48.684902, 0.0, 0.0, 0.0, 2
162.51086, 26.196417, 110.41019, 1.475962, 169.1257, 174.52777, 18.500555, 28.60885
0.6116171, 23.564896, 39.327255, 37.107853, 0.0, 0.0, 0.0, -1
164.7154, 24.044613, 170.24207, 1.9683316, 159.50337, 153.75021, 16.41477, 26.524763
0.0045468793, 0.0, 0.0, 0.0, -33.7658, -21.844112, -44.390087, 5
148.94221, 22.5781, 173.79219, 1.9704723, 144.33289, 138.13785, 14.961442, 25.062925
0.0027781352, 0.0, 0.0, 0.0, -40.344955, -19.598846, -40.056194, 3
133.41577, 21.111223, 158.10506, 1.9706191, 129.5394, 122.77719, 13.508, 23.602306
0.28714558, -22.486492, -40.371292, -37.142216, 0.0, 0.0, 0.0, -1
117.84773, 19.851557, 142.36911, 1.9710585, 114.91553, 107.41644, 12.058976, 22.140598
2.192478, -0.97103876, -51.012135, -48.016827, 0.0, 0.0, 0.0, 1
55.275284, 18.430712, 86.60889, 1.8248725, 60.297287, 46.773994, 6.918182, 15.95293
3.8227446, 34.61879, -27.069283, -38.31193, 0.0, 0.0, 0.0, 2
17.948174, 7.235221, 174.67932, 9.185278, 178.94257, 152.11942, 6.997426, 4.367376
1.463104, 35.93542, 34.193237, -29.871342, 0.0, 0.0, 0.0, 2
16.972137, 6.4301343, 175.44849, 9.923893, 178.82053, 159.55814, 7.4024906, 4.781272
0.427748, 35.882137, 34.94954, -29.168324, 0.0, 0.0, 0.0, -1
46.172623, 5.53969, 152.69412, 10.628279, 150.29282, 163.68451, 7.647282, 4.8163066
0.0, 0.0, 0.0, 0.0, -45.458405, -24.941986, 29.599607, 3
59.732635, 4.367268, 103.608215, 10.628279, 108.19165, 102.87799, 7.1100025, 3.4435108
0.0, 0.0, 0.0, 0.0, -40.42965, -20.218891, 39.351456, 3
152.62242, 26.607964, 175.78671, 52.07324, 174.07709, 156.857, 43.090588, 45.9109
0.6209537, 35.973423, 33.909775, 30.116802, 0.0, 0.0, 0.0, -1
176.10043, 27.22347, 144.35666, 53.03726, 142.69995, 170.94801, 41.110935, 43.828506
0.003237534, 0.0, 0.0, 0.0, -39.925987, -20.144272, -39.929745, 5
128.98752, 27.227854, 97.25045, 53.041645, 95.621605, 123.47057, 36.703056, 39.436398
0.4939347, -35.872856, -34.01261, -30.114532, 0.0, 0.0, 0.0, -1
113.33328, 27.22854, 81.597534, 53.042088, 79.97946, 107.67708, 35.232193, 37.96701
1.9064158, -36.002453, -34.09267, -29.904873, 0.0, 0.0, 0.0, 0
43.029724, 20.174171, 4.938629, 48.256638, 3.2123108, 32.997833, 16.160776, 19.51681
3.4577727, -38.519936, -35.308826, -26.171238, 0.0, 0.0, 0.0, 0
37.41104, 9.093024, 22.813446, 43.011436, 18.687347, 13.081787, 4.893608, 6.0605607
0.0012730068, 0.0, 0.0, 0.0, 51.352016, 30.612703, -18.035282, 5
4.2723236, 9.091287, 55.949493, 43.011353, 51.84558, 27.429642, 4.8936, 6.0597258
3.079233E-4, 0.0, 0.0, 0.0, 55.327396, 43.34721, 1.32539, -1
4.9154205, 24.944021, 80.31117, 37.93566, 8.171707, 5.127472, 23.597502, 22.578648
4.0459805, -1.4439797, -48.908623, -49.647404, 0.0, 0.0, 0.0, 2
4.9861145, 22.818033, 83.22177, 37.935577, 11.17009, 8.100113, 22.663305, 21.54891
4.364498, -1.6863657, -49.089035, -49.2246, 0.0, 0.0, 0.0, 2
138.59354, 7.9708166, 34.732178, 27.551756, 132.99315, 70.724106, 3.771102, 2.2755296
3.2819376, -29.576189, 34.9842, 35.439613, 0.0, 0.0, 0.0, 0
131.07431, 7.1926384, 33.414886, 26.484632, 101.240204, 68.1859, 2.9024627, 3.3126354
2.0515723, -49.52854, 13.615921, 36.855537, 0.0, 0.0, 0.0, 0
139.81287, 7.4818625, 30.89038, 25.637854, 78.63577, 63.268784, 2.7786667, 3.5820818
0.6333048, -43.674587, -21.575836, 34.749577, 0.0, 0.0, 0.0, -1
168.41158, 7.554047, 10.720627, 25.095854, 74.8029, 34.724533, 3.08611, 3.8977396
0.0022817855, 0.0, 0.0, 0.0, 54.401146, 24.71877, -20.880083, 5
148.40395, 3.5632968, 52.25203, 25.095337, 81.45601, 53.229675, 6.1428423, 5.079202
6.730676E-4, 0.0, 0.0, 0.0, 31.99645, 16.145546, -51.858, 5
105.055275, 16.038284, 4.940155, 38.407337, 80.32543, 46.42929, 8.819359, 4.3175497
3.0903056, -68.61276, -1.25698, 30.130259, 0.0, 0.0, 0.0, 0
111.94823, 16.828585, 4.9392395, 36.097923, 80.638535, 38.262726, 6.8744483, 2.7250779
0.54568225, -54.20633, -21.242096, 24.551575, 0.0, 0.0, 0.0, -1
132.5546, 16.186783, 16.472443, 35.22928, 90.47365, 42.846985, 5.9239726, 2.6939414
3.625217E-5, 0.0, 0.0, 0.0, 32.971703, 7.134062, -59.894234, 5
114.945595, 15.694136, 0.6513977, 35.229248, 62.897003, 17.138977, 6.1916504, 3.1801386
0.0, 0.0, 0.0, 0.0, 38.649677, 18.391575, -42.95875, 5
80.93599, 15.029285, 30.763336, 35.229248, 8.983734, 26.85614, 7.045408, 4.3670783
0.0, 0.0, 0.0, 0.0, 36.22916, 18.62134, -45.1495, 5
29.65839, 15.594137, 77.86087, 35.229248, 66.230865, 78.30478, 7.4206443, 5.0860653
0.0, 0.0, 0.0, 0.0, 32.639397, 16.30442, -51.056187, 5
1.975996, 18.199017, 96.98086, 35.229248, 80.9902, 97.415886, 6.513707, 5.086955
0.0, 0.0, 0.0, 0.0, -77.94534, -17.738058, 4.3166, 3
2.8391724, 14.843488, 89.717094, 39.492035, 14.112188, 20.187433, 17.2073, 18.883005
1.0950384, -32.396828, -39.562206, -28.040966, 0.0, 0.0, 0.0, 1
18.44297, 14.146842, 74.9055, 39.562065, 0.8622513, 5.338643, 16.602856, 18.305902
2.977091, -72.28504, -16.550442, 11.164516, 0.0, 0.0, 0.0, 0
103.909, 14.783153, 4.9891357, 35.6473, 67.5052, 70.86018, 6.6307864, 11.644697
3.80388, -71.896194, -2.1519046, 25.9519, 0.0, 0.0, 0.0, 0
109.22583, 15.335456, 4.98938, 34.145355, 58.357925, 73.030655, 4.3567567, 9.146972
3.02839, -67.60099, -1.3490444, 31.049963, 0.0, 0.0, 0.0, 0
116.31028, 15.918865, 4.989685, 31.055801, 55.377087, 69.88812, 2.3259227, 5.578716
0.43785578, -53.452682, -20.836582, 25.710735, 0.0, 0.0, 0.0, -1
83.26696, 14.399074, 34.20047, 30.330757, 4.9893494, 24.622536, 2.234459, 4.1430345
0.0024491716, 0.0, 0.0, 0.0, 39.926895, 19.622795, -40.450306, 5
98.88746, 13.42743, 4.997406, 29.993376, 59.30186, 80.3984, 3.9741557, 8.770316
2.6936061, -55.661194, 15.610343, 28.728458, 0.0, 0.0, 0.0, 0
142.26978, 13.360403, 43.37497, 24.641048, 78.51724, 118.09112, 2.5669246, 6.319734
3.2857366, -29.058582, 21.425844, 49.515575, 0.0, 0.0, 0.0, 0
153.81956, 17.094223, 64.161224, 22.380787, 91.08667, 79.80823, 3.0612333, 7.095576
0.46572587, -33.31993, -8.978134, 57.701935, 0.0, 0.0, 0.0, -1
125.375946, 17.755789, 36.1828, 22.00631, 49.121643, 35.91736, 3.1789038, 6.0004745
0.001229587, 0.0, 0.0, 0.0, 38.39737, 17.928308, -43.67432, 5
4.913208, 21.835135, 85.08707, 42.092155, 11.888977, 8.100403, 21.978785, 20.653814
4.441536, 0.7899764, -49.357407, -49.85262, 0.0, 0.0, 0.0, 2
4.7110596, 14.94094, 89.93007, 42.143856, 14.657242, 8.60968, 18.399395, 16.827375
1.2046672, -28.01268, -40.57632, -31.410997, 0.0, 0.0, 0.0, 1
20.488098, 12.768159, 75.172, 42.190083, 0.34913635, 6.5808716, 17.734177, 16.142673
3.1530197, -67.97293, -25.750368, -6.276692, 0.0, 0.0, 0.0, 0
119.973785, 7.2194138, 58.09822, 27.186186, 131.58406, 84.77843, 6.484289, 4.2645593
0.5757125, -38.11178, 27.948137, 33.940083, 0.0, 0.0, 0.0, -1
104.81445, 7.3351703, 74.68126, 26.945099, 140.25047, 97.39653, 7.1707935, 4.31211
0.04296814, 0.0, 0.0, 0.0, 38.826508, 14.257644, -46.915844, 5
3.8238487, 29.069744, 89.46188, 42.537003, 71.11359, 47.238857, 26.180433, 45.01524
4.6498857, 8.405338, -27.814827, -63.77984, 0.0, 0.0, 0.0, 2
4.7911396, 21.107367, 94.56081, 43.01691, 60.755325, 44.264267, 15.7957, 35.592503
1.0297759, -19.774687, -42.762604, -37.462708, 0.0, 0.0, 0.0, 1
20.599915, 20.369476, 79.70916, 43.146366, 49.037014, 29.69833, 13.994762, 33.559917
2.8788393, -53.772522, -44.8815, 1.3459812, 0.0, 0.0, 0.0, 0
101.41072, 20.645252, 4.950897, 41.07571, 14.575104, 45.931732, 5.7736354, 23.341831
3.2654347, -33.383396, -41.201286, -25.415325, 0.0, 0.0, 0.0, 1
58.440735, 20.317486, 55.159943, 39.242783, 59.35556, 4.925995, 4.3700385, 15.701566
2.684865, -33.372147, -35.26003, -31.367823, 0.0, 0.0, 0.0, 1
64.12361, 19.089731, 58.121277, 38.090553, 76.819885, 15.768585, 4.2177067, 9.3032875
1.1586139, -34.677338, -35.57394, -29.748722, 0.0, 0.0, 0.0, 1
70.93303, 18.764864, 54.253967, 37.725727, 77.35596, 17.65799, 4.1901503, 7.578105
0.42718726, -35.3434, -35.11319, -29.54341, 0.0, 0.0, 0.0, -1
74.32927, 18.600254, 52.477142, 37.533165, 76.49609, 20.548859, 4.068481, 6.779193
0.033537906, 0.0, 0.0, 0.0, 38.338627, 23.405355, -38.256016, 5
2.2935295, 16.658804, 95.44682, 39.680412, 16.183363, 17.461773, 20.443872, 18.909819
0.99400735, -20.232578, -42.841812, -36.92561, 0.0, 0.0, 0.0, -1
13.328829, 15.926401, 80.67092, 39.75831, 1.0115261, 2.3818188, 19.804287, 18.274984
2.7209833, -78.28737, -11.602779, 10.109847, 0.0, 0.0, 0.0, 0
111.64395, 17.503565, 4.9452515, 33.126358, 85.923874, 62.81449, 9.665783, 4.1601815
2.9148307, -54.577847, 12.1438465, 33.27831, 0.0, 0.0, 0.0, 0
114.12707, 16.718988, 4.946747, 30.128517, 91.274124, 59.3067, 5.768777, 2.236176
2.5274484, -26.356258, 27.382065, 46.261677, 0.0, 0.0, 0.0, 0
143.04147, 18.0452, 35.474182, 27.360954, 79.32907, 67.21698, 8.645396, 3.7795432
0.5407091, -49.444004, -44.243233, 6.312761, 0.0, 0.0, 0.0, -1
128.21529, 18.464098, 21.029877, 27.119555, 59.073364, 47.145782, 8.829385, 3.910635
1.6512939, -26.496294, -41.337482, -32.166225, 0.0, 0.0, 0.0, 1
96.73042, 18.483208, 10.444641, 27.10667, 12.539673, 2.3340454, 8.804684, 4.4962797
1.8655496, -32.24678, -29.497803, -38.255417, 0.0, 0.0, 0.0, 2
157.79651, 18.009708, 170.22513, 52.229794, 173.6701, 170.23239, 46.27506, 51.299435
0.61539626, 33.68495, 33.914955, 32.400093, 0.0, 0.0, 0.0, -1
172.89297, 17.859251, 139.07932, 53.165424, 142.4682, 139.0911, 44.27522, 52.235104
0.017859045, 0.0, 0.0, 0.0, -40.21722, -20.108608, -39.674175, 3
128.02412, 17.142242, 91.91558, 53.166416, 95.25674, 91.92736, 39.850666, 52.236095
0.80310816, -36.02836, -35.9961, -27.975538, 0.0, 0.0, 0.0, -1
111.649826, 17.142033, 75.539795, 53.166195, 78.86264, 75.551605, 38.377827, 52.235874
3.014636, -36.56534, -36.532616, -26.902046, 0.0, 0.0, 0.0, 0
46.15512, 15.346473, 4.9901733, 50.87241, 8.406158, 5.003479, 27.195187, 45.742245
3.8095975, -37.450684, -37.414417, -25.134901, 0.0, 0.0, 0.0, 0
104.059616, 13.040218, 30.050232, 38.871193, 54.54129, 42.90445, 3.178911, 7.4372754
0.52326506, -46.558765, -42.988514, -10.4527235, 0.0, 0.0, 0.0, -1
74.779236, 12.775639, 3.7339478, 38.036423, 22.290192, 12.941437, 2.5106153, 5.724277
0.0, 0.0, 0.0, 0.0, 34.104225, 16.903297, -48.992477, 5
0.3517456, 13.2730055, 54.28595, 38.036423, 42.479248, 59.878845, 4.319052, 5.0516186
0.0, 0.0, 0.0, 0.0, 56.548714, 28.24688, 15.204411, -1
4.882614, 12.500757, 58.07933, 38.036423, 45.653976, 63.61125, 5.1532, 4.840179
0.0, 0.0, 0.0, 0.0, 63.5204, 35.410133, -1.0694679, 5
13.70285, 14.024031, 76.36113, 34.203484, 4.7773438, 1.4169312, 18.90768, 17.579794
2.6888745, -75.465, -18.870634, 5.664375, 0.0, 0.0, 0.0, 0
145.92696, 11.13424, 2.271759, 22.052084, 172.33981, 94.93686, 4.431083, 1.9166665
3.5245693, -31.028214, 34.133118, 34.838665, 0.0, 0.0, 0.0, 0
142.12482, 20.50216, 146.31949, 53.029457, 144.71143, 145.9649, 50.625748, 49.42648
0.0031853798, 0.0, 0.0, 0.0, -40.000957, -20.000439, -39.998604, 3
94.98482, 20.507019, 99.17668, 53.033493, 97.56883, 98.82225, 50.62976, 49.430508
0.44728422, -33.577133, -33.574844, -32.848022, 0.0, 0.0, 0.0, -1
79.29991, 20.507805, 83.49089, 53.033817, 81.88307, 83.13646, 50.630074, 49.430832
2.7671041, -33.625465, -33.618877, -32.755657, 0.0, 0.0, 0.0, 0
1.138916, 14.113069, 4.946106, 46.6127, 2.7143555, 5.062317, 33.46476, 31.841736
3.8090796, -34.16623, -34.149292, -31.684479, 0.0, 0.0, 0.0, 0
30.161407, 4.6834245, 11.556671, 37.017906, 39.6174, 8.758362, 8.718398, 5.9600453
0.6019867, -62.428467, -27.393013, -10.17852, 0.0, 0.0, 0.0, -1
38.175278, 4.4196854, 7.4601135, 36.551193, 42.516693, 9.865204, 7.042412, 4.618961
7.086127E-5, 0.0, 0.0, 0.0, 54.15898, 26.097965, -19.743053, 5
8.594543, 22.79303, 72.52582, 32.538292, 6.91922, 3.924118, 22.538834, 21.260147
4.4441953, -9.913068, -45.52209, -44.56484, 0.0, 0.0, 0.0, 1
5.823288, 15.843085, 81.381485, 32.106087, 12.17334, 8.697342, 18.930534, 17.71072
1.7732259, -55.21196, -30.636927, -14.151112, 0.0, 0.0, 0.0, 0
119.54346, 7.9712496, 59.73065, 20.588717, 96.95906, 92.75508, 2.5542734, 2.8015618
1.9883382, -39.647846, 20.164701, 40.187454, 0.0, 0.0, 0.0, 0
116.12826, 8.043189, 63.842987, 19.437933, 51.414703, 93.06734, 1.86995, 2.965745
0.40387323, -50.287205, -4.1746554, 45.53814, 0.0, 0.0, 0.0, -1
135.0253, 8.279547, 48.78067, 19.185463, 42.888184, 72.623795, 1.9720848, 3.009975
1.4117961, -27.967745, 42.379913, 29.652346, 0.0, 0.0, 0.0, 0
167.51239, 6.7538805, 16.67482, 19.138086, 65.75008, 16.99936, 1.588838, 3.434327
2.247455, -28.801676, 28.362316, 42.836006, 0.0, 0.0, 0.0, 0
158.65791, 8.040257, 32.70735, 17.819609, 113.1479, 51.713806, 4.100857, 3.0984178
0.72998303, -51.267033, -44.332153, 4.400816, 0.0, 0.0, 0.0, -1
93.262054, 8.837117, 29.94432, 17.425556, 48.153168, 24.757446, 4.8239007, 3.3363063
0.48566756, -31.05803, -45.30029, -23.641682, 0.0, 0.0, 0.0, -1
107.767166, 8.5193, 22.3322, 17.050272, 61.40454, 26.183472, 4.0978327, 3.097207
0.0014150068, 0.0, 0.0, 0.0, 47.015602, 23.520967, -29.463428, 5
113.92216, 8.134172, 22.848282, 17.050516, 31.0233, 26.711609, 4.766486, 3.098239
0.0012737288, 0.0, 0.0, 0.0, 43.077374, 21.546858, -35.37577, 5

NONPOS KNOWLEDGE:
4.9009247, 11.87266, 79.82005, 32.98966, 67.44002, 85.61253, 5.0885615, 4.9575677
1.7798383, 15.785873, 21.043798, -63.170326, 0.0, 0.0, 0.0, 2
0.7334442, 8.472801, 93.667145, 33.148487, 98.64035, 131.86557, 3.7583349, 3.0254931
0.9348899, 2.960536, 32.001926, -65.037544, 0.0, 0.0, 0.0, -1
13.452194, 5.6357665, 75.6535, 32.320984, 54.501873, 105.11545, 2.5104544, 1.6050929
3.9767516, -50.15317, 13.448308, 36.39852, 0.0, 0.0, 0.0, 0
172.50952, 10.27834, 24.217773, 23.036814, 175.30551, 132.33926, 8.190215, 2.2349946
7.521145, -9.123399, 49.350224, 41.52638, 0.0, 0.0, 0.0, 0
157.72034, 11.470913, 41.922546, 21.650505, 168.59595, 144.38802, 9.423123, 3.607679
8.237165, 20.470787, 43.463013, 36.066204, 0.0, 0.0, 0.0, -1
151.01248, 18.818157, 135.29356, 24.11243, 156.29909, 160.31279, 17.032522, 16.482296
4.666578, 23.940968, 38.594715, 37.46432, 0.0, 0.0, 0.0, -1
119.78164, 25.101728, 168.64551, 29.148142, 128.78546, 131.84714, 23.879206, 22.88847
0.29656646, 27.79826, 37.613327, 34.588413, 0.0, 0.0, 0.0, -1
88.58557, 25.361784, 159.4644, 29.353718, 97.93819, 100.32062, 24.228287, 22.98733
0.004046645, 0.0, 0.0, 0.0, -39.86747, -20.272293, -39.860237, 3
25.640503, 25.368328, 96.50166, 29.358358, 35.79393, 35.917984, 24.453157, 22.863482
7.398715E-4, 0.0, 0.0, 0.0, -39.353394, -19.991642, -40.654964, 5
5.8296127, 8.672292, 169.2914, 44.372616, 138.616, 96.87369, 3.4432487, 4.425793
0.0022549517, 0.0, 0.0, 0.0, -32.47531, 22.312939, 45.211746, 3
22.510658, 9.142734, 175.01094, 44.372353, 154.31326, 112.57234, 3.443147, 4.42512
5.502249, -4.9655905, 57.494076, 37.540337, 0.0, 0.0, 0.0, 0
110.69903, 10.098376, 98.702576, 44.162304, 171.30592, 179.30467, 3.9165223, 6.04578
8.687448, 4.56549, 52.67731, 42.7572, 0.0, 0.0, 0.0, -1
145.97571, 17.115732, 101.720276, 44.282265, 166.86235, 175.17697, 14.397881, 16.159113
4.098981, 11.591349, 46.01748, 42.39117, 0.0, 0.0, 0.0, -1
151.06198, 24.629286, 116.1924, 45.976402, 161.91176, 165.02298, 22.515198, 23.881205
0.5113803, 13.615086, 44.537052, 41.847862, 0.0, 0.0, 0.0, -1
88.68302, 25.427206, 179.781, 46.230408, 99.018486, 101.77332, 23.175787, 24.296682
2.420989E-6, 0.0, 0.0, 0.0, -40.165634, -19.670052, -40.164314, 3
63.135284, 4.337754, 69.93764, 35.337643, 69.55585, 45.846405, 5.0366426, 5.871025
9.2207233E-4, 0.0, 0.0, 0.0, 40.55229, 17.240788, -42.20692, 5
13.29798, 4.334578, 117.36264, 35.336693, 116.97768, 95.09683, 5.0347815, 4.853884
0.0, 0.0, 0.0, 0.0, 38.124878, 21.184177, 40.69094, -1
11.529076, 4.3345957, 142.18936, 35.336693, 141.07106, 119.00161, 4.7697077, 4.033905
0.0, 0.0, 0.0, 0.0, -24.34414, 15.162997, 60.492874, 3
58.643414, 4.3346095, 170.69658, 35.336693, 179.33247, 151.82649, 4.8190837, 3.674562
0.6085868, -31.24251, 8.09473, 60.662758, 0.0, 0.0, 0.0, -1
74.329994, 4.3346095, 155.01001, 35.336693, 167.61044, 162.18051, 4.807014, 3.6121004
4.9914427, -16.084465, 35.65021, 48.265324, 0.0, 0.0, 0.0, 0
166.45523, 10.433395, 83.30069, 33.527977, 152.5574, 162.72815, 7.7685776, 8.458176
7.5712514, -9.426769, 44.845047, 45.728184, 0.0, 0.0, 0.0, 0
168.75192, 14.224625, 89.82065, 32.968124, 167.17197, 172.37177, 11.370673, 12.541686
6.3169928, 7.9874053, 46.679855, 45.332745, 0.0, 0.0, 0.0, -1
172.94583, 21.346334, 101.4501, 33.046833, 172.8334, 175.90826, 18.306429, 19.53735
3.6267579, 13.807355, 43.52718, 42.665466, 0.0, 0.0, 0.0, -1
170.613, 25.158215, 110.78235, 33.666946, 176.90707, 179.43762, 22.33954, 23.572008
0.51283085, 10.613704, 44.64365, 44.742645, 0.0, 0.0, 0.0, -1
107.61249, 25.985247, 175.18988, 33.85827, 119.606384, 117.22751, 23.14351, 24.397528
8.1450125E-5, 0.0, 0.0, 0.0, -38.206554, -20.60389, -41.189556, 5
44.720776, 25.985247, 121.91844, 33.85824, 56.708843, 54.322124, 23.157051, 24.407965
7.247925E-5, 0.0, 0.0, 0.0, -39.668316, -20.00841, -40.32328, 5
52.37598, 4.4430547, 152.16632, 10.611446, 148.02737, 146.05682, 3.8670616, 7.149878
0.0, 0.0, 0.0, 0.0, -44.31423, -11.3817835, -44.303986, 3
20.895294, 4.4422708, 120.68307, 10.611446, 116.54412, 119.640434, 3.8670616, 6.844263
6.737634E-5, 0.0, 0.0, 0.0, 39.202873, 17.49065, 43.30648, -1
39.373146, 4.440723, 139.15482, 10.611446, 125.570526, 144.50165, 3.6816735, 5.395878
0.0, 0.0, 0.0, 0.0, 3.5015888, 4.9066925, 91.59172, -1
55.125374, 4.440723, 154.90704, 10.611446, 135.94968, 156.76443, 3.626975, 5.4939637
0.0, 0.0, 0.0, 0.0, -29.479319, -2.0362887, 68.48439, 3
86.61097, 4.440723, 173.60736, 10.611446, 156.1329, 178.79572, 3.6179225, 5.688235
1.8374776, -5.45675, 27.351063, 67.19219, 0.0, 0.0, 0.0, 0
102.310905, 4.440723, 157.90742, 10.611446, 166.4482, 166.167, 3.6637366, 5.7490406
7.844796, 15.386413, 38.173832, 46.439754, 0.0, 0.0, 0.0, -1
174.82452, 24.223747, 154.99142, 20.977201, 178.04729, 176.50598, 23.21179, 21.745443
2.7499323, 21.208462, 39.51234, 39.279194, 0.0, 0.0, 0.0, -1
151.72392, 25.062185, 179.20474, 21.707628, 158.56174, 159.99683, 24.100143, 22.618774
0.38092905, 26.697483, 36.799385, 36.503128, 0.0, 0.0, 0.0, -1
120.39439, 25.40416, 149.03314, 22.007975, 127.04507, 128.46858, 24.479641, 23.013275
0.014167866, 0.0, 0.0, 0.0, -39.979828, -20.046455, -39.973717, 3
89.02135, 25.41882, 117.641815, 22.020693, 95.5881, 96.995636, 24.558058, 23.073935
7.5779925E-4, 0.0, 0.0, 0.0, -39.813698, -19.958641, -40.22766, 5
69.083, 12.039634, 104.182335, 61.442463, 85.77145, 103.40237, 51.53371, 58.868034
0.0021955497, 0.0, 0.0, 0.0, -44.95776, -22.800434, -32.241802, 3
52.351295, 3.7891014, 100.197136, 46.336063, 107.045006, 122.5418, 4.5172687, 6.0980496
0.0023954958, 0.0, 0.0, 0.0, 56.189392, 21.423328, -22.387272, 5
20.960838, 3.7889075, 131.57031, 46.335705, 134.96317, 148.97299, 4.7403536, 6.0317755
0.0024230543, 0.0, 0.0, 0.0, 48.417534, 11.958199, 39.624264, -1
9.663807, 3.7888649, 142.85931, 46.335453, 146.25171, 158.00589, 4.7399087, 5.9377184
0.0024926336, 0.0, 0.0, 0.0, 6.8772526, -4.098386, 89.02436, 4
7.85701, 3.3287408, 156.52658, 46.33501, 155.08194, 165.9047, 4.680659, 5.9740834
0.0018834725, 0.0, 0.0, 0.0, -29.216354, -13.229883, 57.55376, 3
72.008514, 2.2852979, 155.54854, 46.334396, 169.64311, 156.22124, 4.770094, 5.961054
6.194406, -30.793703, 15.659038, 53.547253, 0.0, 0.0, 0.0, 0
169.67805, 7.4073777, 69.374344, 44.659283, 127.909836, 114.537674, 6.549472, 6.874071
9.108971, -14.8668, 39.33452, 45.79868, 0.0, 0.0, 0.0, 0
177.19594, 14.797699, 78.65828, 41.983482, 157.32016, 150.7047, 13.412172, 12.9315
6.3682275, -7.857218, 44.827682, 47.315098, 0.0, 0.0, 0.0, 0
169.4002, 20.237251, 76.20436, 40.79643, 156.82524, 151.95618, 18.651495, 18.550602
4.419855, -15.861376, 40.16524, 43.973377, 0.0, 0.0, 0.0, 0
157.66943, 24.787697, 69.86983, 40.350346, 149.03198, 146.34995, 21.974823, 23.167297
0.374836, -2.0839539, 48.518147, 49.3979, 0.0, 0.0, 0.0, -1
92.556496, 25.426527, 5.5429993, 40.32415, 83.2318, 81.7777, 22.347672, 23.822042
0.013806004, 0.0, 0.0, 0.0, 38.492638, -16.583838, -44.923523, 5
50.854828, 10.599358, 140.70428, 30.29619, 140.4383, 159.7532, 5.034296, 8.133741
1.3574524, 34.079357, 33.40431, -32.51634, 0.0, 0.0, 0.0, 2
1.8226395, 8.196549, 170.67508, 31.288607, 170.84012, 165.18875, 5.1854873, 7.996211
0.41432726, 34.275105, 34.304745, -31.420147, 0.0, 0.0, 0.0, -1
18.100204, 7.2065134, 173.43338, 31.678988, 145.13681, 178.17758, 5.004304, 8.376416
0.005535691, 0.0, 0.0, 0.0, -41.054382, -17.52099, 41.424625, 3
66.59651, 6.2209396, 126.404465, 31.691137, 58.52864, 137.65181, 3.450377, 4.629708
0.0024093247, 0.0, 0.0, 0.0, -41.627403, -16.74615, 41.626446, 3
82.45536, 6.2214456, 110.545166, 31.690615, 19.802933, 125.87213, 2.9977868, 4.0024734
5.467803, -36.595894, 17.518599, 45.88551, 0.0, 0.0, 0.0, 0
139.24103, 9.917555, 63.57596, 27.797974, 131.64148, 176.31668, 4.4761586, 4.2515507
9.348883, 6.572256, 51.43953, 41.988216, 0.0, 0.0, 0.0, -1
145.56601, 12.635212, 92.7955, 27.81564, 159.80527, 168.07092, 7.997437, 9.763235
8.446545, 8.865607, 45.91785, 45.21654, 0.0, 0.0, 0.0, -1
163.67384, 25.568014, 121.84599, 31.066378, 173.59842, 173.10976, 20.122663, 21.708082
1.7742112, 18.606342, 40.992737, 40.40092, 0.0, 0.0, 0.0, -1
148.25644, 28.083158, 142.59267, 31.89499, 157.42487, 156.86499, 22.124226, 23.70391
0.48684976, 20.146624, 40.358944, 39.494434, 0.0, 0.0, 0.0, -1
116.791435, 28.925825, 175.71974, 32.112953, 125.75742, 125.16338, 22.6959, 24.272371
0.051261973, 0.0, 0.0, 0.0, -38.924484, -20.511242, -40.564278, 5
86.18768, 29.42566, 152.69896, 32.139156, 95.089745, 94.448105, 22.899641, 24.47289
0.0021843105, 0.0, 0.0, 0.0, -40.909927, -19.907574, -39.182495, 3
23.38813, 30.28317, 88.31526, 32.1385, 32.235653, 31.511341, 23.203245, 24.769556
0.0023624639, 0.0, 0.0, 0.0, -41.79382, -19.861647, -38.344536, 3
4.1827545, 6.308122, 110.84905, 20.830431, 115.14013, 104.21722, 3.0540342, 4.475785
0.0, 0.0, 0.0, 0.0, -39.822495, -20.376812, 39.80069, 3
4.180588, 6.307874, 110.84905, 20.830431, 114.912895, 104.34692, 3.0390472, 4.482248
6.062733, -65.2722, 28.530296, -6.197495, 0.0, 0.0, 0.0, 0
85.10727, 4.6159363, 70.79123, 19.18018, 129.54846, 103.02713, 2.8091877, 3.553258
9.055468, -6.1138034, 49.558136, 44.328064, 0.0, 0.0, 0.0, 0
142.56094, 6.4824786, 85.26826, 17.573711, 176.21335, 159.19373, 7.0142727, 5.843202
9.117282, 9.100665, 46.74355, 44.15579, 0.0, 0.0, 0.0, -1
167.5723, 23.044147, 134.32727, 22.367176, 178.36954, 174.3623, 21.003986, 21.5726
2.9025002, 31.540817, 35.078995, 33.380196, 0.0, 0.0, 0.0, -1
155.9724, 24.81646, 149.82681, 23.541124, 165.36331, 162.56601, 22.50073, 23.624117
0.61875004, 25.711292, 37.50906, 36.779648, 0.0, 0.0, 0.0, -1
123.66771, 25.336748, 176.80315, 23.899323, 132.61363, 130.33466, 22.943426, 24.230852
0.05699856, 0.0, 0.0, 0.0, -40.01548, -20.007675, -39.976845, 3
4.792562, 14.112057, 81.57528, 42.002266, 86.3519, 79.98731, 5.606496, 4.823243
1.9800332, -2.8744047, 11.245345, -85.88025, 0.0, 0.0, 0.0, 2
5.267212, 9.928772, 81.476776, 40.136284, 97.36551, 84.57019, 5.5599546, 4.4051123
0.010159643, 0.0, 0.0, 0.0, -40.41898, -13.560661, 46.020363, 3
36.812347, 9.282152, 49.64856, 40.128853, 65.87677, 53.18094, 5.563209, 4.3998575
0.2482439, -27.539904, -33.77691, 38.68319, 0.0, 0.0, 0.0, -1
52.66443, 11.124715, 33.79648, 41.481663, 50.023224, 37.326233, 5.6055923, 4.399821
5.551602, -45.223305, 0.082780406, 54.69392, 0.0, 0.0, 0.0, 0
142.14569, 14.798505, 61.180206, 35.34776, 148.46991, 128.28726, 9.37757, 12.736778
7.082156, -22.438046, 35.93139, 41.63056, 0.0, 0.0, 0.0, 0
153.94429, 19.494015, 70.29841, 33.991203, 154.66463, 140.25145, 16.584644, 17.981226
5.06843, -7.856697, 45.399036, 46.74427, 0.0, 0.0, 0.0, 0
153.18272, 22.567402, 74.45505, 32.856377, 156.26239, 141.51128, 19.813435, 20.772413
2.5259068, -6.5420823, 46.216938, 47.24098, 0.0, 0.0, 0.0, 0
129.46758, 24.056126, 52.637573, 32.462772, 134.94861, 118.73514, 22.227821, 22.514748
0.5113417, 0.21179587, 49.919666, 49.86854, 0.0, 0.0, 0.0, -1
93.62267, 24.547384, 20.097452, 32.403473, 86.34228, 83.952194, 21.79511, 22.762068
0.0070550167, 0.0, 0.0, 0.0, 29.174927, -21.771889, -49.05318, 5
33.631, 24.426567, 42.85962, 32.398975, 31.72855, 22.945574, 19.908962, 22.784016
0.0018512032, 0.0, 0.0, 0.0, 44.76981, -11.939287, -43.2909, -1
101.84227, 44.92865, 171.06184, 50.926247, 138.49706, 152.81532, 24.996824, 34.277306
0.9863349, -16.534641, -34.45967, -49.005688, 0.0, 0.0, 0.0, -1
85.26943, 45.0494, 155.06561, 50.92598, 122.89788, 138.31815, 23.841642, 33.515865
7.580641, -12.506442, -29.432402, -58.061157, 0.0, 0.0, 0.0, 2
4.9215317, 34.521664, 86.691826, 48.32693, 54.038597, 73.20904, 16.666662, 27.060041
4.535249, -0.4322514, -30.614769, -68.95298, 0.0, 0.0, 0.0, 2
4.8731976, 24.042229, 88.66542, 47.85955, 34.728382, 60.175037, 15.417616, 20.293018
1.2802719, 2.8266137, -36.91333, -60.260056, 0.0, 0.0, 0.0, 2
4.9641056, 23.020746, 88.08223, 47.896004, 31.076702, 56.572216, 15.776136, 19.595825
0.4581036, 2.8676386, -38.69652, -58.43584, 0.0, 0.0, 0.0, -1
47.165604, 6.3545995, 39.41696, 27.468786, 7.2204895, 38.983887, 6.691556, 4.9482126
0.43845654, -26.148346, -36.93769, -36.913963, 0.0, 0.0, 0.0, -1
25.533745, 5.556869, 72.27781, 27.136515, 31.846264, 76.70722, 6.292871, 4.8240094
0.0017988528, 0.0, 0.0, 0.0, -38.23984, -20.382372, 41.377785, 3
47.795933, 4.393776, 47.815826, 27.134893, 11.023132, 46.596497, 5.645561, 4.074704
9.666336E-4, 0.0, 0.0, 0.0, -18.879307, -2.4702563, 78.65044, 3
65.396576, 4.044639, 32.030426, 27.134577, 4.7982483, 28.913849, 5.649124, 4.391426
6.0333257, -24.91589, 21.748377, 53.33574, 0.0, 0.0, 0.0, 0
157.16345, 5.922418, 63.658432, 25.708567, 115.40544, 102.73494, 6.807228, 6.095683
9.341644, -6.7837977, 43.202106, 50.014095, 0.0, 0.0, 0.0, 0
170.76952, 23.722982, 105.250916, 25.819885, 161.99042, 157.8124, 21.74101, 21.785444
0.5251924, 17.088123, 41.258186, 41.653694, 0.0, 0.0, 0.0, -1
70.89792, 24.573627, 7.038513, 26.159039, 62.245544, 59.016212, 22.039623, 22.987669
0.0, 0.0, 0.0, 0.0, 36.04654, -18.134888, -45.818573, 5
39.407433, 24.573814, 24.451044, 26.159039, 30.429853, 27.854227, 21.839418, 23.05283
0.0, 0.0, 0.0, 0.0, 44.314754, -12.509431, -43.17582, -1
55.649147, 8.2134695, 83.62816, 42.462837, 89.1971, 79.232895, 3.602471, 5.6206727
1.5280479, 32.132565, 33.55041, -34.31702, 0.0, 0.0, 0.0, 2
9.883072, 8.214354, 129.39313, 42.462193, 123.0741, 131.30286, 4.0316286, 5.474954
1.5835145, 32.02968, 34.320023, -33.650295, 0.0, 0.0, 0.0, 2
12.440651, 5.0082154, 151.66956, 43.825867, 176.84705, 159.94995, 3.6013927, 6.07767
2.0134373, 41.088516, 42.533943, -16.37754, 0.0, 0.0, 0.0, 2
66.007645, 4.214599, 161.21046, 43.92064, 144.88411, 172.21187, 2.032736, 4.0960245
3.7053292, 33.39064, 45.676582, 20.932777, 0.0, 0.0, 0.0, -1
121.635025, 2.2879565, 128.4441, 44.9464, 130.88127, 142.52309, 1.9813085, 4.484775
5.6626525, 0.60194826, 46.43078, 52.967274, 0.0, 0.0, 0.0, -1
155.60289, 3.2106516, 116.60216, 45.720062, 133.95613, 141.45912, 3.2387154, 5.6597905
8.080852, -22.212507, 31.19064, 46.596855, 0.0, 0.0, 0.0, 0
161.68512, 9.530287, 68.25183, 44.13632, 133.6482, 130.35936, 7.791835, 9.343813
8.963812, -15.70984, 40.038784, 44.251377, 0.0, 0.0, 0.0, 0
170.16252, 14.777408, 75.02496, 41.94933, 153.50017, 148.99144, 12.499336, 13.713753
7.388877, -12.551793, 42.43775, 45.010452, 0.0, 0.0, 0.0, 0
148.68259, 19.299139, 64.99664, 39.81525, 135.06891, 131.8134, 17.4673, 17.243446
5.1690745, -17.989761, 38.164684, 43.845562, 0.0, 0.0, 0.0, 0
165.69333, 23.073391, 76.73813, 39.87655, 155.72345, 152.88382, 20.276058, 21.458847
2.9844072, -9.940473, 43.377636, 46.68189, 0.0, 0.0, 0.0, 0
152.13437, 24.871414, 65.10138, 39.65376, 143.18848, 140.07303, 22.040487, 23.057413
0.55119413, -5.9051523, 45.728886, 48.36596, 0.0, 0.0, 0.0, -1
24.132553, 25.446371, 62.26117, 39.59853, 15.434174, 12.377197, 22.591297, 23.578655
0.0012407448, 0.0, 0.0, 0.0, 46.1472, -9.41827, -44.434532, -1
62.7321, 7.9690022, 103.52809, 26.126934, 102.804, 81.87962, 5.047847, 5.705815
0.7738232, 35.131897, 31.576935, -33.29117, 0.0, 0.0, 0.0, -1
46.91418, 7.96916, 119.34143, 26.126894, 118.61209, 97.955505, 5.048293, 5.3656898
1.5345707, 34.89496, 32.950844, -32.154194, 0.0, 0.0, 0.0, 2
0.09327698, 15.007953, 98.59422, 44.61233, 122.49791, 135.3731, 6.383258, 6.945802
0.021974634, 0.0, 0.0, 0.0, -33.194016, -22.387184, 44.418804, 3
72.81804, 22.997002, 13.625488, 38.94112, 62.05519, 55.605713, 22.329393, 21.416988
0.0, 0.0, 0.0, 0.0, 44.358047, -11.772482, -43.86947, -1
2.5279486, 24.640724, 66.10751, 56.18828, 35.579742, 47.117035, 67.62222, 49.83983
0.0, 0.0, 0.0, 0.0, -34.07299, -20.686754, 45.240253, 3
43.285286, 23.546007, 34.971985, 56.18828, 4.0131226, 5.919464, 44.04094, 29.579931
0.0, 0.0, 0.0, 0.0, -42.272682, 38.857155, 18.870167, 3
41.953552, 23.432285, 34.971985, 56.18828, 4.7895813, 8.1059265, 42.71719, 28.609653
0.83795804, -61.55686, -33.514088, 4.9290476, 0.0, 0.0, 0.0, -1
40.521744, 23.325186, 34.971985, 56.18828, 5.596161, 10.395447, 41.376797, 27.671146
5.571307, -68.19323, -22.698744, 9.108027, 0.0, 0.0, 0.0, 0
76.51304, 23.875175, 4.7461243, 50.320396, 51.00592, 64.34489, 29.619394, 22.84344
3.1194324, -76.33208, -0.06308373, 23.604836, 0.0, 0.0, 0.0, 0
72.039795, 24.646622, 17.756744, 46.05802, 51.352123, 60.850056, 25.239399, 23.0771
0.5568205, -69.16632, 5.63934, 25.194347, 0.0, 0.0, 0.0, -1
41.56691, 24.816973, 49.08374, 45.59757, 20.86211, 30.511118, 24.910744, 23.15557
0.06647517, 0.0, 0.0, 0.0, 42.916782, -14.298515, -42.784702, -1
5.459614, 12.387437, 116.579575, 34.657166, 136.38893, 118.39061, 5.1057553, 5.800193
0.016616596, 0.0, 0.0, 0.0, 29.894247, 11.341948, 58.7638, -1
10.478127, 11.922657, 132.30484, 34.657146, 158.1004, 124.90807, 3.962032, 5.018348
3.0080335, 40.785698, 40.98558, 18.228724, 0.0, 0.0, 0.0, -1
108.970474, 10.665554, 150.61568, 35.862247, 157.88695, 146.60692, 3.317521, 7.3745403
3.2704537, 10.273859, 41.401527, 48.32461, 0.0, 0.0, 0.0, -1
132.98975, 11.054936, 135.6214, 36.74084, 165.5087, 163.7988, 4.8028164, 8.885621
6.8499665, -17.485611, 36.532196, 45.982193, 0.0, 0.0, 0.0, 0
114.525795, 25.4852, 39.069305, 32.8394, 116.501724, 104.60657, 20.821419, 23.4044
0.14713205, -3.1784062, 47.652935, 49.16866, 0.0, 0.0, 0.0, -1
21.00383, 4.0649953, 16.844833, 39.52155, 10.56131, 12.22966, 6.637374, 4.782231
0.0015596824, 0.0, 0.0, 0.0, 1.2905374, 6.1704783, 92.53899, -1
9.971283, 4.065008, 27.881912, 39.521347, 3.514923, 23.263199, 6.7331133, 4.782052
0.9865255, -59.53728, -28.522232, 11.94049, 0.0, 0.0, 0.0, -1
9.975601, 4.065082, 27.881485, 39.521217, 6.386154, 23.259293, 6.8062367, 4.78195
2.8370059, -58.61882, -13.929151, 27.452024, 0.0, 0.0, 0.0, 0
23.718597, 4.0650964, 14.142807, 39.521023, 5.746811, 11.51973, 7.076518, 5.029344
7.200125, -45.10582, 11.0191345, 43.875046, 0.0, 0.0, 0.0, 0
120.64247, 5.0552115, 52.17444, 37.947567, 84.77197, 72.76001, 7.6766143, 5.128472
8.794282, -19.115997, 35.2133, 45.670708, 0.0, 0.0, 0.0, 0
168.0584, 20.468918, 82.217834, 32.878998, 151.91928, 155.71939, 18.801725, 17.68525
4.1562915, 5.2582664, 47.12162, 47.620113, 0.0, 0.0, 0.0, -1
169.89455, 23.169178, 88.62137, 32.52769, 155.88167, 159.05685, 21.951704, 20.88867
1.9385041, 8.13454, 45.796543, 46.06892, 0.0, 0.0, 0.0, -1
144.66745, 23.401709, 63.755188, 32.584583, 130.41504, 133.47849, 22.427982, 21.35514
0.38494107, 6.5203214, 46.307167, 47.17251, 0.0, 0.0, 0.0, -1
50.32872, 23.582672, 30.296524, 32.61542, 36.605377, 39.77072, 22.243378, 21.198399
0.0, 0.0, 0.0, 0.0, 47.009647, -9.0067215, -43.98363, -1
61.81885, 4.817119, 93.08928, 21.517223, 58.05371, 92.05859, 2.5978885, 3.5421798
5.8623985E-4, 0.0, 0.0, 0.0, 42.550896, 22.34363, -35.105476, 5
30.400606, 4.817828, 124.512985, 21.51627, 98.68787, 123.48389, 2.4339712, 3.541224
9.506881E-5, 0.0, 0.0, 0.0, 61.822, 31.318724, 6.8592744, -1
14.592535, 4.8178654, 140.32101, 21.516174, 117.44758, 140.13889, 2.5221007, 3.5891678
3.4385216E-6, 0.0, 0.0, 0.0, 30.198633, 16.072224, 53.72914, -1
9.974133, 4.8178196, 144.93867, 21.516174, 128.90115, 148.49146, 2.6031716, 3.7694235
3.4385216E-6, 0.0, 0.0, 0.0, 4.7529345, 3.700214, 91.54685, -1
4.555704, 4.613294, 149.08142, 21.516174, 135.7398, 152.24878, 2.6281757, 3.9265435
4.5846955E-6, 0.0, 0.0, 0.0, -29.266163, -10.98273, 59.751106, 3
56.512524, 3.3537705, 163.88228, 21.51617, 161.79668, 165.21829, 2.7046847, 3.5342302
4.340388, -19.14127, 30.754753, 50.10398, 0.0, 0.0, 0.0, 0
84.822464, 25.451763, 142.21278, 24.853317, 91.186844, 93.93315, 24.247152, 23.12728
5.905294E-4, 0.0, 0.0, 0.0, -39.99977, -20.000889, -39.999344, 3
21.905235, 25.451923, 79.29546, 24.853231, 28.2304, 30.957512, 24.264889, 23.13554
5.599486E-4, 0.0, 0.0, 0.0, -38.823357, -19.974722, -41.20192, 5
19.483707, 5.579281, 118.06177, 10.598778, 130.21933, 106.19647, 4.1905417, 3.526913
0.0, 0.0, 0.0, 0.0, 18.633595, 21.687962, 59.67844, -1
77.389465, 4.922783, 166.00365, 10.598778, 168.36794, 144.75291, 4.6768365, 4.2932954
0.0, 0.0, 0.0, 0.0, -48.832783, 0.4935903, 50.673622, 3
106.18371, 4.4877605, 162.57088, 10.598778, 166.87346, 170.88695, 5.0702443, 4.8304033
0.0, 0.0, 0.0, 0.0, -52.026222, -19.862358, 28.11142, 3
156.9461, 3.3819005, 99.59886, 10.598778, 113.894, 148.37083, 5.1822386, 4.268085
5.053254, -60.346096, -0.44827425, 39.205635, 0.0, 0.0, 0.0, 0
153.67802, 7.105672, 6.0547485, 4.952787, 132.69098, 154.24814, 2.8285735, 3.9451542
6.7638474, 2.0869625, 53.685863, 44.227173, 0.0, 0.0, 0.0, -1
141.18912, 8.451228, 23.284454, 3.4407995, 129.6423, 145.05865, 4.232649, 5.1942325
8.926569, 37.36288, 34.736805, 27.900318, 0.0, 0.0, 0.0, -1
141.42802, 13.673089, 159.71535, 8.60374, 149.84189, 157.72908, 11.059576, 11.395382
5.563396, 29.108576, 35.500282, 35.39114, 0.0, 0.0, 0.0, -1
152.2102, 24.294888, 178.73874, 20.903088, 159.56818, 161.67395, 23.200762, 21.84023
1.2152083, 34.46144, 33.732727, 31.805832, 0.0, 0.0, 0.0, -1
130.36176, 24.997557, 158.5184, 21.6585, 137.49606, 137.94849, 24.05055, 22.481627
0.45547026, 34.32, 33.687946, 31.992064, 0.0, 0.0, 0.0, -1
99.21399, 25.393578, 126.89108, 22.079525, 106.5916, 105.7424, 24.713749, 23.162136
0.03164021, 0.0, 0.0, 0.0, -39.985504, -20.044569, -39.96993, 3
67.8098, 25.42339, 95.451385, 22.110136, 75.71365, 74.34613, 24.764574, 23.29287
0.002321137, 0.0, 0.0, 0.0, -39.917522, -20.166107, -39.91637, 3
5.079995, 6.138105, 85.54315, 9.887956, 87.38208, 102.74939, 6.9298177, 4.0733457
1.1044029, 30.967176, 36.764587, -32.268234, 0.0, 0.0, 0.0, 2
13.945164, 5.433739, 119.85338, 10.006367, 118.56578, 132.74602, 6.700565, 4.0231175
0.61361104, 35.26276, 37.66536, -27.07188, 0.0, 0.0, 0.0, -1
9.8671055, 5.0279217, 114.24562, 10.418672, 111.46706, 125.09325, 6.9188714, 4.2460413
0.032939963, 0.0, 0.0, 0.0, 38.503788, 13.405964, 48.090252, -1
30.646484, 4.76747, 130.78639, 10.498539, 134.11739, 130.75871, 6.5911303, 3.663796
3.738598E-4, 0.0, 0.0, 0.0, 15.973949, 19.36828, 64.65777, -1
47.93441, 4.6969576, 146.54724, 10.498673, 149.87845, 141.27542, 6.5912895, 3.56388
2.900935E-4, 0.0, 0.0, 0.0, -22.823505, 7.9062114, 69.27028, 3
79.40404, 4.696871, 178.01746, 10.498677, 177.1496, 161.18503, 6.133143, 3.4657724
2.028666, -5.0226197, 17.049988, 77.92739, 0.0, 0.0, 0.0, 0
110.800995, 4.6968956, 150.58887, 10.498912, 149.54233, 178.77939, 5.7832165, 3.509767
5.720191, 6.204343, 34.26857, 59.52709, 0.0, 0.0, 0.0, -1
142.14368, 4.6969037, 119.24689, 10.4989605, 124.71713, 158.11435, 5.9643755, 3.6852748
8.867796, 16.159103, 37.873333, 45.967564, 0.0, 0.0, 0.0, -1
124.625656, 15.403107, 87.63727, 15.737097, 111.51935, 112.17255, 15.145177, 16.72696
0.2991635, -43.24548, -32.80946, -23.945063, 0.0, 0.0, 0.0, -1
108.84015, 15.109508, 72.82837, 15.927816, 95.9837, 95.96481, 15.205034, 16.857374
3.3771, -33.60466, -35.105873, -31.28947, 0.0, 0.0, 0.0, 1
36.93512, 10.230593, 49.23471, 39.949196, 79.62381, 55.227417, 4.512764, 4.533899
4.7141685, -62.84535, 4.9604745, 32.194176, 0.0, 0.0, 0.0, 0
153.83572, 24.680984, 76.224686, 31.876509, 147.12677, 142.61137, 19.41958, 22.639317
0.73125744, -0.6799123, 48.72721, 50.592876, 0.0, 0.0, 0.0, -1
4.6752014, 8.123816, 72.06816, 43.011288, 67.97673, 49.11734, 4.893677, 6.0938935
0.8478275, 6.0662413, -10.440691, -83.493065, 0.0, 0.0, 0.0, -1
4.8578796, 7.898898, 78.574646, 43.011288, 74.48419, 58.02951, 4.8936853, 6.064263
1.6892529, 5.450951, 0.7076508, -93.84139, 0.0, 0.0, 0.0, 2
0.35746765, 5.833802, 89.32463, 43.063335, 107.79454, 85.51509, 3.2720945, 4.7689424
0.56211615, 3.6824691, 24.346142, -71.97139, 0.0, 0.0, 0.0, -1
31.23256, 4.3877134, 121.811066, 43.09792, 139.10022, 119.47015, 2.096543, 4.8191633
0.0015475907, 0.0, 0.0, 0.0, -49.324318, -30.684614, 19.99107, 3
0.3743286, 4.3878813, 90.199005, 43.09763, 56.796127, 79.79129, 1.8395499, 4.9167223
0.0014525611, 0.0, 0.0, 0.0, -40.103386, -6.3890786, 53.507538, 3
48.952362, 4.3882146, 42.984894, 43.097183, 2.1199036, 21.22902, 2.920183, 5.205376
0.4944471, -37.4417, 8.822532, 53.735767, 0.0, 0.0, 0.0, -1
64.66962, 4.3884206, 27.264572, 43.09698, 19.000809, 1.815445, 3.1538093, 5.3522034
5.1041985, -24.412971, 30.311888, 45.275135, 0.0, 0.0, 0.0, 0
171.75763, 23.024233, 83.844604, 37.912823, 157.65787, 160.89485, 21.662828, 20.607126
1.9626428, 0.8276704, 49.12059, 50.051743, 0.0, 0.0, 0.0, -1
128.47061, 25.356787, 43.784058, 37.93506, 115.87988, 118.882706, 23.808735, 22.789124
0.03715266, 0.0, 0.0, 0.0, 24.457502, -23.624382, -51.918118, 5
65.404175, 25.440268, 19.165878, 37.938194, 52.92314, 55.979828, 23.82741, 22.831429
0.0024405129, 0.0, 0.0, 0.0, 41.18732, -17.62528, -41.187397, 5
3.2157898, 5.6482124, 73.79184, 53.690304, 53.093536, 41.444824, 36.948288, 51.069653
0.0, 0.0, 0.0, 0.0, -37.119965, 4.659824, 58.220207, 3
39.74588, 5.307417, 42.336823, 53.690304, 21.22995, 9.91568, 34.017864, 48.12467
0.9846663, -41.84484, -6.5107493, 51.64441, 0.0, 0.0, 0.0, -1
55.488007, 5.3075476, 26.593018, 53.690304, 5.2619934, 5.8706055, 32.555466, 46.65588
6.867967, -37.379143, 1.465518, 61.155342, 0.0, 0.0, 0.0, 0
153.60493, 9.364566, 57.26233, 51.3626, 87.32956, 92.65524, 23.60421, 38.176094
7.7639003, -25.165665, 20.698519, 54.13582, 0.0, 0.0, 0.0, 0
150.8656, 19.725872, 62.785873, 45.61259, 127.42369, 110.67018, 20.417002, 31.572136
3.219247, -16.400421, 35.45177, 48.147804, 0.0, 0.0, 0.0, 0
142.43192, 23.47913, 59.153458, 44.10328, 130.38492, 116.67546, 22.16331, 27.764902
0.40273312, -13.314337, 39.43847, 47.247192, 0.0, 0.0, 0.0, -1
47.81169, 24.384136, 34.378082, 43.91809, 36.985413, 27.18454, 22.723232, 25.842651
9.906921E-4, 0.0, 0.0, 0.0, 49.124588, 1.7335875, -49.141827, 5
4.9641294, 29.15581, 78.68686, 35.229248, 67.54712, 85.52234, 5.1507277, 5.0263214
5.9647317, -16.202793, 14.807754, -68.98945, 0.0, 0.0, 0.0, 2
2.2110672, 20.367838, 85.10672, 33.87898, 131.42892, 158.9632, 5.508522, 6.9774556
0.20673063, -10.765864, 38.17129, -51.062847, 0.0, 0.0, 0.0, -1
13.52527, 19.638468, 69.74646, 33.837803, 117.456436, 150.56358, 5.6293335, 6.094765
0.0023188312, 0.0, 0.0, 0.0, -34.897568, 3.2488947, 61.85354, 3
45.019257, 18.47008, 38.245148, 33.837204, 78.3418, 138.12451, 5.1056957, 4.2983665
0.49611253, -18.9218, -40.648308, 40.429893, 0.0, 0.0, 0.0, -1
60.40766, 17.885262, 22.541168, 33.836807, 46.569397, 137.77367, 4.4970007, 3.583283
2.3405306, -22.364815, -27.584373, 50.05081, 0.0, 0.0, 0.0, 1
75.74935, 17.306904, 6.7502747, 33.83641, 11.71051, 142.3763, 4.338441, 3.142538
5.9739623, -21.91817, 25.139914, 52.941917, 0.0, 0.0, 0.0, 0
121.965454, 16.040758, 41.156128, 33.64085, 82.86139, 158.04472, 6.6534457, 4.3231134
7.2664037, -14.714831, 41.515244, 43.769924, 0.0, 0.0, 0.0, 0
148.9157, 19.088161, 69.61841, 31.718864, 134.8566, 173.15446, 13.674192, 9.599751
4.74977, -9.329693, 45.594875, 45.075428, 0.0, 0.0, 0.0, 0
146.30159, 23.461601, 70.27443, 30.397348, 133.93423, 145.48396, 22.069725, 18.731064
0.38957715, -4.9749565, 46.524357, 48.500687, 0.0, 0.0, 0.0, -1
43.313496, 49.369473, 113.968155, 44.93017, 108.001205, 96.881485, 31.756664, 44.53365
8.996537, 8.14545, -4.572595, -87.28195, 0.0, 0.0, 0.0, 2
12.70372, 33.90754, 100.614, 45.223408, 102.152504, 83.88348, 32.310886, 40.595097
3.562961, 17.752474, 8.699564, -73.547966, 0.0, 0.0, 0.0, 2
4.8934803, 23.580215, 91.57231, 47.9517, 88.72963, 68.85744, 28.387426, 33.461872
0.3554192, 25.59354, 10.188912, -64.21755, 0.0, 0.0, 0.0, -1
4.9715805, 19.615074, 81.4281, 48.51785, 44.26438, 31.543373, 21.009466, 23.765062
0.0, 0.0, 0.0, 0.0, -52.468266, -6.9788275, 40.55291, 3
10.451821, 20.08906, 61.464874, 48.077553, 12.433502, 7.5250244, 20.488522, 21.62006
0.61477435, -60.969154, 5.777189, 33.25366, 0.0, 0.0, 0.0, -1
26.176178, 19.492191, 45.73752, 48.077553, 5.2492676, 10.606934, 20.30581, 21.534159
5.8599834, -46.117786, 19.282694, 34.59952, 0.0, 0.0, 0.0, 0
132.12529, 20.474207, 48.0531, 41.331642, 119.4774, 123.0018, 20.499498, 22.958786
3.8654797, -25.17811, 33.986996, 40.834892, 0.0, 0.0, 0.0, 0
131.17183, 21.867239, 45.640686, 39.755142, 119.02881, 120.132904, 21.153671, 24.432934
0.48683488, -27.546873, 33.050797, 39.40233, 0.0, 0.0, 0.0, -1
33.69159, 15.19777, 81.57761, 30.330305, 73.068756, 33.017944, 3.7537432, 4.672998
1.2351009, 18.605148, 13.6411085, -67.753746, 0.0, 0.0, 0.0, 2
29.387093, 9.48073, 143.22527, 30.723866, 154.47578, 121.50624, 5.581681, 5.5814657
0.0025330398, 0.0, 0.0, 0.0, -4.10637, 18.44666, 77.44697, 3
4.9396553, 36.18344, 69.12529, 49.144367, 68.937, 61.01259, 48.184063, 43.009823
5.4311986, -16.101019, -20.065361, -63.83362, 0.0, 0.0, 0.0, 2
4.99078, 25.273699, 86.63583, 45.82653, 80.670715, 80.643585, 37.874138, 40.753174
0.3701377, -10.824589, -18.700806, -70.47461, 0.0, 0.0, 0.0, -1
9.9763775, 23.458221, 73.5302, 45.727417, 21.638596, 23.78981, 23.052391, 20.161287
0.35098845, -28.399843, -37.23388, -34.366276, 0.0, 0.0, 0.0, -1
9.976298, 23.457851, 73.5302, 45.727417, 21.848312, 23.950668, 23.272652, 20.43512
5.8131957, -31.038883, -36.968357, -31.992764, 0.0, 0.0, 0.0, 1
13.986904, 21.469841, 53.82202, 44.03464, 0.9808655, 1.9312744, 21.126581, 19.512438
8.070261, -41.98418, -35.01067, -23.005154, 0.0, 0.0, 0.0, 0
83.016655, 15.122798, 22.644226, 34.130894, 66.40486, 60.161804, 13.077499, 12.282032
0.786001, -50.71373, 16.98211, 32.304157, 0.0, 0.0, 0.0, -1
116.75749, 15.047313, 8.310303, 33.560204, 100.939995, 93.829315, 12.592255, 12.307648
4.498562, 6.061229, 48.917606, 45.021164, 0.0, 0.0, 0.0, -1
163.89038, 15.0465355, 55.439636, 33.560204, 149.11343, 143.49802, 12.272047, 13.238943
6.6647167, 7.533434, 47.539207, 44.927357, 0.0, 0.0, 0.0, -1
171.76236, 17.711851, 71.51584, 33.84325, 159.5137, 156.23647, 14.6462555, 15.975628
5.7260165, 9.108839, 46.68259, 44.208572, 0.0, 0.0, 0.0, -1
170.05266, 19.469795, 74.57904, 34.15271, 158.2324, 155.98479, 16.310337, 17.756643
4.67601, 12.37186, 44.859245, 42.768898, 0.0, 0.0, 0.0, -1
168.3693, 21.597664, 78.169586, 34.65072, 156.4081, 155.76837, 18.333614, 19.91342
3.4529333, 13.757023, 44.039104, 42.203876, 0.0, 0.0, 0.0, -1
167.22606, 23.342028, 81.00986, 35.15408, 155.08081, 155.75706, 20.153214, 21.719902
1.656188, 14.600481, 43.543324, 41.856197, 0.0, 0.0, 0.0, -1
80.409256, 25.397585, 1.4483032, 35.8503, 69.10857, 69.94858, 22.466778, 24.024689
0.0021424405, 0.0, 0.0, 0.0, 41.623276, -16.757664, -41.61906, -1
16.250992, 17.18744, 64.23964, 49.068222, 30.101883, 6.8133698, 20.669317, 20.682934
0.0, 0.0, 0.0, 0.0, -30.473248, 21.203466, 48.32329, 3
32.16075, 17.186514, 48.31221, 49.068222, 10.712799, 10.018478, 19.86291, 20.035938
5.2844076, -35.512135, 21.441992, 43.045876, 0.0, 0.0, 0.0, 0
145.28682, 23.323029, 55.78212, 43.071774, 130.23006, 133.02087, 23.12425, 21.775032
1.7899743, -20.63686, 37.046715, 42.31642, 0.0, 0.0, 0.0, 0
128.34073, 24.28686, 39.068604, 42.3041, 113.84781, 117.07706, 23.869543, 22.87157
0.49749997, -20.213167, 37.350647, 42.436184, 0.0, 0.0, 0.0, -1
97.42578, 24.062166, 8.247467, 42.112, 82.81287, 86.30165, 23.898504, 22.87228
0.042113233, 0.0, 0.0, 0.0, 36.583256, -18.910398, -44.506344, 5
65.900116, 23.505981, 23.26886, 42.09485, 50.920105, 54.651978, 23.628744, 22.572233
0.0024139173, 0.0, 0.0, 0.0, 43.62084, -13.4224205, -42.95674, -1
73.76245, 6.637903, 106.27493, 26.903257, 163.78593, 112.31755, 7.7351766, 4.721562
1.835823E-5, 0.0, 0.0, 0.0, 39.635796, 18.779976, -41.58423, 5
58.647713, 18.58639, 68.29779, 37.517048, 88.97409, 39.286285, 3.8397226, 6.843749
1.0141325, 24.421705, 21.411877, -54.16642, 0.0, 0.0, 0.0, 2
11.307632, 14.443672, 138.475, 37.952213, 53.447258, 120.10018, 3.308097, 6.4405675
0.0012391735, 0.0, 0.0, 0.0, 4.433074, 9.01072, 86.556206, -1
28.497108, 13.985399, 154.12695, 37.952396, 58.76246, 123.291145, 4.604925, 5.813375
0.0012470958, 0.0, 0.0, 0.0, -22.294014, 7.3482404, 70.35775, 3
45.962875, 13.537831, 169.95247, 37.952614, 70.33408, 124.61626, 5.8153796, 5.5524344
0.49361232, -3.3802888, 48.566143, 48.05357, 0.0, 0.0, 0.0, -1
63.465305, 13.102174, 174.29561, 37.95281, 85.058235, 126.07619, 6.528921, 5.698373
3.3250318, -1.2465318, 51.48842, 47.265053, 0.0, 0.0, 0.0, 0
97.81857, 12.448864, 142.90576, 37.95325, 117.39157, 138.1122, 7.9609575, 5.657487
7.568726, 1.8867873, 51.25649, 46.856728, 0.0, 0.0, 0.0, -1
149.00874, 14.58479, 99.248184, 37.869118, 167.79338, 163.06638, 12.117741, 9.094441
7.0761414, 5.5041895, 48.78131, 45.7145, 0.0, 0.0, 0.0, -1
159.59619, 19.964228, 103.12732, 38.260193, 173.29507, 172.75198, 17.823776, 15.296484
4.220222, 10.100659, 45.920994, 43.978344, 0.0, 0.0, 0.0, -1
161.51772, 22.724478, 107.30301, 38.77053, 173.53833, 173.84662, 20.674057, 18.853765
2.32215, 11.403713, 45.14547, 43.450817, 0.0, 0.0, 0.0, -1
162.37831, 24.480207, 110.00777, 39.196697, 173.36087, 174.14104, 22.678484, 21.084259
0.6143828, 12.088616, 44.726883, 43.1845, 0.0, 0.0, 0.0, -1
68.47917, 25.422941, 154.26677, 39.4552, 79.05394, 79.95241, 23.927906, 22.37485
3.671646E-5, 0.0, 0.0, 0.0, -39.981167, -20.038605, -39.980232, 3
36.496704, 25.422556, 122.28404, 39.455196, 47.038155, 47.92237, 23.9656, 22.411243
3.71933E-5, 0.0, 0.0, 0.0, -39.516304, -20.139477, -40.34422, 5
6.0071106, 13.465338, 113.86077, 26.257557, 101.60433, 130.89777, 4.806602, 5.2077804
0.001995428, 0.0, 0.0, 0.0, 27.137106, 11.4387245, 61.42417, -1
2.6481628, 23.514507, 75.428085, 38.036423, 70.73195, 87.19627, 5.290702, 4.556382
4.8140616, -7.5376363, 22.90265, -69.559715, 0.0, 0.0, 0.0, 2
0.25930786, 15.924267, 85.054565, 37.53317, 121.15347, 135.44803, 5.8567753, 6.35612
2.7740886, 24.676357, 43.16, -32.163643, 0.0, 0.0, 0.0, 2
49.46515, 14.923672, 133.02792, 37.523277, 162.9953, 146.82706, 1.9405626, 1.8017759
4.459118, 15.908304, 46.197247, -37.894447, 0.0, 0.0, 0.0, 2
3.0260773, 11.716122, 75.65541, 40.03504, 90.38722, 146.89943, 1.7253773, 1.6674408
5.4160714, -59.374004, 29.73895, -10.887039, 0.0, 0.0, 0.0, 0
147.59987, 9.326576, 32.40695, 34.37921, 163.88867, 152.0581, 5.8257394, 3.628088
8.648235, -7.9758368, 44.20369, 47.820473, 0.0, 0.0, 0.0, 0
179.8612, 11.379833, 66.831696, 33.347954, 179.61023, 165.23163, 7.860297, 5.271276
8.166343, 2.429311, 49.449062, 48.121628, 0.0, 0.0, 0.0, -1
157.05087, 24.813522, 121.56185, 34.37512, 168.2162, 168.9539, 22.760471, 20.635069
0.3761021, 12.288244, 44.216194, 43.49556, 0.0, 0.0, 0.0, -1
94.249344, 25.445372, 174.44312, 34.553013, 105.127014, 105.07739, 23.395533, 21.583689
0.002429165, 0.0, 0.0, 0.0, -39.958458, -20.08422, -39.957325, 3
31.413025, 25.446228, 111.60596, 34.552868, 42.041733, 41.36711, 23.74302, 22.193754
0.0024625577, 0.0, 0.0, 0.0, -39.999275, -20.004541, -39.99618, 3
25.232986, 3.8744528, 23.981216, 36.551125, 5.68808, 21.619644, 7.1948667, 4.629408
9.818678E-6, 0.0, 0.0, 0.0, 60.219746, 29.176136, -10.604117, 5
19.861038, 3.5981152, 39.76738, 36.551125, 12.748215, 37.411026, 7.2554607, 4.6297083
9.818678E-6, 0.0, 0.0, 0.0, 50.196777, 12.316005, 37.487213, -1
14.928757, 3.3333817, 55.468918, 36.551125, 31.139084, 53.117783, 7.3048224, 4.630008
5.891207E-6, 0.0, 0.0, 0.0, -34.027653, -15.413296, 50.55905, 3
48.191757, 2.9776573, 40.87056, 36.551117, 17.955902, 27.452988, 7.123694, 4.5689893
0.74030995, -41.017593, -10.244266, 48.738144, 0.0, 0.0, 0.0, -1
63.972763, 2.9776573, 25.089844, 36.551117, 0.579834, 8.289917, 7.009397, 4.7044206
4.431765, -31.090698, 17.887909, 51.021393, 0.0, 0.0, 0.0, 0
165.69356, 8.988614, 65.72302, 33.98129, 130.85771, 134.26733, 8.850456, 7.3748937
9.146448, -7.6305466, 44.732506, 47.636944, 0.0, 0.0, 0.0, 0
171.41798, 13.770702, 75.1694, 32.531826, 147.08311, 151.75023, 13.201563, 11.927784
7.280445, -2.0608811, 48.145733, 49.793385, 0.0, 0.0, 0.0, 0
57.947372, 25.415249, 19.530777, 32.538216, 45.91562, 48.97899, 23.644571, 22.642479
1.2396643E-4, 0.0, 0.0, 0.0, 42.1744, -15.650116, -42.175488, 5
39.563763, 3.8075128, 117.28378, 17.051445, 100.29988, 121.18472, 4.548829, 3.1017194
0.0, 0.0, 0.0, 0.0, 53.2979, 24.467144, -22.234955, 5
23.873848, 3.8071346, 132.97, 17.051445, 115.20109, 136.87094, 4.3592734, 3.1017194
0.0, 0.0, 0.0, 0.0, 69.24086, 16.006132, 14.753011, -1
9.94652, 3.8067393, 146.89389, 17.051445, 128.42706, 150.7962, 4.0384536, 3.1019056
2.3841858E-7, 0.0, 0.0, 0.0, 3.824683, -11.89636, 84.27896, 4
0.5970688, 3.805949, 157.43176, 17.051445, 135.77353, 167.273, 3.4399617, 3.0118015
0.47635558, 42.321205, 46.844036, -10.834752, 0.0, 0.0, 0.0, -1
16.275455, 3.8055227, 173.1066, 17.051445, 145.30838, 172.43721, 3.3863695, 2.7278051
1.9888104, 45.043797, 52.718163, -2.23804, 0.0, 0.0, 0.0, 2
32.011086, 3.8051167, 171.1608, 17.051445, 155.25027, 154.52777, 3.3376772, 2.5052643
4.940654, 22.238415, 50.30062, 27.460966, 0.0, 0.0, 0.0, -1
155.57008, 4.0646324, 99.68028, 19.19035, 147.87444, 127.91371, 5.0546293, 5.1367364
9.346062, -5.7410836, 42.715115, 51.543808, 0.0, 0.0, 0.0, 0

SIGNAL KNOWLEDGE:
33.013504, 15.081496, 18.053406, 32.993958, 15.361145, 4.994507, 4.866572, 6.118792,implicit, 1
4.9586334, 11.565721, 85.49165, 32.98966, 74.903336, 91.2238, 5.4815416, 4.898346,implicit, 1
47.262344, 5.61561, 44.243866, 33.728416, 11.872406, 73.81152, 3.1405864, 1.6595811,implicit, 0
4.942627, 25.368889, 75.80046, 29.35881, 16.618301, 15.015045, 24.329544, 22.88077,implicit, 0
4.974945, 9.2091465, 56.077637, 46.140625, 58.240417, 54.025208, 6.054246, 4.5180273,implicit, 1
4.904541, 5.4489613, 71.42639, 46.13732, 64.835815, 82.66229, 4.8150306, 5.1866326,implicit, 1
4.9546204, 23.716808, 96.05127, 46.230408, 15.515442, 18.692581, 22.245743, 23.223486,implicit, 0
63.135284, 4.337754, 69.93764, 35.337643, 69.55585, 45.846405, 5.0366426, 5.871025,implicit, 1
4.9547424, 25.98524, 82.15253, 33.85818, 16.960388, 14.540619, 23.185547, 24.424528,implicit, 0
64.46472, 4.229161, 106.188065, 6.9544325, 95.64805, 52.530945, 8.5274935, 6.1426525,implicit, 1
84.53165, 4.4575715, 176.20956, 10.611445, 179.65146, 172.48032, 3.8670628, 7.416614,implicit, 1
4.871146, 25.417973, 33.49267, 22.019958, 11.211639, 12.696046, 24.825485, 23.363203,implicit, 0
19.223328, 11.60908, 56.45874, 61.443634, 37.830505, 55.029907, 47.05802, 54.40434,implicit, 0
20.960838, 3.7889075, 131.57031, 46.335705, 134.96317, 148.97299, 4.7403536, 6.0317755,implicit, 1
4.5296917, 25.427246, 82.476974, 40.323956, 6.759447, 5.8894253, 22.566141, 24.119183,implicit, 0
7.8874416, 22.650185, 82.94597, 40.323956, 4.6348686, 3.6956902, 21.647154, 23.20689,explicit:callForPass, 0
66.63244, 10.599201, 124.93021, 30.29643, 128.09073, 154.30154, 4.624796, 8.130882,implicit, 1
4.9441185, 31.251417, 68.21062, 32.136158, 13.407703, 13.344521, 26.765198, 28.696125,implicit, 0
4.974186, 8.552644, 62.279343, 20.830511, 63.25203, 54.193527, 3.5397253, 5.1468344,implicit, 1
4.8865204, 25.430819, 57.832626, 23.965029, 12.701645, 11.379318, 23.288298, 24.7469,implicit, 0
4.9971776, 24.427216, 71.49295, 32.396984, 6.2740483, 5.688643, 20.30408, 22.783258,implicit, 0
4.605324, 20.75931, 81.19063, 47.91661, 18.322222, 20.782244, 20.718855, 19.011095,implicit, 0
4.605324, 20.75931, 81.19063, 47.91661, 18.322313, 20.592546, 20.718988, 19.242138,explicit:callForPass, 0
83.81332, 10.598751, 4.9141235, 39.33435, 130.19153, 116.5802, 10.715411, 6.092654,implicit, 1
4.8736877, 24.574135, 58.981316, 26.159039, 4.831192, 6.751728, 21.641064, 23.049978,implicit, 0
14.2317505, 14.101682, 4.8413696, 49.641975, 5.9298096, 9.744873, 9.92326, 27.461634,implicit, 1
4.739517, 25.444765, 81.65396, 39.598515, 3.9496307, 6.837555, 22.602144, 23.681314,implicit, 0
94.10631, 7.968746, 72.16182, 26.12694, 71.448044, 51.349487, 5.047077, 6.387114,implicit, 1
9.004181, 42.26265, 4.8917236, 52.275337, 30.354523, 8.408997, 9.357037, 33.284763,implicit, 1
4.862152, 20.03197, 82.149155, 38.94112, 4.178955, 10.128357, 20.810751, 20.146273,implicit, 0
100.94804, 11.265657, 139.89563, 22.129017, 156.1908, 138.47836, 6.5795665, 3.5515146,implicit, 1
43.286407, 23.547564, 34.971985, 56.18828, 0.3945923, 5.9523315, 53.472977, 37.256668,implicit, 0
4.980335, 24.841173, 85.78368, 45.534824, 15.380247, 6.056202, 23.538591, 23.166716,implicit, 0
99.25964, 17.42044, 10.5746765, 35.468746, 4.470215, 21.684418, 4.5474625, 8.728699,implicit, 1
4.967119, 25.622957, 70.35276, 32.822723, 4.934599, 4.889719, 20.934177, 23.53049,implicit, 0
111.85101, 17.134438, 107.8761, 53.081028, 108.22812, 106.354004, 46.018993, 46.52347,implicit, 1
36.67697, 4.064994, 1.1672363, 39.52176, 29.109314, 3.444519, 6.5318913, 4.7824135,implicit, 1
4.9643097, 23.582672, 75.660934, 32.61542, 8.508011, 5.2430115, 22.078138, 21.069475,implicit, 0
61.81885, 4.817119, 93.08928, 21.517223, 58.05371, 92.05859, 2.5978885, 3.5421798,implicit, 1
4.995056, 25.45222, 62.38492, 24.8532, 11.320526, 14.077972, 24.284056, 23.17145,implicit, 0
118.650925, 8.321517, 172.39653, 10.597015, 142.46889, 165.51286, 2.040008, 4.125333,implicit, 1
4.8883553, 5.8847337, 98.20134, 10.598589, 115.566055, 89.966324, 3.6616297, 3.4163203,implicit, 1
4.9944763, 25.425074, 32.634415, 22.110271, 14.925461, 11.344788, 23.648907, 24.194893,implicit, 0
87.83548, 17.408934, 105.849144, 9.25143, 91.52468, 100.85677, 9.975997, 3.3007169,implicit, 1
60.247513, 13.359552, 25.666107, 15.931519, 46.996532, 45.63095, 14.29051, 16.378805,implicit, 0
105.15466, 4.0517535, 63.061672, 13.590315, 53.243256, 66.94941, 4.517562, 8.2518,implicit, 1
4.5141153, 25.390375, 72.17892, 31.866213, 6.822958, 6.346792, 21.427029, 23.3022,implicit, 0
70.58577, 18.678024, 94.87088, 1.9729577, 73.03241, 61.460773, 7.854517, 17.674929,implicit, 1
33.45128, 10.462632, 171.38934, 6.9786363, 171.83496, 104.03581, 5.8305874, 4.3484206,implicit, 1
53.384888, 9.093691, 6.839966, 43.01148, 2.7076416, 31.27121, 4.8936257, 6.085693,implicit, 1
4.9144287, 25.44237, 79.65552, 37.936085, 7.0960236, 4.209198, 23.751299, 22.72804,implicit, 0
4.88566, 24.384695, 77.293144, 43.9199, 5.933213, 15.552546, 22.722353, 23.42682,implicit, 0
4.9979553, 23.962484, 70.51141, 30.33251, 7.616916, 2.8554707, 22.084225, 18.797283,implicit, 0
4.6804867, 22.494081, 81.136536, 39.31841, 7.487257, 11.777483, 21.109154, 22.936916,implicit, 0
49.444702, 13.844257, 65.82224, 30.330442, 50.472206, 14.009683, 3.1694186, 4.5873995,implicit, 1
4.9633007, 25.396406, 76.89943, 35.84852, 6.3668785, 5.430662, 22.672363, 24.215984,implicit, 0
93.047516, 17.756014, 3.8536377, 22.005898, 2.593567, 1.6018677, 3.5388792, 5.3516564,implicit, 1
4.6089478, 22.423267, 84.54091, 42.09314, 11.67482, 7.427353, 22.483166, 21.208143,implicit, 0
16.281271, 5.4971094, 153.37367, 26.903252, 149.31305, 152.61716, 7.7539325, 5.041454,implicit, 1
3.8238487, 29.069744, 89.46188, 42.537003, 65.21588, 44.900784, 24.680351, 42.56031,implicit, 0
11.197876, 18.586353, 115.74755, 37.517086, 121.623436, 95.083336, 3.6629987, 7.041264,implicit, 1
4.8626633, 25.421234, 90.64908, 39.45518, 15.412159, 16.322502, 24.0858, 22.539505,implicit, 0
112.53044, 18.48359, 5.3572083, 27.106833, 35.925903, 22.05307, 8.853813, 4.145332,implicit, 1
111.649826, 17.142033, 75.539795, 53.166195, 78.86264, 75.551605, 38.377827, 52.235874,implicit, 1
0.35333252, 13.272888, 54.28595, 38.036423, 44.530273, 56.719116, 4.2402925, 5.4613156,implicit, 1
49.46515, 14.923672, 133.02792, 37.523277, 162.9953, 146.82706, 1.9405626, 1.8017759,implicit, 0
4.9685364, 25.44869, 85.15921, 34.552406, 16.076965, 14.934311, 23.869919, 22.342558,explicit:callForPass, 0
0.14099121, 17.861122, 4.945984, 50.3775, 3.2671204, 4.9301453, 43.08099, 41.95767,implicit, 1
4.949753, 25.417292, 72.52582, 32.538292, 6.463089, 3.8207092, 23.738203, 22.556047,explicit:callForPass, 0
93.262054, 8.837117, 29.94432, 17.425556, 48.153168, 24.757446, 4.8239007, 3.3363063,implicit, 1
92.75717, 6.394833, 54.299133, 17.050867, 28.850616, 58.176056, 5.3344364, 3.0995474,implicit, 1

SHOOT KNOWLEDGE:
75.1223, 15.006131, 12.562271, 26.861933, 54.74269, 53.623444, 17.743933, 12.46712
111.99176, 7.916202, 4.9358215, 27.383833, 144.09927, 119.423874, 9.109413, 13.410482
6.087509, 13.196336, 38.386364, 19.105295, 4.952359, 6.2339783, 17.182703, 15.114876
38.699783, 13.486004, 30.082062, 21.988195, 22.93277, 31.785202, 13.81815, 16.812017
39.27824, 14.818827, 36.761795, 25.080202, 21.913143, 19.131645, 15.7703495, 18.025743
131.13275, 5.980847, 4.9623413, 26.832224, 83.335464, 70.19726, 16.006117, 16.474628
43.04312, 8.901009, 30.524231, 23.628063, 55.641705, 20.68451, 12.787665, 12.294727
1.2937012, 15.383082, 38.38777, 18.867973, 15.979187, 9.15538, 17.978611, 18.950817
88.95645, 3.2864726, 17.548248, 13.589098, 15.624847, 6.67218, 3.9453368, 6.3864813
127.25807, 8.572259, 4.8795776, 27.246677, 116.89533, 122.747444, 8.8396845, 10.220785
130.4348, 4.35441, 28.975586, 10.628279, 46.99034, 28.215607, 5.6873126, 3.4412835
149.21524, 10.611627, 2.2705078, 17.881393, 128.20757, 167.18521, 5.961899, 3.344607

