POS KNOWLEDGE:
47.021988, 56.37464, 2.175354, 48.98437, 33.22496, 32.74884, 54.92918, 29.782665
3.7526698, -39.88405, -33.406517, -26.709435, 0.0, 0.0, 0.0, 0
50.072388, 53.971703, 2.1753998, 45.1901, 35.2715, 35.456894, 44.457676, 19.336061
3.807636, -40.574287, -33.19921, -26.226503, 0.0, 0.0, 0.0, 0
51.357117, 50.245014, 2.1760406, 41.63258, 37.81253, 29.41761, 34.04893, 9.313003
3.078768, -63.181675, -25.050316, -11.768008, 0.0, 0.0, 0.0, 0
91.66943, 44.241257, 39.24156, 35.685486, 81.73828, 52.31714, 16.069279, 4.4758363
3.3838468, -53.358044, 15.419856, 31.222109, 0.0, 0.0, 0.0, 0
106.71747, 42.28321, 64.84294, 32.656178, 111.207825, 72.071365, 7.0962605, 4.657173
0.4312843, -69.54852, 0.6529508, 29.79852, 0.0, 0.0, 0.0, -1
76.42108, 41.515144, 36.213745, 32.30272, 87.64577, 37.442398, 5.832729, 4.931881
1.8973707E-5, 0.0, 0.0, 0.0, 21.75519, 10.323495, -67.92131, 5
4.8624725, 38.99379, 32.17325, 32.302696, 19.323883, 31.763565, 6.296757, 4.975836
0.0, 0.0, 0.0, 0.0, 61.69223, 38.071667, 0.2361024, -1
4.981003, 37.30983, 38.177414, 32.302696, 32.886322, 41.34178, 6.229869, 4.8580527
0.0, 0.0, 0.0, 0.0, 68.78942, 30.69753, -0.5130483, 5
4.834656, 36.7484, 40.426987, 32.302696, 35.65683, 45.38205, 6.0913, 4.785008
0.0, 0.0, 0.0, 0.0, 72.32604, 27.416082, 0.25787428, -1
4.89624, 36.149635, 42.63681, 32.302696, 38.393356, 46.342728, 6.012216, 4.598786
0.0, 0.0, 0.0, 0.0, 67.3084, 32.35233, -0.33926344, 5
4.8984222, 34.464752, 49.2498, 32.302696, 45.47963, 51.22397, 6.0124974, 4.514008
0.0, 0.0, 0.0, 0.0, 66.02354, 33.41035, 0.5661198, -1
4.8743134, 33.904408, 51.54976, 32.302696, 47.985962, 53.8145, 6.0218325, 4.517287
7.1525574E-7, 0.0, 0.0, 0.0, 66.75343, 33.06083, -0.18573475, 5
4.88768, 33.34419, 53.849823, 32.302696, 50.019577, 55.93837, 6.008504, 4.506055
7.867813E-6, 0.0, 0.0, 0.0, 66.32654, 33.266167, 0.4072965, -1
4.999893, 31.62588, 61.083817, 32.302696, 57.187637, 63.200867, 5.994806, 4.499377
1.50203705E-5, 0.0, 0.0, 0.0, 66.49967, 33.372097, -0.12823041, 5
4.840454, 31.067198, 63.71884, 32.302696, 59.96054, 65.86841, 6.0019374, 4.4988966
1.7881393E-5, 0.0, 0.0, 0.0, 65.72921, 33.63057, 0.6402222, -1
4.978241, 30.502977, 66.12689, 32.302696, 62.357727, 68.26254, 5.999281, 4.495911
1.8119812E-5, 0.0, 0.0, 0.0, 66.37089, 33.17371, -0.45540127, 5
4.9247284, 29.937864, 68.7782, 32.302692, 65.0143, 71.127335, 5.99506, 4.49893
1.8119812E-5, 0.0, 0.0, 0.0, 66.33665, 33.407265, 0.2560903, -1
4.9724426, 29.380243, 71.34247, 32.302692, 67.493225, 73.58766, 5.98799, 4.490679
1.7563501E-5, 0.0, 0.0, 0.0, 66.47014, 33.038036, -0.4918229, 5
4.89917, 24.355503, 84.75122, 35.401993, 14.643631, 17.047256, 23.137403, 19.700663
3.9665356, -7.735177, -46.175938, -46.088886, 0.0, 0.0, 0.0, 1
4.7796936, 22.434067, 82.51106, 35.401993, 14.080368, 17.293167, 22.73286, 20.25567
4.094196, -5.7308607, -47.04521, -47.223923, 0.0, 0.0, 0.0, 2
3.6501312, 21.692211, 82.51106, 35.401993, 13.61145, 17.78923, 22.412678, 20.36554
2.8984804, -17.152897, -42.825397, -40.021706, 0.0, 0.0, 0.0, 1
12.818909, 13.433156, 34.289093, 34.732353, 39.330685, 37.397377, 18.065086, 16.264013
4.7034054, -76.28594, -16.504507, 7.2095537, 0.0, 0.0, 0.0, 0
99.66765, 7.0665483, 5.642444, 28.354448, 66.046074, 74.64513, 7.8886642, 12.426892
3.892229, -58.544968, 7.6708035, 33.78423, 0.0, 0.0, 0.0, 0
136.05513, 11.969152, 60.064484, 19.334955, 152.73964, 108.79936, 3.6896372, 2.8189387
3.2969415, -30.97904, 29.564625, 39.456337, 0.0, 0.0, 0.0, 0
3.4955187, 19.847479, 77.13599, 45.941067, 29.893097, 16.058563, 17.125057, 20.868135
3.9757633, -2.9694152, -47.00344, -50.027138, 0.0, 0.0, 0.0, 2
3.4989567, 19.8491, 77.13599, 45.34957, 20.07248, 18.037231, 16.64117, 19.573502
3.0255914, -24.451777, -40.371395, -35.17683, 0.0, 0.0, 0.0, 1
12.356496, 13.907467, 66.289856, 42.927864, 10.7187805, 6.4265137, 9.986562, 14.496559
3.047491, -67.540146, -31.32568, 1.1341715, 0.0, 0.0, 0.0, 0
104.86183, 12.444098, 4.925232, 38.00051, 39.268097, 45.386047, 3.2360826, 7.524322
0.6101159, -48.332283, -48.845074, 2.822639, 0.0, 0.0, 0.0, -1
4.867218, 25.416533, 75.65463, 34.52556, 6.8615894, 5.4272137, 21.614079, 23.105806
4.142207, -3.1332412, -47.920914, -48.945843, 0.0, 0.0, 0.0, 2
4.868347, 25.417337, 75.65463, 34.52556, 8.313164, 5.563574, 22.671844, 23.808645
4.606319, -7.2493134, -46.438892, -46.311794, 0.0, 0.0, 0.0, 1
3.3359947, 17.809013, 83.46561, 34.22975, 4.8475876, 4.6515255, 18.479862, 20.51882
4.671928, -84.27639, -13.761502, 1.9621038, 0.0, 0.0, 0.0, 0
138.09616, 17.532557, 81.12628, 18.960201, 105.49094, 95.67667, 3.0292854, 6.7799463
0.31586745, -31.678032, -8.692818, 59.629147, 0.0, 0.0, 0.0, -1
8.599335, 26.496235, 31.182983, 22.445538, 1.0870361, 0.28179932, 27.721737, 26.266388
4.0608654, -21.9865, -38.88516, -39.12834, 0.0, 0.0, 0.0, 2
144.37982, 24.229332, 175.6283, 52.025738, 175.67111, 173.06415, 48.907887, 49.716576
0.6688328, 35.126003, 34.45626, 30.417738, 0.0, 0.0, 0.0, -1
112.69705, 24.846542, 144.1258, 52.987946, 144.16818, 141.60974, 46.944893, 50.678345
0.003231887, 0.0, 0.0, 0.0, -40.00099, -20.00046, -39.99855, 3
65.61679, 24.851301, 97.039795, 52.992256, 97.08154, 94.52399, 42.536, 50.682667
0.4933509, -35.240387, -35.22186, -29.53775, 0.0, 0.0, 0.0, -1
49.954803, 24.852074, 81.377045, 52.992702, 81.41858, 78.86124, 41.067307, 50.683113
3.0064166, -35.543922, -35.525105, -28.930967, 0.0, 0.0, 0.0, 0
30.21637, 22.045433, 8.879974, 50.176918, 11.079386, 7.397854, 27.87774, 45.14241
3.790464, -37.717224, -37.445007, -24.83777, 0.0, 0.0, 0.0, 0
36.585815, 19.550873, 4.9236755, 46.42441, 4.959381, 2.0914001, 16.770618, 34.03351
3.772511, -39.907394, -39.651936, -20.44067, 0.0, 0.0, 0.0, 0
34.319824, 17.49492, 4.923767, 44.916756, 4.9431458, 2.0048218, 12.326041, 29.587309
2.9259257, -35.903404, -37.53575, -26.560843, 0.0, 0.0, 0.0, 1
27.753845, 14.965854, 4.92395, 43.357418, 4.9432373, 1.909668, 8.480311, 24.9858
2.8760748, -31.32115, -28.368128, -40.310722, 0.0, 0.0, 0.0, 2
16.41507, 12.2875395, 33.663483, 41.784588, 36.861725, 30.834381, 5.428991, 19.005293
3.237352, -35.311234, -24.58514, -40.103622, 0.0, 0.0, 0.0, 2
54.571808, 11.3905325, 55.707336, 41.03808, 65.831055, 55.538483, 4.615456, 15.411972
3.245595, -47.799706, -26.292301, -25.907999, 0.0, 0.0, 0.0, 0
42.14229, 9.694949, 29.12091, 38.853138, 50.44426, 57.50171, 3.6860478, 9.693807
3.1585913, -74.727974, -20.946117, -4.3259106, 0.0, 0.0, 0.0, 0
48.52739, 7.563184, 26.545197, 36.36479, 59.182343, 79.94899, 2.5512152, 7.178325
0.6742689, -41.636353, -25.572712, -32.79094, 0.0, 0.0, 0.0, -1
4.710556, 23.112038, 81.8208, 46.062767, 19.20372, 42.239685, 21.039537, 17.66565
3.966853, -4.2539763, -45.566555, -50.17947, 0.0, 0.0, 0.0, 2
4.0919952, 15.244928, 86.009735, 45.75786, 11.286148, 25.483276, 16.97739, 15.455598
1.3111018, -32.384007, -39.51807, -28.097925, 0.0, 0.0, 0.0, 1
19.957535, 14.533917, 71.14114, 45.72781, 3.930191, 10.948425, 16.295448, 14.17962
3.0360568, -74.18853, -21.469446, 4.3420258, 0.0, 0.0, 0.0, 0
116.44193, 5.0796003, 4.94812, 39.473297, 64.23441, 73.72531, 5.2919946, 8.645902
2.7997334, -53.787975, 7.827397, 38.38463, 0.0, 0.0, 0.0, 0
115.04546, 3.4665847, 44.850952, 34.733986, 78.21962, 124.22145, 3.5016267, 4.7443876
2.9380772, -41.097416, 33.29201, 25.610569, 0.0, 0.0, 0.0, 0
156.31244, 7.881622, 64.8992, 29.734324, 70.58118, 128.1412, 4.7149777, 7.0854344
0.49444556, -33.723415, 6.9598413, 59.316742, 0.0, 0.0, 0.0, -1
107.821335, 8.666744, 116.51581, 29.328142, 118.92401, 178.4161, 4.867701, 6.7666698
3.625609E-6, 0.0, 0.0, 0.0, 3.8356059, -33.252056, -62.912334, 5
4.9096985, 24.796177, 62.962875, 25.88799, 8.2547, 5.171356, 22.69846, 23.389095
4.0148435, -13.267372, -42.645687, -44.086945, 0.0, 0.0, 0.0, 2
4.955841, 22.139711, 65.55405, 27.104753, 9.923004, 6.357422, 21.481646, 22.581911
19.01548, -79.39231, -6.018683, 14.589008, 0.0, 0.0, 0.0, 0
129.02444, 8.44822, 31.182556, 7.3965364, 74.614624, 100.72476, 2.5113115, 7.406759
0.61200786, -54.14173, -8.354914, 37.503353, 0.0, 0.0, 0.0, -1
166.38521, 6.1220064, 4.9763336, 6.6777945, 82.42049, 137.60846, 2.5238929, 6.782949
2.355908E-4, 0.0, 0.0, 0.0, 48.036674, 8.064092, -43.89924, 5
146.2129, 4.2733912, 42.200928, 6.67729, 102.1792, 162.45308, 2.311601, 6.1940393
0.4407354, 47.607376, 36.240135, 16.15249, 0.0, 0.0, 0.0, -1
130.51614, 4.273364, 57.897842, 6.67729, 100.81401, 166.78874, 2.3042963, 6.0463777
2.686441, 43.077763, 44.54587, -12.376369, 0.0, 0.0, 0.0, 2
70.35571, 3.5607712, 140.61644, 7.713104, 140.4261, 178.78651, 4.4552255, 7.3838563
2.512713, 46.028286, 48.96095, 5.0107656, 0.0, 0.0, 0.0, -1
108.32699, 3.3293025, 148.2029, 9.654047, 139.18837, 157.55803, 5.1931186, 8.88659
1.2060258, 29.355103, 30.805258, 39.83964, 0.0, 0.0, 0.0, -1
127.36919, 3.556338, 141.91347, 10.280841, 132.24034, 146.2235, 5.208096, 9.44491
1.2557044, -27.00403, -31.084358, 41.91161, 0.0, 0.0, 0.0, 1
169.34175, 4.7772403, 102.244, 9.953309, 106.54115, 79.29927, 3.4165118, 4.5803347
0.6466421, 47.616203, 45.797714, 6.5860844, 0.0, 0.0, 0.0, -1
123.97956, 4.7965837, 149.44312, 10.101325, 155.55487, 135.11566, 3.487749, 4.314668
0.4980656, 46.99017, 45.966095, 7.043735, 0.0, 0.0, 0.0, -1
113.3602, 4.8805084, 165.41287, 10.5420065, 172.09326, 152.62057, 3.1300235, 4.2425656
0.05581472, 0.0, 0.0, 0.0, -35.034676, -9.734475, -55.23085, 5
98.31361, 4.893826, 178.88028, 10.597633, 170.7301, 169.45749, 3.2750425, 4.2091937
0.0, 0.0, 0.0, 0.0, -40.58131, -18.837433, -40.581257, 3
0.81884766, 20.183443, 87.977844, 48.098843, 18.684982, 12.89711, 21.202713, 19.636072
4.0857697, -3.6541653, -48.384945, -47.960888, 0.0, 0.0, 0.0, 1
57.96898, 2.1209993, 60.907867, 35.7867, 125.62474, 78.76401, 7.43396, 4.3386974
0.81157917, -51.965164, 24.875668, -23.159166, 0.0, 0.0, 0.0, -1
5.398285, 3.1982174, 73.616516, 35.55498, 147.29723, 79.46091, 5.094721, 4.7164717
2.4974499, -42.280132, 23.431215, -34.288654, 0.0, 0.0, 0.0, 0
4.0422974, 4.2712693, 60.31775, 35.55481, 137.33823, 60.568985, 4.0986223, 4.984143
3.449892, -32.821785, 25.247086, -41.931133, 0.0, 0.0, 0.0, 2
70.66492, 6.105405, 53.696976, 30.769793, 158.36423, 97.18184, 4.278397, 3.1065586
3.5624616, -47.774883, 39.58862, 12.636495, 0.0, 0.0, 0.0, 0
120.76797, 21.844606, 160.38666, 52.77241, 160.07217, 161.01962, 45.476086, 49.810535
0.5081525, 35.538498, 32.411015, 32.05048, 0.0, 0.0, 0.0, -1
101.5656, 22.004658, 144.57161, 53.042713, 144.25917, 145.20079, 44.277565, 50.080757
0.00571923, 0.0, 0.0, 0.0, -37.674168, -18.839264, -43.486565, 5
82.02289, 22.053432, 128.85376, 53.04661, 128.54266, 129.48367, 42.809925, 49.69075
0.002311788, 0.0, 0.0, 0.0, -45.283585, -22.645569, -32.070847, 3
45.878754, 22.241684, 97.32022, 53.047485, 97.012115, 97.94562, 39.871197, 46.75169
0.5416048, -38.406326, -38.405243, -23.188435, 0.0, 0.0, 0.0, -1
28.342987, 22.354412, 81.58923, 53.047928, 81.28284, 82.21213, 38.39909, 45.28077
2.4388907, -39.778137, -39.776722, -20.445143, 0.0, 0.0, 0.0, 0
64.77969, 19.72558, 4.9394326, 47.937702, 15.711888, 5.5825806, 18.399046, 25.272518
3.7766905, -38.04067, -37.196194, -24.763136, 0.0, 0.0, 0.0, 0
71.47937, 20.630474, 4.904724, 45.675648, 4.5707397, 5.6134033, 11.727858, 18.598705
3.1882634, -49.962597, -36.394432, -13.642974, 0.0, 0.0, 0.0, 0
39.601852, 20.25945, 6.0718994, 43.363686, 5.9515686, 6.756714, 6.6458664, 12.806025
2.4307437, -32.250748, -17.484407, -50.264847, 0.0, 0.0, 0.0, 2
4.9000454, 24.299812, 73.6509, 34.32133, 6.20158, 10.222014, 22.905716, 25.307314
4.1510453, -4.017974, -47.159153, -48.822872, 0.0, 0.0, 0.0, 2
2.123745, 16.157732, 84.078514, 34.07172, 13.40383, 19.861305, 18.846937, 20.518978
1.3570127, -35.94491, -37.265305, -26.789787, 0.0, 0.0, 0.0, 1
46.42107, 14.713965, 42.981815, 33.302376, 29.125767, 27.633059, 16.61567, 18.8517
4.6757064, -75.42848, -14.824581, 9.746933, 0.0, 0.0, 0.0, 0
113.76526, 6.7869062, 4.939789, 29.129662, 82.03207, 49.349182, 10.02938, 5.197202
3.1369474, -65.29804, -3.6813731, 31.020584, 0.0, 0.0, 0.0, 0
171.9126, 5.1169024, 17.055695, 25.019365, 98.69826, 50.024994, 6.470919, 2.5020173
0.6785395, -31.858624, 25.351105, 42.79027, 0.0, 0.0, 0.0, -1
166.83798, 4.5863, 49.789886, 24.672674, 112.71567, 68.334625, 6.605011, 2.9821377
0.012221074, 0.0, 0.0, 0.0, 27.268946, 13.521635, -59.20941, 5
142.35701, 32.277412, 145.99367, 53.087685, 121.377975, 145.5736, 50.62225, 47.12134
0.002266054, 0.0, 0.0, 0.0, -43.21341, -21.621185, -35.16541, 3
99.05383, 28.643944, 98.83154, 53.091305, 74.46445, 98.41681, 46.219063, 42.712883
0.44552577, -33.949238, -32.44642, -33.604343, 0.0, 0.0, 0.0, -1
84.20828, 27.972095, 83.15512, 53.09175, 58.88147, 82.74243, 44.750473, 41.241405
2.8034372, -34.00608, -32.411106, -33.582813, 0.0, 0.0, 0.0, 0
19.353846, 24.10483, 4.9275517, 51.13386, 19.839539, 4.515686, 29.181318, 30.817411
3.8032193, -38.603962, -37.19608, -24.199957, 0.0, 0.0, 0.0, 0
6.7686462, 17.701195, 4.936371, 46.576218, 22.199661, 2.2539368, 21.087318, 19.196768
3.7845495, -36.411194, -32.495018, -31.093784, 0.0, 0.0, 0.0, 0
26.799164, 11.2323265, 4.936249, 42.05323, 22.118484, 2.4076538, 8.80305, 7.3266153
1.3319113, -35.46349, -28.412434, -36.124073, 0.0, 0.0, 0.0, 2
26.031555, 10.083769, 4.6751404, 41.38837, 35.44017, 8.428772, 7.80821, 6.210379
0.5688505, -33.186626, -12.619398, -54.193974, 0.0, 0.0, 0.0, -1
5.9682007, 7.585216, 52.6073, 40.838707, 88.39368, 56.840576, 6.049255, 4.703679
0.0055799806, 0.0, 0.0, 0.0, 66.007355, 32.78102, -1.2116266, 5
4.9150076, 24.877996, 73.92757, 32.503536, 6.720866, 5.719163, 21.82279, 23.624546
4.126498, -10.020085, -44.34749, -45.63243, 0.0, 0.0, 0.0, 2
110.59018, 16.29394, 4.801283, 26.685446, 58.222595, 80.01814, 4.2587414, 6.8695345
2.949613, -41.194187, 23.196827, 35.608982, 0.0, 0.0, 0.0, 0
120.98085, 16.030718, 4.2562256, 23.678274, 57.016815, 91.57365, 2.0630205, 6.5898743
0.33158252, -58.239998, -10.600164, 31.159836, 0.0, 0.0, 0.0, -1
137.76251, 16.213892, 11.514435, 23.347109, 59.511627, 98.30289, 1.8871572, 6.5497046
0.0011456606, 0.0, 0.0, 0.0, 39.22448, -4.6977577, -56.077766, 5
128.62946, 16.213303, 2.3808289, 23.347115, 16.734924, 65.6944, 2.5653477, 6.5997815
0.0012590918, 0.0, 0.0, 0.0, 42.49697, 14.1083355, -43.394688, 5
65.49707, 16.212547, 60.753784, 23.346956, 61.023285, 20.191559, 3.5243711, 6.6762137
9.791205E-4, 0.0, 0.0, 0.0, 36.3636, 27.27321, -36.363186, 5
4.712084, 15.419441, 93.021034, 45.945744, 32.375618, 19.991596, 17.370754, 18.155027
0.8216063, -37.974747, -37.51179, -24.513464, 0.0, 0.0, 0.0, -1
10.877331, 14.880675, 77.96988, 45.9477, 17.516598, 4.796913, 16.96014, 17.703428
2.566504, -71.61645, -23.48082, 4.9027324, 0.0, 0.0, 0.0, 0
92.34094, 15.008148, 4.872467, 40.81626, 70.67541, 75.002525, 8.872609, 16.939108
3.768446, -64.72834, 10.645167, 24.6265, 0.0, 0.0, 0.0, 0
103.32855, 15.673418, 4.9038796, 40.746197, 45.02237, 78.67347, 4.37314, 11.01422
2.9967465, -67.3423, -4.308021, 28.34968, 0.0, 0.0, 0.0, 0
75.12026, 9.858258, 71.77672, 37.712746, 71.72569, 33.382675, 4.9914865, 6.326952
0.64855295, -40.697224, -56.950348, -2.3524299, 0.0, 0.0, 0.0, -1
4.904995, 27.41017, 69.8562, 35.592655, 5.541973, 4.483324, 23.290041, 25.221283
4.261739, -3.1282558, -47.797363, -49.074383, 0.0, 0.0, 0.0, 2
17.867548, 16.665756, 66.093994, 35.107117, 13.904524, 10.787184, 18.847784, 21.515467
2.7680821, -83.80786, -13.020656, -3.171483, 0.0, 0.0, 0.0, 0
130.97134, 5.989591, 4.894806, 27.766335, 78.87706, 83.93831, 5.566858, 9.906646
2.7459173, -47.803608, 13.520365, 38.67603, 0.0, 0.0, 0.0, 0
144.68982, 6.332354, 3.079895, 24.02367, 73.19892, 94.844986, 2.080714, 4.8674746
1.0735905, -31.398905, 30.319965, 38.28113, 0.0, 0.0, 0.0, 0
152.75296, 6.6082897, 18.829468, 23.712305, 76.23059, 107.13878, 1.8539921, 4.491015
0.55505854, -25.91912, 28.13999, 45.94089, 0.0, 0.0, 0.0, -1
166.83374, 38.22935, 168.50717, 52.09481, 169.61932, 170.02649, 38.51054, 41.99263
0.62234205, 34.08847, 33.566902, 32.344635, 0.0, 0.0, 0.0, -1
161.31631, 36.213524, 137.23933, 53.059875, 158.61874, 136.09541, 39.44633, 43.549915
0.0017715688, 0.0, 0.0, 0.0, -39.97206, -20.05295, -39.974987, 5
129.8557, 33.276577, 105.78097, 53.062706, 126.965935, 104.12258, 37.23217, 43.679592
0.519999, -34.792507, -33.64087, -31.566624, 0.0, 0.0, 0.0, -1
98.29443, 30.348728, 74.22211, 53.062645, 95.13478, 72.5629, 34.30371, 43.482174
2.965872, -34.880127, -34.144096, -30.97578, 0.0, 0.0, 0.0, 0
37.59091, 10.796037, 4.972168, 47.60119, 27.433136, 3.147705, 14.453774, 23.124323
3.697453, -39.76924, -36.343422, -23.887335, 0.0, 0.0, 0.0, 0
49.206024, 4.844201, 4.972229, 45.339577, 26.076904, 3.0791016, 8.511483, 16.452536
3.005368, -59.19863, -40.419846, 0.38151944, 0.0, 0.0, 0.0, 0
138.0321, 4.2872105, 35.54889, 41.6765, 51.90683, 49.52881, 4.354998, 7.838418
0.62273085, -47.080433, -43.440586, 9.478983, 0.0, 0.0, 0.0, -1
119.91997, 4.7468424, 7.505371, 40.773132, 21.104523, 24.854324, 3.8594625, 6.384501
0.004559267, 0.0, 0.0, 0.0, 41.44341, 19.495188, -39.0614, 5
1.9380646, 17.93017, 75.86035, 37.29414, 13.2267, 8.953232, 21.460894, 18.715479
3.76646, -7.2264776, -46.164677, -46.60884, 0.0, 0.0, 0.0, 2
3.75354, 16.882254, 75.86009, 37.2938, 12.84845, 11.838303, 20.339062, 17.705006
3.280739, -19.79338, -42.443302, -37.763317, 0.0, 0.0, 0.0, 1
4.6180725, 12.090392, 80.35513, 36.799103, 14.710419, 15.061615, 16.946486, 14.328768
1.6483521, -37.464825, -37.77394, -24.761242, 0.0, 0.0, 0.0, 1
20.494446, 9.173561, 65.69667, 36.147133, 0.29460144, 0.22254944, 16.25961, 13.643603
3.0282393, -72.8813, -22.026834, 5.091856, 0.0, 0.0, 0.0, 0
139.80435, 5.456897, 4.499954, 30.136316, 103.61493, 41.05931, 5.9671173, 2.6594594
2.8962202, -36.47455, 28.451221, 35.074226, 0.0, 0.0, 0.0, 0
167.8643, 9.304854, 59.405426, 26.58925, 156.12128, 83.00214, 3.9710498, 3.194855
3.4165509, -33.224777, 32.132584, 34.64264, 0.0, 0.0, 0.0, 0
172.89886, 6.191031, 64.98245, 25.836723, 98.26167, 84.74063, 2.148793, 4.312409
1.9740524, -34.30234, 18.359339, 47.338318, 0.0, 0.0, 0.0, 0
176.14098, 6.8182817, 64.98718, 25.083588, 67.55941, 82.78885, 1.7867053, 4.36347
0.5496122, -31.149015, -13.049354, 55.801636, 0.0, 0.0, 0.0, -1
156.59189, 7.686998, 39.2968, 24.655804, 46.699646, 54.34587, 2.0379498, 3.794992
0.0014012603, 0.0, 0.0, 0.0, 31.42418, 12.440758, -56.135063, 5
102.44863, 13.030393, 158.3995, 54.739777, 140.87173, 138.80334, 26.202225, 38.190136
0.6179008, 51.271503, 40.79627, 7.9322314, 0.0, 0.0, 0.0, -1
68.218216, 12.003822, 127.415634, 55.608143, 111.396774, 105.93492, 23.97579, 40.087864
0.0014248281, 0.0, 0.0, 0.0, -49.57702, -24.85257, -25.57041, 3
36.84108, 12.004585, 96.02367, 55.610413, 80.58046, 74.071945, 21.055857, 40.34245
0.60234004, -41.476307, -39.178955, -19.34473, 0.0, 0.0, 0.0, -1
21.093018, 12.004797, 80.27338, 55.610413, 65.183716, 58.321686, 19.583347, 40.342453
2.7704418, -42.97971, -40.708908, -16.311386, 0.0, 0.0, 0.0, 0
71.1199, 10.620681, 4.988098, 52.0072, 5.9535217, 18.444, 6.263586, 28.9951
2.575355, -30.436537, -36.381485, -33.181976, 0.0, 0.0, 0.0, 1
57.087982, 9.996317, 20.400604, 51.415707, 12.419403, 3.240631, 5.2950115, 26.890373
1.7347436, -26.303179, -31.196663, -42.50016, 0.0, 0.0, 0.0, 2
14.772583, 5.3106623, 49.229492, 50.41457, 57.540466, 27.461731, 4.5113883, 20.98595
0.5455195, -48.336853, -43.112003, -8.551149, 0.0, 0.0, 0.0, -1
40.89624, 4.5263224, 18.062408, 50.213444, 23.104614, 2.324768, 4.706482, 17.75381
1.5236129, -39.492382, -22.382929, 38.124687, 0.0, 0.0, 0.0, 0
114.447235, 4.8528666, 15.25296, 49.345043, 19.316132, 33.0636, 4.723772, 9.267887
1.9799402, -33.446007, -35.92423, -30.629772, 0.0, 0.0, 0.0, 1
83.01802, 4.85337, 16.179016, 49.34403, 12.729675, 2.0164185, 4.763153, 9.138313
2.384051, -45.457104, -31.559208, -22.983686, 0.0, 0.0, 0.0, 0
76.888855, 3.2270238, 63.752686, 47.809277, 80.512985, 74.26361, 3.7101307, 6.87829
0.3687919, -61.56474, -30.523104, -7.912158, 0.0, 0.0, 0.0, -1
67.36098, 3.1885173, 79.806885, 47.63686, 97.02008, 89.81555, 3.8289862, 6.738755
0.021889547, 0.0, 0.0, 0.0, 41.003033, 18.288046, -40.70892, 5
4.8421316, 23.556377, 79.2861, 40.93829, 8.252062, 6.148817, 22.60067, 23.999563
4.1648417, 4.8037496, -46.8064, -48.389847, 0.0, 0.0, 0.0, 2
1.705452, 16.004925, 88.15895, 40.982822, 14.707572, 11.701694, 18.840582, 20.282545
1.1602979, -26.48928, -40.749313, -32.761406, 0.0, 0.0, 0.0, 1
17.27559, 15.245948, 73.41629, 41.030033, 2.1712623, 6.2188454, 17.57234, 18.678522
2.6485722, -79.43403, -10.68371, 9.882259, 0.0, 0.0, 0.0, 0
162.18034, 19.916462, 34.789978, 22.301977, 139.77992, 75.0925, 6.897935, 2.9136665
3.4967113, -26.400345, 26.140816, 47.45884, 0.0, 0.0, 0.0, 0
172.34329, 29.226051, 64.06555, 17.003702, 86.66525, 81.16342, 7.5665393, 3.0754147
0.44014916, -29.775372, -10.092521, 60.13211, 0.0, 0.0, 0.0, -1
151.28911, 29.952013, 29.935791, 16.647974, 39.602386, 33.77246, 6.8804984, 3.3663929
0.0021868732, 0.0, 0.0, 0.0, 31.480957, 15.256825, -53.262215, 5
4.5200043, 16.039839, 84.68587, 31.316153, 25.251328, 20.076004, 18.948088, 17.999086
5.7622256, -63.193504, -29.43666, -7.369832, 0.0, 0.0, 0.0, 0
128.78691, 5.7101636, 4.9884644, 24.0469, 66.30986, 55.18212, 7.453815, 3.70243
1.4456573, -52.07937, -12.700433, 35.220196, 0.0, 0.0, 0.0, 0
141.32976, 6.381511, 12.828064, 22.583908, 58.189907, 46.099037, 6.7378545, 2.4209778
0.35875434, -46.5578, -17.690798, 35.751404, 0.0, 0.0, 0.0, -1
2.8111877, 23.837427, 64.86578, 25.424717, 13.8107605, 15.489014, 23.898586, 22.433937
17.493526, -82.24528, -17.71611, 0.03861593, 0.0, 0.0, 0.0, 0
149.35474, 6.930561, 7.5241394, 8.011476, 120.02107, 142.889, 10.23268, 3.3184996
0.6130343, -39.358208, 28.856998, 31.784794, 0.0, 0.0, 0.0, -1
138.59024, 6.8721, 22.751144, 7.0598917, 88.12599, 155.64328, 7.9244914, 2.7096827
1.6978684E-4, 0.0, 0.0, 0.0, 58.716553, 5.9310465, -35.3524, 5
113.81925, 6.5456033, 54.099365, 7.0595574, 45.933685, 175.7211, 5.248344, 2.151808
0.5042039, 51.193512, -6.0629272, -42.743565, 0.0, 0.0, 0.0, -1
101.53302, 5.38713, 85.51335, 7.0595574, 6.280945, 172.37175, 3.412218, 2.3010638
2.6923068, 46.27001, 29.948872, -23.781113, 0.0, 0.0, 0.0, 2
56.80569, 4.354187, 150.75012, 7.9165916, 130.72525, 177.53174, 3.4618766, 3.9269793
2.702207, 33.450066, 41.611923, -24.938015, 0.0, 0.0, 0.0, 2
78.999176, 3.2088792, 162.58841, 10.082894, 155.41803, 174.90967, 5.1376996, 5.544188
0.5672737, 47.73676, 47.381477, -4.8817625, 0.0, 0.0, 0.0, -1
115.781685, 3.1168976, 136.702, 10.634111, 125.9422, 160.897, 5.1855965, 5.5543575
0.0, 0.0, 0.0, 0.0, 24.257074, -10.607626, -65.1353, 5
97.89904, 3.1168976, 154.58464, 10.634111, 144.34727, 179.3253, 4.0637584, 4.7832
0.0, 0.0, 0.0, 0.0, -26.709423, -22.473412, -50.81716, 5
1.0557022, 15.633778, 88.541214, 47.680733, 26.188826, 16.262077, 16.442307, 16.97665
1.1897719, -34.21343, -39.045506, -26.741066, 0.0, 0.0, 0.0, 1
16.771448, 14.938847, 73.54777, 47.709873, 11.604717, 1.2585604, 15.842267, 16.32379
3.067061, -69.47819, -23.264732, 7.257084, 0.0, 0.0, 0.0, 0
120.18132, 14.807232, 0.52038574, 40.008904, 40.41461, 87.1796, 2.5080538, 6.2174244
1.0444667, -52.288414, 3.8624027, 43.849182, 0.0, 0.0, 0.0, 0
140.06123, 13.718734, 15.304047, 39.583355, 47.40628, 100.62246, 2.4963105, 5.3704877
0.8377802, -48.90877, -26.22456, 24.86667, 0.0, 0.0, 0.0, -1
135.55173, 11.806783, 4.746155, 39.24707, 25.22113, 72.7474, 3.2958329, 6.232153
1.2930162, -36.178463, -53.53743, -10.284109, 0.0, 0.0, 0.0, 1
108.7345, 10.697031, 26.586884, 39.17786, 13.522919, 29.078674, 3.7736816, 6.770947
1.3614442, -34.422718, -54.111607, -11.465673, 0.0, 0.0, 0.0, 1
85.240036, 9.587928, 57.581818, 39.040497, 53.727325, 13.762665, 4.1692557, 6.920034
1.0917907, -39.408436, -56.209625, -4.3819423, 0.0, 0.0, 0.0, 1
4.9492416, 20.713758, 59.085846, 26.117998, 13.874338, 20.05107, 20.371136, 21.175943
3.7075288, -17.989782, -40.17748, -41.832737, 0.0, 0.0, 0.0, 2
2.8289337, 19.40003, 59.085846, 26.117998, 13.839209, 19.808014, 19.936739, 20.117966
18.003397, -63.9326, -28.101883, -7.965517, 0.0, 0.0, 0.0, 0
145.05188, 8.024481, 15.426697, 8.934582, 153.66812, 63.251842, 2.0445025, 4.0128365
1.6739267, -56.883125, -4.693731, 38.423145, 0.0, 0.0, 0.0, 0
129.10678, 7.9645452, 31.509644, 8.295848, 177.99333, 49.99686, 2.2529724, 3.049381
1.6900097, -34.28175, -46.26576, -19.452496, 0.0, 0.0, 0.0, 1
106.91278, 7.611556, 49.303364, 7.884842, 168.65233, 27.516613, 2.6856189, 2.3073437
2.9121213, 27.189245, 31.780851, -41.029907, 0.0, 0.0, 0.0, 2
23.930885, 6.8651686, 130.0467, 9.451683, 178.1858, 139.4055, 6.175309, 4.359294
1.5871115, -6.7718596, 35.05827, -58.169865, 0.0, 0.0, 0.0, 2
19.725792, 6.0573635, 97.91014, 9.716757, 155.01193, 109.540634, 5.9447107, 3.5848534
0.96803474, 36.771164, 37.316887, -25.911945, 0.0, 0.0, 0.0, -1
14.6957855, 6.2774067, 130.11687, 9.879257, 173.4086, 136.717, 4.986822, 3.7074168
0.46663818, 37.683273, 37.67311, -24.64362, 0.0, 0.0, 0.0, -1
145.72751, 14.283326, 143.90262, 53.009354, 173.78946, 145.61566, 42.638706, 43.889122
0.0034119897, 0.0, 0.0, 0.0, -41.46416, -20.744926, -37.790913, 3
107.03187, 12.0183115, 96.58643, 53.014015, 138.89015, 98.274605, 42.641994, 39.484215
0.5927026, -35.751816, -31.055096, -33.19309, 0.0, 0.0, 0.0, -1
92.599884, 11.712045, 80.5968, 53.01449, 122.90007, 82.27472, 42.642296, 37.916466
2.7275624, -36.20234, -31.230473, -32.56719, 0.0, 0.0, 0.0, 0
19.568375, 9.641184, 4.776581, 50.91509, 48.13498, 6.489044, 32.820522, 27.005075
3.8159335, -38.1303, -32.036324, -29.833385, 0.0, 0.0, 0.0, 0
49.363876, 3.5082731, 4.776825, 44.092503, 54.020523, 6.43454, 15.071237, 7.9033437
2.6542366, -57.76643, -11.887149, 30.34643, 0.0, 0.0, 0.0, 0
109.71332, 3.0439837, 40.77249, 42.664135, 87.739716, 43.977417, 10.360783, 5.5110116
2.6146257, -39.452053, 8.641599, 51.90635, 0.0, 0.0, 0.0, 0
143.75264, 5.579708, 51.3407, 41.057846, 101.87091, 67.07274, 7.6236014, 4.433096
0.72451216, -35.602375, 9.909483, 54.488148, 0.0, 0.0, 0.0, -1
116.58304, 6.420926, 21.42807, 40.5967, 81.66969, 39.141907, 6.232864, 4.399211
0.015127102, 0.0, 0.0, 0.0, 36.64155, 14.1087055, -49.249752, 5
1.6022034, 17.605556, 77.14838, 37.17586, 15.015564, 10.044617, 20.013819, 18.220264
3.7981393, -6.883888, -46.21288, -46.903233, 0.0, 0.0, 0.0, 2
3.9029388, 11.843346, 81.80812, 36.700623, 12.119217, 16.649628, 15.425021, 13.821616
1.6444708, -37.78441, -37.449856, -24.765734, 0.0, 0.0, 0.0, 0
31.418518, 4.243173, 64.99823, 23.953457, 158.0863, 85.881744, 6.2926264, 3.4250717
3.054614, -38.21457, 42.725933, -19.059496, 0.0, 0.0, 0.0, 0
19.887665, 2.9832358, 57.563538, 20.598297, 159.69307, 67.946075, 4.211298, 3.1867654
0.5048059, -74.38947, 5.706527, 19.904003, 0.0, 0.0, 0.0, -1
52.408142, 3.3801432, 11.214203, 20.427715, 153.99525, 11.2717285, 2.2360709, 3.4955246
1.1707643, -41.550056, 21.759434, 36.690506, 0.0, 0.0, 0.0, 0
102.89879, 3.5237014, 36.472977, 20.301966, 179.82314, 39.478683, 2.308132, 3.3756938
0.7428105, -89.038994, 5.0682235, 5.892783, 0.0, 0.0, 0.0, -1
112.08469, 5.7913976, 18.711563, 19.852222, 153.306, 25.917908, 3.174734, 3.2597232
1.2356508, -33.619312, -24.980549, -41.40014, 0.0, 0.0, 0.0, 2
62.187363, 6.1293836, 42.027542, 19.525461, 40.191177, 45.113495, 3.1523113, 3.006973
0.60139453, -28.769186, -37.615433, -33.61538, 0.0, 0.0, 0.0, -1
77.130844, 5.7611785, 32.127167, 19.266336, 31.878525, 38.87291, 3.2702234, 3.0846944
0.035531893, 0.0, 0.0, 0.0, 42.996246, 21.1776, -35.826157, 5
53.370148, 5.346535, 66.048965, 19.232275, 38.706512, 70.31683, 4.5664673, 3.2408624
0.0, 0.0, 0.0, 0.0, 39.81864, 22.573574, -37.607784, 5
166.90256, 40.799473, 174.18332, 52.03698, 172.74554, 174.1542, 46.603306, 48.42519
0.6199461, 33.97221, 33.96044, 32.06735, 0.0, 0.0, 0.0, -1
164.20702, 39.72531, 142.67244, 52.999603, 141.27138, 142.83922, 45.504787, 48.125317
0.0033132776, 0.0, 0.0, 0.0, -40.599483, -20.299917, -39.100597, 3
120.94255, 37.530468, 95.38603, 53.00397, 94.00374, 95.55214, 41.097885, 45.23869
0.5875486, -34.551792, -34.54764, -30.900568, 0.0, 0.0, 0.0, -1
105.70242, 37.32126, 79.71411, 53.004456, 78.33951, 79.8804, 39.530617, 45.13103
2.484348, -34.65045, -34.645348, -30.7042, 0.0, 0.0, 0.0, 0
17.842682, 20.89223, 52.425934, 41.098633, 67.63187, 91.88634, 4.398296, 7.0848966
0.53053546, -35.916115, 0.045993384, -64.037895, 0.0, 0.0, 0.0, -1
3.962799, 19.913975, 42.38031, 40.87033, 58.575928, 86.63362, 4.388891, 6.3566303
0.018923966, 0.0, 0.0, 0.0, 81.23383, 11.475629, 7.290537, -1
4.9880066, 17.56895, 50.322357, 40.83556, 53.939606, 85.88199, 4.814775, 6.076071
0.0018886488, 0.0, 0.0, 0.0, 85.91402, 13.569503, -0.5164776, 5
4.909424, 17.008585, 54.899384, 40.835243, 58.51947, 87.708984, 4.814462, 6.1198807
0.0014903046, 0.0, 0.0, 0.0, 94.24814, 5.5786858, 0.17317931, -1
4.433277, 15.367764, 92.34778, 48.942028, 21.61419, 31.090302, 16.72541, 20.986536
1.1867709, -27.144571, -40.8894, -31.966022, 0.0, 0.0, 0.0, 1
11.294321, 13.19937, 77.33922, 48.946533, 6.609951, 17.278946, 16.068846, 18.952883
2.262424, -69.131325, -28.564144, 2.304537, 0.0, 0.0, 0.0, 0
93.631676, 8.960683, 4.8788757, 47.439278, 61.57953, 50.93921, 9.595097, 10.897922
3.7971451, -63.94676, -16.528578, 19.524656, 0.0, 0.0, 0.0, 0
111.12296, 9.859587, 4.877411, 44.441666, 53.050873, 62.59665, 4.563125, 7.388445
3.6555383, -61.792408, -3.3384602, 34.869133, 0.0, 0.0, 0.0, 0
124.71407, 11.499071, 4.876404, 41.434444, 65.04786, 60.369537, 2.6769352, 6.1050644
2.0902562, -57.19651, -6.228411, 36.575085, 0.0, 0.0, 0.0, 0
118.74509, 12.356558, 4.876404, 39.9266, 64.57844, 54.855957, 1.9752241, 4.212998
0.62111676, -54.07203, -18.04893, 27.879044, 0.0, 0.0, 0.0, -1
130.42865, 13.162451, 16.151733, 38.969536, 67.27869, 71.434296, 1.72659, 3.5961037
0.0033338263, 0.0, 0.0, 0.0, 26.53611, -13.754742, -59.70915, 5
108.73421, 13.562452, 0.42715454, 38.9662, 32.84793, 52.285553, 2.0768085, 3.8579192
0.0, 0.0, 0.0, 0.0, 42.092743, -2.7402794, -55.166973, 5
87.11663, 14.180411, 15.275574, 38.9662, 3.8912354, 33.07492, 2.6285293, 4.134632
0.6253906, -24.29868, -38.500042, -37.20128, 0.0, 0.0, 0.0, -1
26.14926, 16.606646, 62.49588, 38.9662, 60.55542, 23.390198, 4.552998, 4.8759828
1.3071477, -24.40301, -31.669374, -43.927616, 0.0, 0.0, 0.0, 2
3.231193, 19.055857, 77.17944, 38.612213, 83.47885, 49.800076, 4.90694, 4.950368
0.5869225, -24.41564, -26.759958, -48.8244, 0.0, 0.0, 0.0, -1
4.000721, 22.646387, 77.03754, 38.272476, 83.36514, 65.27243, 4.9454, 5.1255
1.4638228, -25.706244, -21.6394, -52.654354, 0.0, 0.0, 0.0, 2
4.898691, 23.15597, 62.282158, 28.602808, 7.76358, 9.190746, 20.89886, 23.36024
4.159797, -10.379657, -43.900707, -45.719635, 0.0, 0.0, 0.0, 2
0.9589443, 15.7027025, 76.27912, 27.890755, 16.350147, 21.62742, 16.727129, 18.936653
1.4156054, -30.27617, -38.79634, -30.927488, 0.0, 0.0, 0.0, 1
168.60756, 26.931618, 113.12944, 53.063988, 129.29848, 118.084854, 48.8273, 40.852524
4.1967304E-4, 0.0, 0.0, 0.0, -41.81243, -20.94725, -37.240314, 3
155.94966, 26.949795, 97.34344, 53.06396, 113.45606, 102.273125, 47.35445, 39.38362
0.5497649, -40.1954, -39.335945, -20.468647, 0.0, 0.0, 0.0, -1
142.97885, 27.030748, 81.63376, 53.063965, 97.68646, 86.53552, 45.883545, 37.905144
2.4288816, -41.883804, -40.955467, -17.160728, 0.0, 0.0, 0.0, 0
79.41147, 25.358147, 4.961792, 47.999084, 22.42691, 10.270233, 26.32346, 18.094173
3.5506997, -49.993526, -45.233288, -4.7731857, 0.0, 0.0, 0.0, 0
82.931946, 23.778402, 4.962219, 44.181892, 23.606842, 9.878601, 15.288302, 7.8639708
2.9023623, -44.21002, -26.734686, 29.0553, 0.0, 0.0, 0.0, 0
136.18721, 24.499456, 55.217438, 42.33594, 83.32886, 64.00604, 9.060488, 4.5519214
1.599355, -36.96422, -6.388296, 56.647484, 0.0, 0.0, 0.0, 0
137.28958, 25.090275, 56.111725, 41.956577, 92.363785, 69.07312, 8.030845, 4.444735
0.52112186, -39.4536, -1.7345018, 58.811897, 0.0, 0.0, 0.0, -1
114.28017, 25.369808, 30.874847, 41.53438, 76.79591, 44.897186, 6.0053296, 4.4358697
5.406669E-4, 0.0, 0.0, 0.0, 34.008965, 12.941429, -53.049606, 5
4.9512787, 21.601538, 76.600296, 36.19958, 9.19989, 7.2613983, 22.372145, 20.773474
4.4148355, -4.9510317, -47.350246, -47.698723, 0.0, 0.0, 0.0, 2
4.9225464, 20.911654, 77.57127, 36.19958, 10.836716, 8.468201, 22.143742, 20.444088
4.447986, -8.883159, -46.04846, -45.068382, 0.0, 0.0, 0.0, 1
36.648926, 12.97821, 53.50261, 35.751472, 15.830704, 19.376694, 17.597988, 15.717858
3.559621, -72.65673, -10.486345, 16.856922, 0.0, 0.0, 0.0, 0
113.897995, 7.776342, 53.71985, 24.831264, 80.58836, 82.59491, 2.580358, 2.7315862
1.1174428, -55.37171, 6.954744, 37.673546, 0.0, 0.0, 0.0, 0
114.653595, 7.289221, 50.37903, 24.470982, 66.57001, 78.08383, 2.3507695, 2.8372612
0.39483517, -51.015327, -23.394093, 25.59058, 0.0, 0.0, 0.0, -1
122.85663, 6.7482157, 35.466156, 24.289902, 54.870453, 55.719177, 2.5186563, 2.954468
0.007246688, 0.0, 0.0, 0.0, 29.45074, 12.528489, -58.02077, 5
12.578461, 7.7085156, 85.38623, 24.276497, 49.465393, 84.16766, 3.4985075, 3.5564086
0.001120401, 0.0, 0.0, 0.0, -75.14988, -21.35538, -3.494748, 3
146.98317, 54.443417, 174.8065, 54.619133, 159.34636, 178.50905, 56.21878, 39.006252
0.62444806, 34.606735, 34.41773, 30.975542, 0.0, 0.0, 0.0, -1
179.18042, 57.436676, 143.31107, 55.580128, 170.13745, 152.70673, 57.12587, 39.096294
0.0021975075, 0.0, 0.0, 0.0, -40.3629, -20.110672, -39.52643, 3
165.14056, 57.784817, 127.64032, 55.580864, 154.46738, 137.50943, 57.127422, 38.961296
0.0018231347, 0.0, 0.0, 0.0, -39.967438, -20.063856, -39.968704, 5
133.6946, 57.800716, 96.195145, 55.581398, 123.021194, 106.000534, 57.12885, 36.704113
0.5940269, -36.73155, -34.397484, -28.870968, 0.0, 0.0, 0.0, -1
117.948715, 57.80107, 80.44951, 55.58165, 107.19496, 90.1906, 55.719025, 35.235863
2.085924, -36.755833, -34.434635, -28.809532, 0.0, 0.0, 0.0, 0
48.022675, 44.110695, 4.9230347, 48.183792, 35.043213, 14.760376, 30.067944, 9.103321
2.4446695, -33.188354, -34.682068, -32.129578, 0.0, 0.0, 0.0, 1
48.7677, 42.779144, 4.923065, 47.429848, 35.500366, 14.471283, 27.954262, 7.6704993
2.8712215, -27.748384, -29.609335, -42.642284, 0.0, 0.0, 0.0, 2
2.498413, 38.82257, 49.171783, 45.1579, 21.952606, 64.798615, 16.192812, 4.4185777
2.92259, -34.12386, -26.095083, -39.781055, 0.0, 0.0, 0.0, 2
0.9152527, 24.090584, 57.608215, 30.141678, 13.467865, 10.135559, 23.170494, 24.074846
4.8848395, -22.18992, -39.256573, -38.553505, 0.0, 0.0, 0.0, 1
1.6012268, 16.584826, 63.866486, 28.678873, 16.34674, 12.052704, 19.518345, 20.402277
21.02678, -76.610825, -4.4458914, 18.943283, 0.0, 0.0, 0.0, 0
50.84857, 13.839265, 18.243073, 27.811152, 29.966614, 43.734528, 16.653522, 16.990026
20.50137, -70.63214, 5.426303, 23.941559, 0.0, 0.0, 0.0, 0
147.41132, 6.2877545, 6.031891, 7.9606915, 45.521027, 110.44112, 1.8854066, 6.395377
0.8432255, -54.846348, -5.7518578, 39.4018, 0.0, 0.0, 0.0, -1
161.86978, 5.5904226, 22.064285, 7.3196597, 73.52971, 126.5694, 1.8006707, 5.4067
0.20062757, -56.8784, -5.395361, 37.72624, 0.0, 0.0, 0.0, -1
178.44583, 4.7801933, 37.82025, 7.119571, 89.93524, 139.87007, 2.0039258, 4.668421
3.8146973E-6, 0.0, 0.0, 0.0, 34.238968, 5.547116, -60.213913, 5
118.92572, 2.9482858, 69.271866, 7.1195636, 88.377914, 168.18369, 2.5184894, 4.2322135
0.0, 0.0, 0.0, 0.0, 67.785324, 2.6646683, -29.550007, 5
79.712585, 2.3851182, 84.96396, 7.1195636, 92.60278, 170.32751, 2.9871385, 4.3877697
0.5032919, 50.694553, 27.159298, -22.146145, 0.0, 0.0, 0.0, -1
37.539764, 2.2606127, 100.72821, 7.1195636, 101.49124, 170.96365, 3.4398232, 4.653629
1.6558772, 52.821316, 40.270058, -6.90863, 0.0, 0.0, 0.0, 2
36.43727, 1.8601135, 132.32526, 7.1195636, 131.42838, 173.0693, 3.5805368, 5.287915
3.0962996, 43.341694, 40.409317, 16.248985, 0.0, 0.0, 0.0, -1
123.64486, 2.5615482, 163.5441, 7.622196, 162.86578, 173.90564, 4.074108, 5.7367587
2.644907, 37.69718, 36.49595, 25.806868, 0.0, 0.0, 0.0, -1
164.8451, 6.0713954, 177.3967, 9.173932, 177.38867, 161.64929, 5.1949916, 6.575683
1.4677343, 35.58498, 34.306137, 30.108885, 0.0, 0.0, 0.0, -1
168.07587, 7.5750957, 177.22623, 9.92715, 175.77563, 162.22882, 5.7160125, 7.006741
0.8557253, 6.4558, -49.999996, 43.544205, 0.0, 0.0, 0.0, -1
145.59857, 8.657741, 137.969, 10.64069, 137.22156, 115.78434, 6.1327443, 7.15699
1.0615107, -34.42035, -43.127857, -22.451786, 0.0, 0.0, 0.0, 1
85.79532, 8.398084, 77.10217, 10.289587, 88.03012, 49.875214, 5.2662086, 5.742245
0.34958884, -35.81285, -41.98286, -22.204287, 0.0, 0.0, 0.0, -1
72.24158, 8.288836, 63.02536, 10.131405, 74.77699, 32.591095, 4.6604466, 4.6273084
0.0017339245, 0.0, 0.0, 0.0, -26.843935, 14.751031, -58.405037, 5
4.8895874, 8.286228, 4.340027, 10.127506, 1.8704834, 22.184021, 3.7414749, 3.0662618
0.0, 0.0, 0.0, 0.0, 65.92452, 32.806812, 1.2686676, -1
4.8895874, 8.286228, 4.340027, 10.127506, 1.3969727, 22.014374, 3.8297808, 3.0413043
0.0, 0.0, 0.0, 0.0, 66.578514, 33.21665, -0.20484443, 5
4.987152, 7.9153857, 10.678452, 10.127506, 4.4726105, 28.252518, 3.8204253, 3.1089609
0.0, 0.0, 0.0, 0.0, 66.302666, 33.23905, -0.4582853, 5
4.946213, 6.3670855, 41.353912, 10.127506, 36.121704, 58.972656, 3.8809018, 3.0917068
0.0, 0.0, 0.0, 0.0, 62.559555, 31.252295, 6.1881456, -1
4.947891, 5.818358, 53.949295, 10.127506, 46.867996, 71.59804, 3.7442658, 3.1099644
0.4027276, 46.89198, 47.889404, 5.2186165, 0.0, 0.0, 0.0, -1
4.9775085, 5.5455713, 60.636337, 10.127506, 55.160202, 78.45683, 3.8652635, 3.1009176
2.2740192, 42.53615, 42.168167, 15.295683, 0.0, 0.0, 0.0, -1
4.8439026, 20.664232, 84.60988, 45.511295, 7.7542725, 19.188065, 20.889133, 22.309446
3.883117, -1.7014943, -48.94214, -49.356365, 0.0, 0.0, 0.0, 2
4.76297, 18.687975, 84.60988, 45.511295, 8.432312, 16.595642, 19.980202, 21.690912
4.1901493, -3.3357403, -48.533955, -48.13031, 0.0, 0.0, 0.0, 1
120.08394, 7.9935446, 4.841156, 39.915607, 53.652084, 89.93794, 2.8798914, 5.5142813
2.7363288, -32.87086, 28.294867, 38.83427, 0.0, 0.0, 0.0, 0
169.43048, 9.620978, 37.043945, 37.436302, 70.812164, 159.04541, 2.868645, 2.8383067
2.4487944, -31.334093, 22.750605, 45.915302, 0.0, 0.0, 0.0, 0
155.03479, 12.398549, 27.175797, 35.79349, 57.301544, 99.17146, 3.5713043, 2.042744
0.54356086, -33.371628, -11.075726, 55.55265, 0.0, 0.0, 0.0, -1
132.79617, 13.218845, 5.808304, 35.268826, 26.49002, 74.78842, 3.8902538, 2.8119206
0.002838366, 0.0, 0.0, 0.0, 44.03651, 0.21233103, -55.751156, 5
108.933014, 13.221279, 18.050964, 35.267475, 6.290024, 79.265, 4.23436, 3.7878
4.415657E-4, 0.0, 0.0, 0.0, 37.9093, -24.182388, -37.90831, -1
77.59373, 13.221651, 49.39064, 35.26712, 45.08049, 95.998245, 4.665671, 4.774512
1.7411086E-5, 0.0, 0.0, 0.0, -35.582233, -28.835524, 35.58225, 3
61.68782, 13.221683, 65.29657, 35.26709, 65.85803, 90.90817, 5.043549, 6.022047
0.0, 0.0, 0.0, 0.0, 42.216644, 15.566714, -42.216644, 5
77.49504, 13.221683, 49.48935, 35.26709, 50.053802, 75.209656, 5.043285, 5.6529026
0.0, 0.0, 0.0, 0.0, 41.105278, 17.789446, -41.105278, 5
4.9224625, 17.867584, 84.167946, 33.743828, 22.765038, 21.53254, 21.468937, 19.330235
3.8354754, -11.21321, -44.868496, -43.918297, 0.0, 0.0, 0.0, 1
4.888487, 21.888742, 86.58138, 47.956158, 19.881939, 24.777273, 24.394562, 21.18933
3.9673345, -3.1874027, -47.39031, -49.422287, 0.0, 0.0, 0.0, 2
4.63097, 15.192439, 90.42856, 47.728058, 25.210634, 23.53586, 20.237074, 16.692783
1.1237006, -30.25685, -39.52982, -30.213333, 0.0, 0.0, 0.0, 1
10.948649, 14.550989, 75.51189, 47.71261, 10.25542, 8.681018, 19.647734, 16.09736
2.6742547, -72.11182, -26.95342, 0.9347649, 0.0, 0.0, 0.0, 0
100.95995, 14.538509, 4.916141, 40.686028, 75.642204, 50.10367, 13.211267, 5.9170423
3.166055, -58.074482, 8.945333, 32.980183, 0.0, 0.0, 0.0, 0
98.78328, 11.5063715, 4.882782, 40.870483, 73.668365, 42.527863, 6.6781936, 2.726575
1.554603, -60.062534, -37.847713, -2.0897532, 0.0, 0.0, 0.0, 0
96.10474, 11.199175, 9.713257, 40.137737, 64.79004, 33.818604, 6.580112, 2.3963528
1.3371817, -27.634127, -42.145485, -30.220392, 0.0, 0.0, 0.0, 1
13.439491, 9.69419, 81.19002, 39.408764, 47.03627, 79.64992, 6.8789334, 3.7265053
0.6351181, -25.903475, -30.82034, -43.276184, 0.0, 0.0, 0.0, -1
3.762823, 7.3085165, 88.57645, 39.049908, 78.17328, 92.15875, 6.7301, 4.270072
0.028553106, 0.0, 0.0, 0.0, -67.649994, -30.352201, 1.9978065, 3
4.958313, 8.248673, 54.88916, 39.033062, 43.69159, 59.697296, 5.6050982, 4.81444
1.4747638, -27.569902, -23.660242, -48.76986, 0.0, 0.0, 0.0, 2
4.9181213, 7.73987, 52.724457, 38.699066, 47.451874, 65.77841, 4.929787, 5.027428
0.59298736, -29.073391, -20.889324, -50.03729, 0.0, 0.0, 0.0, -1
6.3652954, 5.9034104, 40.752075, 38.214146, 36.84857, 52.982574, 5.1146226, 5.633867
3.4557088E-5, 0.0, 0.0, 0.0, 66.12196, 21.835846, -12.042192, 5
4.961212, 5.904475, 42.154724, 38.214184, 37.448914, 49.514618, 4.68468, 5.8310165
0.0, 0.0, 0.0, 0.0, 64.08181, 24.227985, 11.690199, -1
4.863947, 32.15338, 82.03344, 54.610664, 50.840935, 59.658257, 41.307186, 29.976906
4.7151566, -9.718582, -35.665894, -54.61552, 0.0, 0.0, 0.0, 2
4.6158943, 22.976, 86.196526, 53.90834, 43.637016, 45.96572, 32.37077, 18.62125
1.3593242, -34.786335, -40.216263, -24.997404, 0.0, 0.0, 0.0, 1
11.093975, 22.348999, 71.09963, 53.82948, 28.938377, 32.632988, 30.444363, 16.748138
2.8740933, -54.561985, -41.091526, -4.346489, 0.0, 0.0, 0.0, 0
85.99034, 22.026411, 4.924988, 50.489548, 38.891876, 25.178406, 17.64953, 5.92732
2.825871, -35.473457, -42.14547, -22.381073, 0.0, 0.0, 0.0, 1
71.25348, 22.14318, 24.588898, 48.585445, 19.037659, 10.002655, 12.096273, 4.1370344
3.1261208, -26.901875, -33.69324, -39.40488, 0.0, 0.0, 0.0, 2
131.81584, 14.216385, 28.078125, 29.449776, 112.64818, 59.10721, 7.7638373, 3.747398
1.268666, -30.380344, -40.057117, -29.562538, 0.0, 0.0, 0.0, 1

NONPOS KNOWLEDGE:
8.216984, 27.448362, 73.54865, 36.600555, 61.116184, 81.93877, 5.981312, 4.2087674
6.20064, -9.999457, 21.285143, -68.7154, 0.0, 0.0, 0.0, 2
1.056282, 18.196718, 99.953156, 33.05234, 127.72627, 152.35977, 7.9324126, 5.36368
0.35746318, 11.401993, 39.613087, -48.98492, 0.0, 0.0, 0.0, -1
14.69355, 17.317327, 116.30445, 33.13124, 139.6543, 162.02939, 7.4112515, 4.3834023
0.0047002872, 0.0, 0.0, 0.0, 25.237284, -9.881742, 64.88098, 4
46.208084, 17.228657, 147.8446, 33.133457, 149.25906, 152.58984, 5.9030004, 2.7472513
4.935682E-6, 0.0, 0.0, 0.0, -15.412462, 0.6570311, 83.930504, 3
61.950966, 17.22854, 163.58855, 33.133453, 150.65468, 137.96588, 5.590314, 2.855677
4.177444, 10.4934025, 42.899124, 46.60747, 0.0, 0.0, 0.0, -1
154.12779, 20.278814, 112.755066, 33.75448, 176.43195, 165.38412, 13.301233, 10.897073
4.3734293, 11.370536, 45.033684, 43.59578, 0.0, 0.0, 0.0, -1
151.87459, 24.638727, 125.25401, 35.110554, 164.56447, 156.93367, 21.157196, 16.15034
0.4828807, 16.00739, 42.75956, 41.23305, 0.0, 0.0, 0.0, -1
89.48822, 25.406925, 170.73766, 35.402004, 100.35637, 96.62657, 23.190826, 18.539724
1.9891884E-5, 0.0, 0.0, 0.0, -40.459976, -19.07849, -40.461536, 5
57.864044, 25.406809, 139.11412, 35.402004, 68.60747, 66.03731, 23.30495, 18.63016
1.1354685E-5, 0.0, 0.0, 0.0, -82.75682, -12.555563, 4.6876216, 3
121.33398, 27.60374, 177.49484, 62.75655, 156.37729, 142.1416, 58.896954, 66.544235
0.541934, 43.2602, 36.602776, 20.137028, 0.0, 0.0, 0.0, -1
153.5224, 27.672552, 145.95132, 63.63183, 125.136475, 173.94092, 59.725536, 65.26462
0.0021092908, 0.0, 0.0, 0.0, -51.19435, -23.064913, -25.740736, 3
174.97334, 27.673346, 114.44615, 63.631443, 95.0175, 154.91954, 57.14406, 62.35358
0.0023329048, 0.0, 0.0, 0.0, -40.076946, -19.762796, -40.16026, 5
159.17867, 27.673876, 98.65077, 63.631123, 79.96269, 139.3199, 55.868374, 60.897873
5.9427824, -46.992336, -38.55179, -14.455882, 0.0, 0.0, 0.0, 0
74.134735, 26.348156, 9.819366, 60.193066, 4.475403, 54.450043, 44.977367, 49.800213
8.04858, -54.55298, -41.123703, -4.323321, 0.0, 0.0, 0.0, 0
79.09857, 23.964914, 4.4127502, 52.88181, 6.4630127, 57.466736, 32.98611, 39.94327
4.738503, -54.230106, -42.5448, -3.2250886, 0.0, 0.0, 0.0, 0
87.3616, 21.964083, 5.407654, 47.184376, 5.7014465, 68.80164, 22.088322, 30.51186
3.5809684, -53.84897, -36.81897, 9.332063, 0.0, 0.0, 0.0, 0
88.56136, 21.617737, 5.6107483, 46.291634, 9.499298, 71.042046, 20.370676, 28.83081
0.6074635, -59.642635, -35.652687, 4.7046804, 0.0, 0.0, 0.0, -1
26.846153, 20.88775, 56.04956, 45.34927, 43.709625, 11.923437, 18.074766, 25.706808
1.1734458E-4, 0.0, 0.0, 0.0, 45.846195, -0.48036164, -53.67344, 5
97.22124, 12.698061, 15.523621, 37.303383, 23.090485, 31.829102, 2.8767412, 6.2249913
1.3669825, 8.279909, -4.6816816, -87.03841, 0.0, 0.0, 0.0, 2
4.95858, 12.788855, 108.70987, 37.07812, 104.77106, 72.07617, 4.4957876, 6.471241
1.1509929, 4.6067333, 25.531498, -69.86177, 0.0, 0.0, 0.0, 2
5.6053734, 9.732057, 109.513916, 37.38547, 119.6543, 84.62149, 5.4987345, 6.389342
0.0025756322, 0.0, 0.0, 0.0, 29.032887, 16.273598, 54.693516, -1
27.844322, 9.0339365, 140.96063, 37.38551, 151.09201, 116.05643, 5.498605, 6.3905835
0.0022514693, 0.0, 0.0, 0.0, -20.050259, 16.749184, 63.20056, 3
84.460464, 8.22556, 171.73557, 37.385548, 161.61777, 138.55115, 5.498392, 6.3571124
0.49605873, -29.434872, -0.5673383, 69.99779, 0.0, 0.0, 0.0, -1
102.03284, 8.104346, 156.03246, 37.385548, 145.91905, 148.69136, 5.498311, 6.660462
7.078496, -15.443754, 30.31985, 54.2364, 0.0, 0.0, 0.0, 0
175.9447, 14.3394, 81.10417, 35.46003, 140.19429, 156.2658, 7.1510277, 12.48043
8.094489, -8.260562, 44.766228, 46.973206, 0.0, 0.0, 0.0, 0
168.47919, 19.839506, 80.08786, 34.55094, 153.6167, 155.01479, 13.358846, 17.551317
5.679423, -5.493739, 46.3833, 48.12296, 0.0, 0.0, 0.0, 0
168.79803, 20.840706, 81.75577, 34.47784, 159.28073, 156.08392, 15.140118, 18.50094
3.7388756, 3.5183291, 47.628418, 48.85325, 0.0, 0.0, 0.0, -1
169.0103, 24.517471, 87.179596, 34.467865, 159.3235, 158.47473, 19.443039, 22.028902
0.5683025, 1.2838277, 48.780136, 49.93603, 0.0, 0.0, 0.0, -1
106.02681, 25.416311, 25.505066, 34.525475, 95.823364, 95.91905, 20.723188, 22.898462
0.023081873, 0.0, 0.0, 0.0, 26.929817, -22.106983, -50.9632, 5
74.66109, 25.41637, 5.860565, 34.525482, 64.16121, 64.553345, 20.961147, 22.898521
2.9250981E-5, 0.0, 0.0, 0.0, 43.416725, -13.170676, -43.412594, -1
104.899536, 17.574566, 113.3674, 18.81314, 129.26602, 119.06186, 3.115968, 6.296495
0.85097945, 31.057325, 30.84143, -38.101242, 0.0, 0.0, 0.0, -1
0.061439514, 14.047362, 143.99493, 19.483284, 150.66806, 140.56079, 4.259044, 5.6674337
0.0010643621, 0.0, 0.0, 0.0, 41.42956, 10.238172, 48.332268, -1
33.264313, 12.945361, 175.43265, 19.483683, 177.89584, 171.99805, 4.259429, 5.667837
5.422393, 29.048645, 33.322655, -37.628696, 0.0, 0.0, 0.0, 2
21.777092, 10.841365, 159.15349, 19.484482, 97.81589, 127.69456, 2.3807173, 5.754177
6.3436956, 34.21855, 30.130997, -35.650455, 0.0, 0.0, 0.0, 2
39.376724, 2.930612, 119.84996, 24.760735, 64.88225, 130.67384, 4.4590936, 8.062165
3.2663345E-5, 0.0, 0.0, 0.0, 17.874022, 7.914868, 74.21111, -1
79.30408, 4.0183654, 151.65268, 24.760725, 104.90579, 154.50397, 4.6516337, 7.1842017
1.5258789E-5, 0.0, 0.0, 0.0, -36.14521, -15.055859, 48.798935, 3
135.20187, 5.6055155, 161.26178, 24.76071, 158.00809, 165.3472, 5.5309253, 7.7075815
0.74417806, -46.972813, -8.138379, 44.88881, 0.0, 0.0, 0.0, -1
155.1234, 9.097053, 145.5355, 23.718458, 175.0172, 151.62407, 8.043098, 8.765861
7.7201324, -19.940954, 32.52581, 47.533237, 0.0, 0.0, 0.0, 0
148.29735, 20.533157, 86.45159, 22.046986, 142.60025, 143.48643, 18.969803, 15.799075
4.674149, 16.12889, 42.07694, 41.794174, 0.0, 0.0, 0.0, -1
140.72618, 29.199791, 103.730644, 22.116299, 140.82484, 139.31364, 26.463076, 24.341043
0.61530614, 17.401493, 41.25454, 41.343964, 0.0, 0.0, 0.0, -1
82.57295, 29.993704, 46.86197, 22.441536, 81.546875, 79.59412, 27.623457, 26.183119
0.0037597264, 0.0, 0.0, 0.0, 16.939737, -27.19646, -55.863796, 5
88.143555, 4.28915, 118.27597, 56.172543, 111.54947, 99.62189, 44.89713, 51.804718
6.8444667, -33.93957, -43.805515, 22.25491, 0.0, 0.0, 0.0, 1
159.01526, 10.202199, 60.67926, 50.784954, 57.351868, 40.284027, 36.69489, 42.431686
8.809498, -21.543764, -26.859749, 51.596485, 0.0, 0.0, 0.0, 1
164.71013, 17.481607, 66.82771, 47.939014, 72.007965, 50.128784, 28.414295, 31.822845
5.440203, -16.213148, -18.604185, 65.18267, 0.0, 0.0, 0.0, 1
166.30678, 20.616476, 70.50693, 47.038277, 82.42732, 58.110657, 25.652176, 27.6023
3.3649871, -16.714928, -1.8587606, 81.426315, 0.0, 0.0, 0.0, 0
145.25952, 25.009748, 53.259674, 46.12627, 84.96274, 57.718628, 22.114698, 20.969654
0.44065648, -5.818711, 32.614136, 61.56715, 0.0, 0.0, 0.0, -1
113.0995, 25.151611, 22.3891, 46.06736, 58.126297, 30.884949, 21.76733, 20.158361
0.005365181, 0.0, 0.0, 0.0, 44.458843, 2.0919185, -53.44924, 5
44.952904, 8.666738, 179.38422, 29.328144, 178.34781, 115.309166, 4.874774, 5.104614
0.0, 0.0, 0.0, 0.0, -36.815884, -18.248857, -44.935257, 5
8.716217, 5.9098153, 144.38373, 29.328144, 142.11589, 75.93602, 4.874784, 4.006801
0.0038905374, 0.0, 0.0, 0.0, 20.918156, 45.684128, 33.39772, -1
11.039864, 4.1604977, 151.59894, 29.328144, 146.6456, 87.764015, 4.9100304, 3.6352978
0.096147545, 0.0, 0.0, 0.0, -51.219017, 46.545288, -2.235688, 3
37.219185, 2.8515162, 161.24951, 29.328167, 178.3142, 176.22752, 4.734935, 2.8604472
0.09746052, 0.0, 0.0, 0.0, 47.9196, -7.261972, 44.818424, 4
43.67628, 2.4695013, 145.53453, 29.317604, 167.47298, 152.15526, 4.4160447, 2.9093907
0.04500495, 0.0, 0.0, 0.0, 18.463894, 17.253521, 64.282585, -1
12.630825, 2.0431218, 150.58109, 29.233175, 163.95137, 149.80138, 4.3198075, 2.940362
8.607043E-6, 0.0, 0.0, 0.0, -20.08669, -2.4150383, 77.498276, 3
52.820953, 2.0817957, 177.93083, 29.233177, 173.00891, 171.17159, 4.5434813, 3.2806673
0.0, 0.0, 0.0, 0.0, -34.864864, -10.318317, 54.81682, 3
82.92041, 2.3352334, 162.20992, 29.233177, 160.89159, 177.1353, 4.733749, 3.5308444
3.8762043, -34.0681, 7.043003, 58.888893, 0.0, 0.0, 0.0, 0
176.28778, 4.048028, 99.40285, 29.233177, 107.9435, 124.6906, 5.784899, 4.70392
9.044457, -14.368601, 35.596035, 50.035362, 0.0, 0.0, 0.0, 0
172.35501, 14.480951, 87.94505, 24.211195, 145.67175, 160.18652, 11.761728, 12.792955
6.6974897, 14.605442, 43.662712, 41.731846, 0.0, 0.0, 0.0, -1
169.02898, 21.831572, 112.017334, 24.25561, 150.87097, 155.36838, 19.307919, 19.72629
3.8654518, 22.652752, 39.708817, 37.638428, 0.0, 0.0, 0.0, -1
165.31174, 24.589094, 97.93707, 26.872686, 152.03293, 155.25247, 21.850079, 22.83121
0.6323447, 10.667113, 44.06056, 45.272327, 0.0, 0.0, 0.0, -1
102.76431, 25.41877, 36.854797, 27.105455, 90.052795, 93.121796, 22.637672, 23.642403
7.7679916E-4, 0.0, 0.0, 0.0, 25.976896, -21.955372, -52.067734, 5
39.75888, 25.41833, 26.151459, 27.105307, 27.074707, 30.130768, 22.643343, 23.653938
0.0016841467, 0.0, 0.0, 0.0, 42.292328, -15.41894, -42.288734, -1
160.17288, 12.583443, 61.178223, 52.177143, 51.256134, 66.89908, 33.809467, 29.661037
7.935054, -21.376549, -18.85587, 59.76758, 0.0, 0.0, 0.0, 0
162.66762, 16.309822, 63.867096, 50.666794, 58.229156, 76.31662, 29.05643, 26.04088
5.9546666, -20.708557, -10.478207, 68.81323, 0.0, 0.0, 0.0, 0
165.78677, 21.747885, 69.92047, 48.941628, 77.983, 99.562454, 22.69828, 22.125925
2.3921409, -14.72422, 17.45384, 67.82194, 0.0, 0.0, 0.0, 0
4.674829, 13.295881, 95.19452, 41.28955, 83.70651, 138.62286, 3.4346828, 6.8594027
9.372885E-4, 0.0, 0.0, 0.0, -36.333534, -20.29636, 43.370106, 3
49.897846, 11.945215, 48.016144, 41.28897, 10.26709, 57.343216, 5.9109435, 4.523999
9.344393E-4, 0.0, 0.0, 0.0, -15.3935375, 19.027334, 65.57913, 3
65.60961, 11.684093, 32.304047, 41.288784, 30.212646, 23.232452, 6.7666674, 4.8682303
6.71062, -24.2738, 27.324959, 48.40124, 0.0, 0.0, 0.0, 0
162.478, 20.376245, 73.32086, 39.92059, 151.11008, 152.18242, 18.637136, 16.377495
4.1428847, -9.318197, 44.589516, 46.092285, 0.0, 0.0, 0.0, 0
4.8686895, 16.044363, 79.502144, 37.56107, 16.051733, 9.0427, 20.134604, 18.757214
0.0, 0.0, 0.0, 0.0, -30.762812, 21.944511, 47.29268, 3
47.98523, 15.540423, 36.39615, 37.56107, 26.677734, 34.061584, 20.0303, 18.75734
0.9859413, -21.776623, 34.82679, 43.396587, 0.0, 0.0, 0.0, -1
63.837852, 15.54036, 20.544647, 37.56107, 42.529236, 49.91211, 20.0303, 18.757116
5.499715, -17.951553, 37.569958, 44.478493, 0.0, 0.0, 0.0, 0
126.66182, 19.280565, 44.728302, 35.79118, 111.67465, 116.913155, 20.359833, 22.295301
3.6964908, -11.023196, 42.447163, 46.52964, 0.0, 0.0, 0.0, 0
132.02863, 23.24059, 52.588867, 34.517273, 120.35163, 119.809586, 21.941944, 25.766489
1.1397035, -8.886702, 43.529972, 47.58333, 0.0, 0.0, 0.0, 0
109.30171, 23.96313, 30.45819, 34.37898, 98.02345, 96.71407, 22.599901, 26.230482
0.3595112, -8.316251, 43.793217, 47.890533, 0.0, 0.0, 0.0, -1
78.255295, 24.285599, 0.30874634, 34.32343, 67.14634, 65.19448, 22.892735, 26.30971
0.005915921, 0.0, 0.0, 0.0, 48.629128, -3.0730247, -48.297848, -1
59.9719, 3.1779187, 175.93967, 24.626846, 171.28287, 174.5759, 5.5195203, 3.5632727
1.9497509E-4, 0.0, 0.0, 0.0, -38.188286, -14.933491, -46.878223, 5
44.27326, 3.1779273, 168.35768, 24.626816, 153.37032, 169.72581, 5.245705, 3.5636609
4.5645537E-4, 0.0, 0.0, 0.0, -64.99707, -26.477728, 8.525203, 3
28.531853, 3.1780584, 152.6109, 24.626816, 135.74167, 153.98248, 4.956497, 3.564092
5.0083303E-4, 0.0, 0.0, 0.0, 32.208458, 15.849054, 51.942486, -1
16.264866, 3.1783364, 140.33472, 24.626745, 122.08951, 146.72934, 3.805576, 3.4851205
8.8871014E-4, 0.0, 0.0, 0.0, 0.7762733, 3.703651, 95.52007, -1
32.06295, 3.178347, 156.13232, 24.626745, 132.47668, 158.48438, 3.7894304, 3.7513957
8.8871014E-4, 0.0, 0.0, 0.0, -25.044983, -7.3272586, 67.627754, 3
63.56168, 3.1781366, 172.36522, 24.626638, 159.47292, 177.54063, 3.8003762, 4.2010994
0.11073261, -36.54097, -12.524311, 50.93472, 0.0, 0.0, 0.0, -1
79.232895, 3.1779566, 156.68948, 24.62656, 173.6282, 165.21036, 3.909054, 4.3816395
4.7574224, -24.224356, 23.527786, 52.247856, 0.0, 0.0, 0.0, 0
153.84897, 2.6254208, 93.99722, 24.577724, 132.03122, 113.533905, 4.2102947, 4.860178
9.351532, -8.100053, 43.070774, 48.82917, 0.0, 0.0, 0.0, 0
176.15494, 9.549364, 86.422104, 22.34435, 159.93127, 149.2251, 8.468247, 8.560034
9.097202, 4.6947865, 47.09823, 48.206985, 0.0, 0.0, 0.0, -1
175.47914, 24.05627, 121.82103, 24.766129, 174.12059, 172.76248, 21.00126, 22.491787
2.711523, 19.488615, 40.20492, 40.306465, 0.0, 0.0, 0.0, -1
159.60951, 24.91231, 139.41515, 25.164722, 169.63202, 171.0369, 21.862415, 23.349844
0.586633, 21.828619, 39.209526, 38.961857, 0.0, 0.0, 0.0, -1
127.95137, 25.384935, 172.00307, 25.395262, 137.78229, 139.13933, 22.32221, 23.819284
0.0712162, 0.0, 0.0, 0.0, -36.736412, -21.089495, -42.17409, 5
96.6117, 25.456217, 156.51823, 25.430685, 106.35829, 107.77307, 22.439857, 23.928019
0.0, 0.0, 0.0, 0.0, -40.011906, -19.97693, -40.011158, 3
4.971222, 6.575367, 80.582306, 40.833805, 108.556, 84.432556, 6.1621146, 4.7268457
0.57192594, -19.543646, 8.249134, -72.20722, 0.0, 0.0, 0.0, -1
4.886841, 6.5561023, 83.473816, 40.833927, 109.109436, 87.320465, 6.087918, 4.7269483
1.1727626, -18.887367, 9.245872, -71.86676, 0.0, 0.0, 0.0, 2
0.046020508, 5.090879, 87.99231, 40.705486, 108.44629, 98.00183, 6.1186137, 4.666604
0.3670864, -19.144249, 12.119953, -68.7358, 0.0, 0.0, 0.0, -1
25.086853, 4.2080812, 57.456726, 40.580536, 82.74036, 74.27496, 6.24225, 4.6874857
0.0018071361, 0.0, 0.0, 0.0, -28.604328, -17.61772, 53.77795, 3
40.763855, 4.20162, 41.663116, 40.58028, 66.94873, 58.484222, 6.2421784, 4.6872907
0.98403853, -27.92229, -40.287983, 31.789726, 0.0, 0.0, 0.0, -1
56.40735, 4.200931, 26.026306, 40.57996, 51.314423, 42.850784, 6.2420373, 4.6870503
2.829791, -28.098774, -35.374893, 36.526333, 0.0, 0.0, 0.0, 1
72.124695, 4.2002378, 10.315582, 40.579678, 35.606155, 18.254578, 6.2419257, 4.6794395
7.0090446, -32.403442, 10.389138, 57.207417, 0.0, 0.0, 0.0, 0
132.66443, 8.201949, 54.636383, 39.108585, 58.24118, 96.133514, 5.780054, 6.062578
9.254737, -16.892267, 37.82815, 45.279583, 0.0, 0.0, 0.0, 0
160.47768, 19.63445, 74.977036, 33.690273, 148.48647, 145.70387, 14.746158, 17.99205
5.179946, -11.133118, 43.731716, 45.13517, 0.0, 0.0, 0.0, 0
161.32126, 20.819534, 77.035446, 33.499104, 149.8355, 147.50005, 16.03262, 19.066736
4.2230325, -9.003936, 44.75673, 46.239334, 0.0, 0.0, 0.0, 0
162.4465, 22.650991, 80.242294, 33.290543, 151.19298, 149.89641, 18.149696, 20.75226
2.7612593, -5.57471, 46.30471, 48.120575, 0.0, 0.0, 0.0, 0
163.3794, 23.943867, 83.34819, 33.188847, 151.80717, 151.85553, 20.152498, 22.398657
1.7738836, -8.501608, 45.065895, 46.432495, 0.0, 0.0, 0.0, 0
135.18085, 24.628843, 56.074265, 33.177624, 123.55594, 124.027916, 21.048014, 23.07447
0.4028743, -4.7672176, 47.01703, 48.21575, 0.0, 0.0, 0.0, -1
72.33688, 24.931385, 6.369568, 33.180046, 60.81764, 61.28037, 21.818024, 23.392515
0.0011260406, 0.0, 0.0, 0.0, 38.707092, -20.179531, -41.113373, 5
40.635235, 24.931774, 38.07016, 33.180325, 29.053316, 30.019756, 21.845951, 23.38924
0.0022453729, 0.0, 0.0, 0.0, 42.790237, -14.49949, -42.71027, -1
33.916527, 16.21208, 92.33477, 23.347088, 93.19619, 61.83178, 3.5825915, 6.644944
1.0888321, 27.036545, 16.550926, -56.41253, 0.0, 0.0, 0.0, 2
1.7787704, 13.046269, 179.31857, 41.62574, 177.32208, 122.82462, 19.843618, 22.282118
3.3334801, 42.14749, 21.922272, -35.930237, 0.0, 0.0, 0.0, 2
18.586456, 11.935997, 163.74344, 43.257755, 162.10495, 109.36362, 21.47008, 23.112883
7.6768637, 15.259693, -33.84019, 50.900112, 0.0, 0.0, 0.0, 1
124.12935, 13.830295, 100.38957, 44.572407, 107.8947, 53.563904, 23.17662, 12.86728
9.137335, 18.407509, -0.08821588, 81.50427, 0.0, 0.0, 0.0, 1
129.59824, 15.058485, 102.73949, 44.789825, 112.250656, 62.17624, 23.663057, 10.310582
6.8188925, 9.938177, 20.625338, 69.436485, 0.0, 0.0, 0.0, -1
155.50204, 20.33058, 102.23755, 46.13484, 122.71124, 138.7825, 24.207106, 7.5770783
3.4269292, -0.88898337, 39.73236, 59.378647, 0.0, 0.0, 0.0, 0
121.505875, 23.824028, 153.46848, 46.093876, 158.63281, 133.85533, 22.140617, 19.048046
0.0081954915, 0.0, 0.0, 0.0, -26.975615, -24.37027, -48.654118, 5
90.88694, 23.643877, 174.92142, 46.09624, 123.24653, 102.29516, 21.889418, 19.755575
0.0016188885, 0.0, 0.0, 0.0, -40.131283, -19.80737, -40.061344, 3
53.616512, 9.520451, 100.79349, 37.46267, 105.70947, 75.947296, 4.814508, 6.4043202
0.96588695, 33.48179, 29.052183, -37.46603, 0.0, 0.0, 0.0, -1
25.873886, 9.325673, 132.56152, 37.397884, 136.04086, 119.377495, 4.6398892, 6.588765
1.6142498, 33.726532, 33.094116, -33.17935, 0.0, 0.0, 0.0, 2
4.809723, 9.28386, 154.26361, 37.397873, 157.3193, 140.65707, 4.6258273, 6.298105
1.9174374, 33.629856, 32.760094, -33.610058, 0.0, 0.0, 0.0, 2
6.35231, 7.1115475, 153.02556, 38.229378, 167.49684, 143.90437, 5.0111794, 6.1708345
0.68979645, 34.272152, 34.525105, -31.202745, 0.0, 0.0, 0.0, -1
24.448112, 5.613405, 174.79214, 39.102924, 141.50766, 179.9396, 4.6091185, 6.9881263
4.2091036E-4, 0.0, 0.0, 0.0, -38.046516, -14.671612, 47.281868, 3
83.832, 4.715253, 127.49838, 39.104073, 56.22676, 135.15945, 2.2175276, 6.259409
0.0, 0.0, 0.0, 0.0, -39.16294, -4.166921, 56.670143, 3
101.37181, 4.4494247, 111.74356, 39.104073, 49.471756, 123.3064, 2.1911807, 5.3695793
1.1410668, 62.341454, 29.697674, 7.9608707, 0.0, 0.0, 0.0, -1
121.37742, 3.9446657, 96.04295, 39.104073, 42.666702, 111.622574, 2.2371106, 4.7432094
6.5030107, -12.6233, 29.352928, 58.023773, 0.0, 0.0, 0.0, 0
167.529, 22.244492, 83.17735, 35.50505, 156.98593, 157.03293, 17.10093, 19.768986
3.0413158, 5.2327476, 47.437855, 47.329395, 0.0, 0.0, 0.0, -1
165.6245, 24.77628, 86.218216, 35.493195, 157.7373, 157.113, 19.329882, 22.01497
1.5880979, 2.76659, 48.162514, 49.070896, 0.0, 0.0, 0.0, -1
77.79892, 27.409927, 3.038208, 35.5927, 70.794556, 69.577835, 21.96722, 24.815474
5.364418E-5, 0.0, 0.0, 0.0, 38.789093, -18.894627, -42.316284, 5
46.45034, 27.409954, 28.310394, 35.592693, 38.70259, 37.611435, 22.063889, 25.032509
5.364418E-5, 0.0, 0.0, 0.0, 45.14234, -9.716165, -45.141495, -1
115.508255, 8.325891, 6.2578125, 23.270632, 29.140167, 57.60856, 2.5407758, 5.7113557
0.5375003, 22.762106, -0.43062574, -76.80727, 0.0, 0.0, 0.0, -1
86.43982, 8.345874, 20.514221, 23.27062, 10.270569, 18.854218, 2.9344842, 5.8637023
1.2795441, 7.866465, -6.219644, -85.91389, 0.0, 0.0, 0.0, 2
4.9332657, 8.017166, 98.34354, 23.27062, 99.23599, 84.16708, 3.57227, 5.6051965
1.3282763, 7.812201, 8.082275, -84.10552, 0.0, 0.0, 0.0, 2
3.2566147, 6.4477506, 100.792, 23.302015, 109.62708, 88.63181, 3.6541662, 5.0809474
0.43823525, 10.138254, 14.25803, -75.603714, 0.0, 0.0, 0.0, -1
34.542038, 5.165171, 71.24108, 23.3764, 88.79571, 57.810875, 3.8932648, 4.869232
3.695488E-5, 0.0, 0.0, 0.0, -42.2273, -27.439203, 30.333502, 3
53.556877, 4.751886, 39.7442, 23.376389, 57.305878, 18.497803, 3.8929534, 4.697598
2.082189E-5, 0.0, 0.0, 0.0, 44.962845, 6.221218, -48.815937, 5
17.588522, 3.1043844, 69.336555, 23.376362, 28.213781, 37.214424, 5.3734293, 3.95747
0.0, 0.0, 0.0, 0.0, -36.405376, -18.501175, 45.093452, 3
17.552048, 3.1040998, 69.354774, 23.376362, 29.338478, 38.092842, 5.307173, 3.874318
0.80693334, -54.979443, -41.33292, 3.6876369, 0.0, 0.0, 0.0, -1
17.347282, 3.10396, 69.550804, 23.376362, 29.384544, 38.321068, 5.2283726, 3.7936008
2.5259352, -54.217457, -34.570797, 11.211745, 0.0, 0.0, 0.0, 0
57.18991, 4.7535195, 55.491806, 40.750465, 57.787247, 43.707504, 4.425515, 5.7191625
0.001074085, 0.0, 0.0, 0.0, 43.31717, 22.16909, -34.51374, 5
25.72493, 5.3023844, 86.96005, 40.673576, 92.74448, 77.919525, 4.7818146, 5.2068796
1.18875214E-4, 0.0, 0.0, 0.0, -38.888493, -22.076035, 39.035477, 3
49.995148, 4.7531824, 62.69165, 40.750805, 52.071167, 46.10199, 2.9202418, 5.183109
0.0, 0.0, 0.0, 0.0, -24.829773, 9.460127, 65.7101, 3
81.54219, 4.754007, 31.143234, 40.750805, 1.2873688, 7.52092, 2.8127787, 5.11163
3.3053904, -23.526741, 25.112074, 51.361187, 0.0, 0.0, 0.0, 0
145.21384, 4.6806355, 31.939453, 40.750805, 82.936005, 67.79498, 3.786114, 5.8531017
9.014808, -14.07281, 39.848377, 46.07881, 0.0, 0.0, 0.0, 0
166.70764, 15.485082, 75.8226, 37.58795, 157.50862, 155.84407, 14.31589, 12.769872
7.388232, -9.405264, 44.208683, 46.386055, 0.0, 0.0, 0.0, 0
174.81073, 18.591309, 81.44693, 37.17092, 159.83919, 160.45277, 18.101837, 16.517645
3.459776, 2.1569495, 48.628105, 49.214943, 0.0, 0.0, 0.0, -1
152.57092, 20.908026, 68.60501, 37.256607, 137.61522, 140.36983, 22.58568, 20.589188
0.36875892, 4.1365995, 47.519703, 48.343697, 0.0, 0.0, 0.0, -1
121.058716, 20.806255, 37.78572, 37.293346, 105.79883, 108.87587, 22.73455, 20.641396
0.008704328, 0.0, 0.0, 0.0, 31.52928, -19.442677, -49.028046, 5
24.707611, 19.498299, 56.733765, 37.29581, 9.145004, 13.012848, 22.14012, 19.74886
0.0023039395, 0.0, 0.0, 0.0, 43.813534, -4.459729, -51.72674, 5
75.33615, 7.6906896, 41.94478, 24.65445, 78.60133, 37.25966, 3.697337, 3.8357427
1.1288769, 26.190922, 34.965717, -38.84336, 0.0, 0.0, 0.0, 2
12.249435, 7.691211, 105.025024, 24.65445, 140.28943, 100.34213, 3.2886906, 3.8365157
1.2001274, 26.251686, 34.916912, -38.831406, 0.0, 0.0, 0.0, 2
3.3064804, 6.425629, 115.26926, 24.928205, 147.55113, 115.48091, 3.392341, 4.096391
0.43283832, 26.91468, 36.108124, -36.977196, 0.0, 0.0, 0.0, -1
28.619003, 5.309276, 148.0238, 25.351128, 177.11203, 148.42899, 4.0702767, 4.2867236
7.494625E-5, 0.0, 0.0, 0.0, -28.718248, -4.6669645, 66.614784, 3
92.47107, 4.440301, 164.89255, 25.351088, 130.02438, 177.72745, 4.0713334, 4.1409698
1.2373252, -24.434753, -26.816738, 48.74851, 0.0, 0.0, 0.0, 1
107.341576, 4.1512327, 149.07788, 25.351076, 114.20812, 166.53528, 4.0717087, 4.216884
7.532681, -16.916702, 25.69719, 57.386112, 0.0, 0.0, 0.0, 0
175.79721, 7.023177, 77.6613, 24.2715, 99.877304, 132.56804, 5.765429, 6.4540043
9.260611, -4.5703073, 44.125732, 51.30396, 0.0, 0.0, 0.0, 0
178.88968, 10.684925, 86.31203, 23.45092, 136.57147, 151.07729, 9.68087, 9.190378
9.346243, -0.1256596, 46.938828, 52.935513, 0.0, 0.0, 0.0, 0
178.91176, 12.249937, 90.008865, 23.244469, 144.52264, 155.75645, 11.383801, 10.771625
7.461111, 9.244371, 45.846375, 44.909252, 0.0, 0.0, 0.0, -1
158.28004, 24.783371, 96.761765, 25.197783, 147.58269, 147.84016, 21.819815, 23.398083
0.6479689, 17.462006, 40.878113, 41.65988, 0.0, 0.0, 0.0, -1
126.90812, 25.310846, 66.38547, 25.417305, 117.20155, 116.45158, 22.61963, 24.173225
0.11892344, 17.093508, 41.008614, 41.89788, 0.0, 0.0, 0.0, -1
32.80787, 25.429127, 27.497314, 25.464949, 23.444427, 21.075653, 23.028368, 24.274822
0.0, 0.0, 0.0, 0.0, 45.769054, -9.625975, -44.604973, -1
4.748169, 25.429127, 55.557014, 25.464949, 4.5981674, 7.4028854, 23.143185, 24.231808
0.865986, -31.661224, -35.786293, -32.552483, 0.0, 0.0, 0.0, -1
4.748169, 25.429127, 55.557014, 25.464949, 4.6953735, 7.666855, 23.174759, 24.154482
6.2551513, -30.64776, -36.919403, -32.43284, 0.0, 0.0, 0.0, 1
28.929016, 21.031424, 41.52664, 23.226902, 15.364571, 10.768631, 19.940832, 20.3204
9.344874, -28.786854, -41.992, -29.221144, 0.0, 0.0, 0.0, 1
45.55381, 15.051325, 56.309937, 17.851072, 28.138992, 20.288681, 12.229417, 11.913748
9.215095, -27.728882, -48.79502, -23.476097, 0.0, 0.0, 0.0, 1
68.040504, 11.626586, 73.131424, 15.1126585, 51.321632, 42.240074, 8.006137, 6.9326887
9.341003, -31.65324, -6.429214, 61.91754, 0.0, 0.0, 0.0, 0
78.301094, 10.980211, 79.9409, 14.570079, 65.3334, 57.289734, 6.8695803, 5.5307436
8.996032, 26.444567, 43.82568, 29.729757, 0.0, 0.0, 0.0, -1
128.0466, 14.520696, 122.26375, 16.152716, 142.84395, 146.69258, 11.428997, 10.004155
7.6870646, 22.129917, 40.555595, 37.314484, 0.0, 0.0, 0.0, -1
148.69836, 24.462671, 149.7131, 24.556908, 158.85211, 161.74478, 22.699764, 21.581196
1.745942, 23.913445, 38.43176, 37.654797, 0.0, 0.0, 0.0, -1
121.03736, 25.118227, 179.07086, 25.156078, 130.97925, 133.78851, 23.42801, 22.29259
0.24411874, 26.138119, 37.673523, 36.188354, 0.0, 0.0, 0.0, -1
89.914375, 25.379717, 149.15665, 25.39497, 99.76389, 102.5489, 23.706371, 22.574102
0.0018549052, 0.0, 0.0, 0.0, -40.013016, -19.97576, -40.011223, 3
26.871365, 25.384148, 86.102936, 25.398907, 36.687893, 39.463253, 23.694242, 22.564295
4.7795838E-4, 0.0, 0.0, 0.0, -39.11358, -20.243528, -40.642895, 5
51.95186, 3.1878555, 95.60086, 47.62649, 108.28865, 102.83316, 3.7417548, 6.6910644
0.0023784474, 0.0, 0.0, 0.0, 49.658447, 21.205662, -29.135895, 5
20.400394, 3.1883514, 127.167206, 47.625645, 129.39777, 135.0582, 3.7719622, 6.285711
0.0024319864, 0.0, 0.0, 0.0, 54.171677, 19.89831, 25.930014, -1
9.883289, 3.1886148, 137.69228, 47.625195, 135.43611, 144.7006, 3.9504795, 6.0239253
0.0018784886, 0.0, 0.0, 0.0, 21.912743, 13.759128, 64.32813, -1
0.86416626, 3.1532109, 146.34085, 47.624355, 146.33893, 147.29123, 4.0349193, 5.9465885
0.0012173977, 0.0, 0.0, 0.0, -24.80168, -5.5632358, 69.635086, 3
62.2316, 2.2218242, 166.42657, 47.623264, 179.729, 175.32193, 3.7194092, 5.868187
0.3704045, -38.726624, -21.22957, 40.043808, 0.0, 0.0, 0.0, -1
78.113144, 2.221571, 150.55359, 47.623264, 167.69394, 162.80344, 3.749123, 5.8184586
6.440816, -28.360765, 23.032795, 48.606438, 0.0, 0.0, 0.0, 0
161.13435, 22.695145, 74.46452, 41.482475, 154.65294, 149.9712, 18.332138, 19.814505
2.5520673, -8.458088, 45.049694, 46.492218, 0.0, 0.0, 0.0, 0
142.60437, 26.4859, 59.947098, 40.978714, 134.78566, 132.66449, 21.669811, 24.252136
0.4449285, -4.5771866, 46.85159, 48.571224, 0.0, 0.0, 0.0, -1
111.19583, 26.883377, 28.913269, 40.94151, 102.6856, 101.40842, 22.119894, 24.644045
0.012954021, 0.0, 0.0, 0.0, 33.836964, -20.321972, -45.84106, 5
48.42788, 26.367956, 33.811676, 40.93829, 38.57004, 38.664566, 22.430368, 24.679506
1.8119812E-5, 0.0, 0.0, 0.0, 41.814262, -16.367962, -41.81778, 5
17.083532, 25.782906, 65.15329, 40.93829, 6.443298, 6.847358, 22.57266, 24.675648
0.0, 0.0, 0.0, 0.0, 50.72142, -2.048457, -47.230125, -1
119.68796, 29.95226, 1.6654358, 16.647661, 1.5794678, 2.637207, 6.383455, 3.5371597
6.060819, 25.689707, 32.136265, -42.17403, 0.0, 0.0, 0.0, 2
5.013771, 20.947496, 131.2609, 20.115065, 144.00558, 155.63837, 8.875524, 8.184904
1.7442403, 51.376183, 39.89586, -8.727961, 0.0, 0.0, 0.0, 2
10.669373, 20.13937, 147.56131, 20.335054, 156.45993, 168.81238, 7.8064637, 7.0803123
7.13246, 38.005795, 45.03351, 16.960697, 0.0, 0.0, 0.0, -1
132.82167, 21.071266, 146.6294, 30.08063, 155.55664, 151.5373, 21.516798, 18.389122
1.8687835, 32.21123, 37.4571, 30.331669, 0.0, 0.0, 0.0, -1
120.91664, 22.444073, 163.72018, 31.532967, 140.51225, 135.05768, 22.970022, 20.515253
0.52964425, 32.30251, 37.00222, 30.695269, 0.0, 0.0, 0.0, -1
90.01405, 22.805895, 164.1485, 31.908852, 109.41042, 102.66385, 23.068333, 21.166264
0.032432795, 0.0, 0.0, 0.0, -40.33268, -20.009949, -39.65737, 3
58.590145, 22.857273, 132.55371, 31.962364, 78.02074, 71.20917, 22.786737, 21.226988
0.0020156102, 0.0, 0.0, 0.0, -39.996094, -19.997324, -40.006584, 5
113.55914, 6.61101, 44.236507, 22.24214, 21.651566, 3.5614338, 5.568147, 2.171566
0.5724952, 48.653324, 2.8644133, -48.48226, 0.0, 0.0, 0.0, -1
82.149315, 6.624884, 75.74909, 22.225164, 14.452961, 45.63783, 5.3863134, 2.3225791
1.1988323, 41.73677, 18.067566, -40.195663, 0.0, 0.0, 0.0, 2
18.952896, 6.6240606, 138.94814, 22.225153, 85.03664, 134.50795, 5.5063033, 3.1931837
2.1495957, 43.344604, 27.93294, -28.72246, 0.0, 0.0, 0.0, 2
34.41455, 4.472282, 125.41937, 23.279684, 82.87406, 139.0311, 5.6809163, 4.1825953
7.384676, -20.243881, 19.914518, 59.8416, 0.0, 0.0, 0.0, 0
163.67625, 8.418184, 86.631905, 21.652489, 160.17308, 154.84018, 6.6500335, 8.886194
9.333394, 4.404169, 47.555058, 48.04077, 0.0, 0.0, 0.0, -1
169.8193, 24.585918, 128.55557, 24.978386, 179.15631, 176.0877, 22.878033, 21.833199
0.8357587, 21.32515, 39.35978, 39.315075, 0.0, 0.0, 0.0, -1
106.80925, 25.421156, 166.72429, 25.425407, 116.79381, 118.28792, 23.831459, 22.35705
0.0012701794, 0.0, 0.0, 0.0, -39.978127, -20.04284, -39.979034, 5
75.32567, 25.421043, 135.24092, 25.425354, 85.63611, 86.68004, 23.921465, 22.398699
0.0013893691, 0.0, 0.0, 0.0, -39.938145, -20.08619, -39.975662, 5
114.02178, 26.826035, 177.93886, 55.802357, 178.2907, 167.2228, 49.949707, 51.836147
2.373335, 39.774338, 39.763256, 20.462404, 0.0, 0.0, 0.0, -1
147.69165, 28.050463, 146.51875, 58.24152, 151.95006, 162.2935, 49.938534, 51.71424
0.38429713, 40.13743, 39.970562, 19.892006, 0.0, 0.0, 0.0, -1
177.95601, 28.382631, 115.052734, 58.889023, 122.38074, 132.36945, 48.179348, 49.863327
0.041536357, 0.0, 0.0, 0.0, -41.3181, -19.235722, -39.44618, 3
152.4935, 28.419546, 83.49034, 58.889885, 93.04674, 102.80513, 45.749954, 47.34326
1.945782, -40.561634, -40.62138, -18.816988, 0.0, 0.0, 0.0, 1
136.61435, 28.420557, 67.562195, 58.890347, 78.28003, 87.924774, 44.602043, 46.147743
6.0320363, -41.864532, -41.533928, -16.60154, 0.0, 0.0, 0.0, 0
73.75809, 24.573502, 16.252808, 48.59324, 22.52713, 33.082428, 24.126045, 25.673143
0.58096737, -50.446213, -41.21394, -8.339853, 0.0, 0.0, 0.0, -1
60.25908, 8.976922, 89.593704, 38.86081, 90.356155, 57.24852, 4.6673675, 6.971658
1.0124162, 28.807306, 8.38579, -62.806904, 0.0, 0.0, 0.0, 2
51.130604, 8.610097, 106.17764, 38.636833, 110.83203, 84.756714, 4.827557, 6.8558097
1.3832445, 33.56098, 30.55829, -35.88073, 0.0, 0.0, 0.0, 2
4.935478, 8.356725, 158.61942, 38.498318, 163.76724, 146.39969, 4.920259, 6.4568605
1.5720952, 34.065323, 33.39538, -32.539303, 0.0, 0.0, 0.0, 2
10.325203, 5.5478554, 173.95215, 39.74106, 177.38318, 166.19128, 6.217019, 6.7737837
0.59403217, 19.210865, 30.789122, 50.00001, 0.0, 0.0, 0.0, -1
41.678505, 5.319267, 154.40462, 39.925205, 145.40233, 161.424, 6.4111166, 6.9471326
4.7598095, -30.362705, 1.7440444, 67.89326, 0.0, 0.0, 0.0, 0
98.482834, 4.9317174, 107.25702, 39.925205, 88.85611, 124.94537, 5.5381646, 4.13376
8.927133, -16.777374, 29.676908, 53.545715, 0.0, 0.0, 0.0, 0
166.58502, 14.918413, 89.50746, 37.160614, 173.2251, 174.87943, 10.264208, 12.8414
6.7694244, 1.1609966, 49.90848, 48.930523, 0.0, 0.0, 0.0, -1
168.1253, 18.58861, 95.38852, 37.00096, 175.82129, 177.26614, 14.3782, 16.501587
4.936961, 4.646806, 48.031933, 47.32126, 0.0, 0.0, 0.0, -1
158.18837, 21.957497, 116.695984, 37.564995, 170.34828, 166.77512, 20.650492, 21.552017
0.36705777, 8.470208, 46.114914, 45.414883, 0.0, 0.0, 0.0, -1
9.929991, 24.929075, 68.62326, 37.67816, 14.647186, 1.9575348, 23.459309, 21.352718
2.6470668, -33.82853, -32.863213, -33.308258, 0.0, 0.0, 0.0, 0
9.893112, 25.518787, 66.96593, 37.67816, 14.53479, 2.1843548, 23.730942, 23.328764
7.225837, -33.297897, -33.147766, -33.554337, 0.0, 0.0, 0.0, 2
9.4845295, 24.0589, 47.463917, 36.19048, 5.4998493, 15.935968, 22.52355, 24.807074
9.111813, -33.91141, -33.23113, -32.857456, 0.0, 0.0, 0.0, 0
25.02484, 21.155724, 38.578003, 33.100086, 19.791866, 27.716963, 19.3374, 23.280844
8.555209, -51.76699, -25.362896, -22.870117, 0.0, 0.0, 0.0, 0
56.801632, 14.16417, 31.108551, 25.525724, 50.473885, 52.26075, 12.248648, 15.296887
3.2327008, -56.73201, 19.337877, 23.930119, 0.0, 0.0, 0.0, 0
127.424416, 21.362844, 175.73434, 26.052864, 133.20702, 140.9819, 22.521385, 24.756954
0.104750834, 23.963202, 38.333824, 37.702976, 0.0, 0.0, 0.0, -1
96.76204, 21.056719, 152.58145, 26.117998, 102.192314, 109.70336, 22.33884, 24.379902
0.0, 0.0, 0.0, 0.0, -40.5005, -19.556538, -39.942963, 3
35.19127, 20.715681, 89.337326, 26.117998, 40.102875, 47.26895, 21.808737, 23.608475
0.0, 0.0, 0.0, 0.0, -40.667816, -18.672207, -40.659977, 3
36.593155, 5.98301, 70.14134, 40.577126, 28.709946, 46.56984, 5.452746, 3.0097282
0.0, 0.0, 0.0, 0.0, -34.315735, 5.711451, 59.972816, 3
67.915146, 5.9821367, 38.81996, 40.577126, 9.589096, 7.6329956, 5.6256638, 3.3285048
0.35470945, -27.06105, 19.185286, 53.753662, 0.0, 0.0, 0.0, -1
83.62607, 5.9818516, 23.109634, 40.577126, 28.509079, 7.575577, 5.738024, 3.672591
3.131647, -21.110228, 29.984484, 48.90529, 0.0, 0.0, 0.0, 0
172.55554, 17.383207, 77.4075, 37.389706, 154.86093, 158.82335, 15.985599, 14.801292
5.85303, -7.5140467, 45.027405, 47.458546, 0.0, 0.0, 0.0, 0
172.76225, 18.63193, 80.22653, 37.18985, 156.16757, 159.85732, 17.5367, 16.372925
4.6859813, -9.148449, 43.81031, 47.041245, 0.0, 0.0, 0.0, 0
172.89267, 20.297155, 86.428925, 37.07024, 157.19836, 160.41415, 20.385185, 19.241377
2.7104423, 4.4802732, 47.29606, 48.223667, 0.0, 0.0, 0.0, -1
4.9739075, 5.1996512, 119.18758, 19.232275, 91.43132, 123.45207, 3.9575908, 3.2418113
0.7424228, 24.40996, 22.118607, -53.471436, 0.0, 0.0, 0.0, -1
21.126495, 4.351965, 151.04382, 19.525183, 151.91103, 177.94443, 3.0130312, 4.0016375
0.001002651, 0.0, 0.0, 0.0, -15.292179, -27.234346, 57.473476, 4
36.85396, 4.351028, 166.77876, 19.52551, 161.48085, 166.31947, 3.0536427, 4.0026875
0.0, 0.0, 0.0, 0.0, -30.718067, -23.08849, 46.19344, 3
52.595737, 4.351028, 177.47946, 19.52551, 172.24408, 150.58298, 2.8768651, 4.003011
0.33464956, -20.587978, -26.878857, 52.53316, 0.0, 0.0, 0.0, -1
68.37232, 4.351028, 161.70288, 19.52551, 177.95618, 134.81213, 2.711275, 4.003308
5.9427247, -12.468613, 23.74441, 63.786983, 0.0, 0.0, 0.0, 0
155.1394, 6.555526, 89.3974, 18.957527, 156.03903, 95.180725, 4.4792995, 3.081548
9.211678, 7.019354, 45.28756, 47.69309, 0.0, 0.0, 0.0, -1
147.03905, 25.054829, 158.13643, 23.910412, 154.8639, 156.23476, 23.178858, 21.058342
0.36495548, 24.138006, 38.14118, 37.720814, 0.0, 0.0, 0.0, -1
115.606674, 25.40029, 169.74129, 24.128798, 123.32042, 125.25169, 23.524082, 21.666658
0.018941265, 0.0, 0.0, 0.0, -40.08567, -19.842089, -40.07224, 3
3.729623, 16.4556, 59.571625, 39.577126, 77.71076, 90.00101, 4.9357634, 5.6121516
3.315002, -20.431091, 1.5060625, -78.06285, 0.0, 0.0, 0.0, 2
21.218079, 11.349443, 53.74588, 40.343655, 66.11673, 82.12125, 3.889257, 6.076413
5.415871E-4, 0.0, 0.0, 0.0, -20.31669, -27.176657, 52.50665, 4
36.95764, 11.270639, 37.971985, 40.343647, 50.3414, 66.34645, 3.8892226, 6.076434
1.8468444, -29.465792, -37.531826, 33.002384, 0.0, 0.0, 0.0, 1
52.66092, 11.270718, 22.268707, 40.34364, 27.634521, 50.642487, 3.9929438, 6.076463
5.527024, -37.437187, -15.694973, 46.86784, 0.0, 0.0, 0.0, 0
131.00603, 14.768643, 54.7256, 37.2675, 117.50044, 108.65007, 11.180086, 6.6956644
7.517165, -20.890753, 37.581066, 41.52818, 0.0, 0.0, 0.0, 0
47.263264, 25.230099, 27.25528, 32.32894, 36.8244, 53.320267, 23.130318, 21.962366
0.0, 0.0, 0.0, 0.0, 38.421253, -23.155203, -38.423546, 5
15.414707, 25.229818, 59.102936, 32.32894, 4.976532, 19.197037, 23.12982, 20.902021
0.0, 0.0, 0.0, 0.0, 36.25069, -27.48998, -36.25933, 5
101.794846, 44.721996, 171.18095, 50.88977, 147.98747, 140.77562, 31.110687, 54.83736
6.8062477, -10.19396, -32.565086, -57.24095, 0.0, 0.0, 0.0, 2
6.170189, 35.670242, 87.974304, 49.14945, 68.12683, 55.340427, 24.199684, 51.261395
5.3930974, 1.2026006, -31.131863, -67.665535, 0.0, 0.0, 0.0, 2
4.9696484, 27.252344, 96.251045, 48.84334, 62.801033, 56.155678, 18.889862, 40.238827
2.246129, 5.0034695, -33.36653, -61.629997, 0.0, 0.0, 0.0, 2
4.817709, 25.43746, 98.11165, 48.966118, 58.120564, 55.354115, 17.69598, 36.837902
0.5529717, 5.2258196, -36.110825, -58.663357, 0.0, 0.0, 0.0, -1
3.9304194, 14.013455, 78.76233, 36.520042, 125.23622, 118.23224, 6.8182087, 5.405695
0.39412498, -49.20933, -3.9323065, -46.85836, 0.0, 0.0, 0.0, -1
34.426617, 12.860484, 47.679993, 36.4698, 95.634186, 89.33507, 6.9978485, 5.557114
3.9769843, -60.36748, -34.84196, 4.7905555, 0.0, 0.0, 0.0, 0
77.92062, 12.708088, 0.50494385, 36.4698, 48.816833, 1.2663879, 6.7104964, 4.8362474
6.77923, -66.94753, -16.39781, 16.654655, 0.0, 0.0, 0.0, 0
88.796165, 12.217461, 5.881073, 34.276447, 75.83879, 47.184845, 3.296406, 4.614821
7.396122, -24.285713, 33.460293, 42.253994, 0.0, 0.0, 0.0, 0
162.20253, 16.397827, 79.26297, 28.774273, 158.02612, 154.76009, 9.347351, 13.249338
6.131986, -3.4600286, 44.82004, 51.719933, 0.0, 0.0, 0.0, 0
157.649, 19.442883, 81.94269, 28.346357, 178.00964, 150.83798, 13.089982, 17.15598
3.9104242, 5.1444364, 47.749874, 47.10569, 0.0, 0.0, 0.0, -1
158.58537, 22.426994, 87.96011, 28.343369, 162.76338, 148.21626, 17.291061, 20.391357
2.0724766, 6.406314, 46.765766, 46.827923, 0.0, 0.0, 0.0, -1
124.65724, 25.75222, 60.722992, 28.576643, 124.878975, 114.7278, 19.815878, 23.617054
0.21790749, 6.369164, 46.23939, 47.391445, 0.0, 0.0, 0.0, -1
93.077614, 26.072443, 29.818512, 28.605207, 90.402374, 83.05775, 19.58676, 24.002419
0.0023460393, 0.0, 0.0, 0.0, 18.296368, -25.071863, -56.631767, 5
61.776215, 26.07185, 1.4833374, 28.604975, 56.902237, 51.738167, 19.34043, 24.007866
0.0025311492, 0.0, 0.0, 0.0, 42.489212, -15.02569, -42.485104, -1
0.6127167, 16.063517, 99.635864, 42.263123, 108.2294, 131.89975, 6.0265985, 6.739108
0.2834737, 12.655801, 31.543163, -55.801033, 0.0, 0.0, 0.0, -1
15.769485, 15.224336, 84.13254, 42.3235, 94.77716, 117.65759, 6.1313195, 6.936643
0.003983396, 0.0, 0.0, 0.0, -31.5634, -24.387682, 44.048916, 3
60.762268, 14.129386, 36.955093, 42.325165, 28.07402, 70.50435, 5.603378, 6.941212
1.0775214, -24.33214, -28.837126, 46.83073, 0.0, 0.0, 0.0, 1
74.26587, 13.884173, 21.22107, 42.325356, 2.5446777, 52.2984, 5.7235656, 6.6851096
3.910135, -30.934635, -10.037063, 59.028305, 0.0, 0.0, 0.0, 0
145.93062, 21.478775, 62.996826, 37.498596, 133.9424, 125.37378, 19.664059, 15.422827
3.4778256, -16.572716, 38.297245, 45.130035, 0.0, 0.0, 0.0, 0
148.1176, 23.077717, 65.60568, 36.857666, 135.74992, 127.51849, 21.370665, 18.630486
1.6781191, -15.555824, 38.686626, 45.757553, 0.0, 0.0, 0.0, 0
126.78558, 24.61661, 45.016098, 36.324383, 115.34709, 108.451355, 22.72106, 22.121426
0.42383, -14.950382, 39.2425, 45.807117, 0.0, 0.0, 0.0, -1
64.170746, 24.999853, 17.375702, 36.20195, 52.945587, 47.481125, 23.060644, 22.163605
0.0024778878, 0.0, 0.0, 0.0, 44.17248, -11.657154, -44.170364, -1
5.2297363, 21.096094, 59.986694, 38.509434, 116.57776, 152.54419, 5.2924013, 6.3332705
6.58022, -62.249207, 22.680948, -15.069847, 0.0, 0.0, 0.0, 0
57.328247, 17.899933, 13.846115, 36.46648, 88.976, 127.890594, 4.7109942, 4.2911015
5.930398, -42.31985, 33.1224, 24.55775, 0.0, 0.0, 0.0, 0
149.24759, 15.711959, 54.690002, 29.401, 147.01587, 139.89845, 3.73543, 8.776393
6.537071, 2.483324, 42.58972, 54.926956, 0.0, 0.0, 0.0, -1
175.94177, 18.428381, 88.87506, 29.368464, 169.91368, 145.39397, 7.3390856, 9.742293
5.048602, 4.8085938, 46.9917, 48.199707, 0.0, 0.0, 0.0, -1
161.5302, 23.193537, 93.5453, 29.97368, 158.60847, 173.43541, 19.027529, 19.718704
0.5370761, 9.14618, 45.877083, 44.976738, 0.0, 0.0, 0.0, -1
96.46443, 23.583656, 32.324722, 30.143135, 92.83626, 108.182205, 20.561396, 22.01015
0.0024336237, 0.0, 0.0, 0.0, 25.797998, -26.734266, -47.467735, 5
31.74887, 23.329462, 30.713196, 30.142824, 26.107452, 40.80124, 21.078184, 23.810673
0.0024937082, 0.0, 0.0, 0.0, 35.03346, -26.109379, -38.85716, 5
4.8429794, 2.2141967, 143.39221, 10.490843, 104.05898, 146.58868, 3.1535943, 1.5850147
6.457917, 44.883247, 42.980656, 12.136097, 0.0, 0.0, 0.0, -1
34.738922, 6.0845942, 117.7077, 18.026281, 121.57535, 94.815765, 8.699476, 6.4479823
1.8097996E-4, 0.0, 0.0, 0.0, 21.50985, 20.575796, 57.914352, -1
172.24994, 10.34108, 167.85173, 61.72035, 162.02922, 178.53047, 45.313972, 64.003426
0.53655624, 33.510376, 33.616028, 32.873596, 0.0, 0.0, 0.0, -1
157.75723, 10.701505, 136.52007, 62.55542, 131.49086, 147.08357, 43.214096, 61.947964
5.3641257, -45.845024, -42.393173, -11.761802, 0.0, 0.0, 0.0, 0
87.472336, 10.035418, 58.49237, 61.27964, 56.146545, 69.56595, 34.564415, 53.46256
9.276437, -43.276196, -35.210583, 21.513224, 0.0, 0.0, 0.0, 0
118.718, 10.420655, 52.891083, 56.129555, 60.066254, 66.992004, 24.144629, 43.71075
9.197857, -37.485897, -15.915516, 46.598587, 0.0, 0.0, 0.0, 0
146.11775, 16.558474, 57.149445, 50.35999, 98.79224, 80.03787, 16.54043, 33.457825
5.624048, -29.839447, 15.807559, 54.352997, 0.0, 0.0, 0.0, 0
149.08467, 21.74877, 57.00757, 47.252285, 125.75339, 91.45102, 18.835577, 28.394611
2.6072617, -23.205849, 27.616314, 49.177837, 0.0, 0.0, 0.0, 0
128.86604, 23.847855, 39.23584, 45.67517, 115.77055, 87.16934, 22.336294, 25.694424
0.4049927, -21.220531, 31.638762, 47.140705, 0.0, 0.0, 0.0, -1
97.67699, 23.606304, 8.1763, 45.520542, 85.39461, 59.300064, 22.37519, 25.116978
0.0076812115, 0.0, 0.0, 0.0, 47.324547, -2.2336187, -50.44183, 5
104.67296, 13.221683, 22.311432, 35.26709, 22.881165, 46.757874, 5.042665, 4.973582
1.13117, 29.670467, 34.243954, -36.085575, 0.0, 0.0, 0.0, 2
10.410431, 13.221683, 116.57396, 35.26709, 115.95706, 132.81392, 5.036097, 4.1898665
1.1339101, 30.072134, 33.33484, -36.59302, 0.0, 0.0, 0.0, 2
5.3715057, 10.504175, 133.27817, 36.125458, 131.58115, 149.7095, 5.5877585, 5.4792385
0.005917024, 0.0, 0.0, 0.0, 0.015200514, -11.766224, 88.218575, 4
38.64064, 9.551365, 164.71677, 36.13293, 132.99063, 178.80798, 4.1270404, 5.4886265
0.0024018295, 0.0, 0.0, 0.0, -28.98692, -16.24325, 54.769833, 3
56.930653, 9.127863, 179.56656, 36.132526, 131.67638, 163.09203, 4.115309, 5.48817
0.12666199, -25.973146, -2.3848255, 71.64203, 0.0, 0.0, 0.0, -1
75.46939, 8.726223, 163.83481, 36.132095, 138.22543, 147.3609, 4.3328433, 5.4876966
6.23499, -15.366894, 30.15143, 54.481678, 0.0, 0.0, 0.0, 0
177.18967, 17.681879, 90.9673, 33.39468, 168.22462, 160.66681, 16.792614, 16.788815
5.2557745, 1.8038441, 48.417587, 49.778564, 0.0, 0.0, 0.0, -1
176.58926, 22.835016, 102.320206, 33.58603, 172.24579, 168.41682, 22.12641, 21.513956
1.0846941, 6.865838, 46.181217, 46.952946, 0.0, 0.0, 0.0, -1
149.74762, 22.974543, 130.46649, 33.69086, 161.03206, 164.4292, 22.787596, 21.901596
0.32879943, 7.45206, 45.893257, 46.654682, 0.0, 0.0, 0.0, -1
118.28815, 22.700527, 162.44334, 33.740574, 130.1058, 133.0054, 22.983566, 21.863546
0.007901514, 0.0, 0.0, 0.0, -31.669258, -22.462059, -45.86868, 5
86.76488, 22.111689, 166.0222, 33.7417, 99.33003, 101.790054, 22.836082, 21.542933
0.001842659, 0.0, 0.0, 0.0, -40.188557, -19.626987, -40.184452, 3
55.10221, 21.474133, 134.35873, 33.741913, 68.46909, 70.56397, 22.651697, 21.2121
0.0019388156, 0.0, 0.0, 0.0, -40.2549, -19.504604, -40.240494, 3
145.35715, 31.333454, 126.06387, 45.5344, 172.71472, 142.21393, 56.843708, 35.952206
2.7215152, 24.48764, 37.63191, 37.88045, 0.0, 0.0, 0.0, -1
135.19844, 35.491283, 143.38489, 47.968784, 171.19064, 159.65457, 56.620125, 36.33221
0.34267724, 24.860079, 37.666386, 37.473534, 0.0, 0.0, 0.0, -1
119.611694, 35.782692, 159.52611, 48.16067, 154.55739, 177.76472, 55.676018, 35.80617
0.015898187, 0.0, 0.0, 0.0, -23.746084, -26.845078, -49.408836, 5
103.936325, 35.7954, 175.22507, 48.169163, 138.08176, 164.47952, 54.435818, 35.077076
0.72417915, -7.025871, -36.20341, -56.770718, 0.0, 0.0, 0.0, -1
88.13901, 35.7957, 168.97765, 48.169395, 121.45253, 146.5465, 53.188236, 34.38603
5.4948206, -3.8477664, -38.75126, -57.400978, 0.0, 0.0, 0.0, 2
4.931038, 30.91595, 88.78674, 47.781693, 33.04844, 52.704193, 42.160175, 28.49089
4.3829756, 2.249909, -41.098534, -56.651558, 0.0, 0.0, 0.0, 2
4.9273396, 25.483404, 88.76526, 47.779682, 26.842041, 42.52594, 33.26298, 23.999897
2.0885348, 4.0566344, -42.33387, -53.60949, 0.0, 0.0, 0.0, 2
4.995699, 23.218681, 87.54594, 47.899204, 23.07887, 34.893074, 28.851168, 22.082382
0.41270542, 4.0015793, -44.110954, -51.887466, 0.0, 0.0, 0.0, -1
125.40852, 27.676044, 151.34836, 50.49326, 177.83658, 162.88086, 40.24998, 28.774149
2.9806504, 33.994312, 38.600994, 27.404696, 0.0, 0.0, 0.0, -1
111.787056, 31.841986, 170.23288, 54.241123, 165.43613, 178.98166, 46.418053, 32.84469
0.440456, 33.653553, 38.308796, 28.037655, 0.0, 0.0, 0.0, -1
80.68081, 32.12679, 157.91876, 54.58219, 133.74539, 147.10309, 46.817654, 33.220333
0.013743041, 0.0, 0.0, 0.0, -37.830025, -24.35321, -37.816765, 3
46.734066, 20.050571, 56.793427, 47.17379, 31.63916, 71.679596, 7.0150795, 3.8910656
0.4504423, -24.68008, -24.139435, -51.18048, 0.0, 0.0, 0.0, -1
4.9024773, 18.129198, 100.71198, 46.842243, 84.11408, 114.66712, 6.618307, 3.4871852
0.01600616, 0.0, 0.0, 0.0, -40.145615, -21.212978, 38.641407, 3
49.91513, 13.957325, 52.723816, 46.847473, 13.447601, 61.270386, 6.7034383, 3.4762108
0.0, 0.0, 0.0, 0.0, -26.642591, -6.6444488, 66.71296, 3
63.390854, 13.68814, 37.037598, 46.847473, 13.317169, 45.579712, 7.2907996, 3.4765952
5.3855414, -27.0695, 21.277893, 51.652603, 0.0, 0.0, 0.0, 0
156.24785, 24.746153, 68.5013, 41.42224, 148.50366, 149.56311, 21.758787, 19.127739
0.61465484, -12.845919, 42.75585, 44.39823, 0.0, 0.0, 0.0, -1
31.644049, 25.662638, 55.50665, 41.156174, 24.295925, 21.610285, 22.624708, 20.337757
3.5762787E-5, 0.0, 0.0, 0.0, 44.897118, -10.761438, -44.341446, -1
72.81091, 11.956868, 18.275177, 28.961203, 52.136414, 12.231415, 7.0160604, 4.449086
3.013154, -16.869421, -30.957096, -52.173485, 0.0, 0.0, 0.0, 2

SIGNAL KNOWLEDGE:
4.159195, 39.293686, 31.840042, 32.302696, 6.8245697, 31.430359, 5.8450527, 4.975836,implicit, 1
4.873474, 25.406225, 86.126175, 35.401997, 15.618713, 16.831207, 23.302988, 19.266232,implicit, 0
3.4980412, 19.848677, 77.13599, 45.34957, 24.940216, 17.984833, 16.563963, 19.887547,implicit, 0
4.95858, 12.788855, 108.70987, 37.07812, 104.77106, 72.07617, 4.4957876, 6.471241,implicit, 1
47.1775, 8.689814, 156.84248, 37.385517, 166.96913, 120.08205, 5.4985228, 6.1260056,implicit, 0
4.868229, 25.417253, 75.65463, 34.52556, 8.190296, 6.0211697, 22.400637, 23.734968,implicit, 0
4.9108047, 17.459364, 147.82074, 18.807905, 149.10846, 141.96423, 3.5478876, 5.240029,implicit, 1
21.777092, 10.841365, 159.15349, 19.484482, 97.81589, 127.69456, 2.3807173, 5.754177,implicit, 0
4.8865967, 29.999535, 30.802673, 22.445538, 0.9068451, 1.1617737, 28.604343, 27.381304,implicit, 0
6.6017, 28.150969, 31.182983, 22.445538, 1.4093018, 1.0022125, 28.050394, 26.833027,explicit:callForPass, 0
48.466797, 11.027294, 41.083008, 40.39078, 57.019424, 49.86078, 4.444822, 13.270833,implicit, 1
54.240723, 3.98916, 55.39633, 57.16344, 49.08603, 36.631195, 46.092377, 53.248573,implicit, 0
4.688904, 22.02088, 81.8208, 46.062767, 15.291824, 32.78421, 20.934088, 17.83368,implicit, 0
8.716217, 5.9098153, 144.38373, 29.328144, 142.11589, 75.93602, 4.874784, 4.006801,implicit, 1
4.909546, 25.41666, 61.003754, 27.10481, 7.76709, 4.717865, 22.677317, 23.66555,implicit, 0
114.74936, 4.273161, 73.66524, 6.67729, 99.797714, 169.96568, 2.4885998, 5.9788227,implicit, 1
51.1092, 4.893826, 131.67587, 10.597633, 121.10819, 141.44034, 3.223765, 4.158481,implicit, 1
0.5545349, 19.581715, 87.977844, 48.098843, 17.75772, 13.183243, 21.199734, 19.303171,implicit, 0
37.95789, 18.755848, 54.40802, 42.26653, 61.9635, 75.39177, 4.7394643, 9.61344,implicit, 1
123.0447, 3.1783736, 112.87483, 24.627249, 133.59853, 111.541855, 6.5613933, 3.5619075,implicit, 1
94.945145, 3.1778123, 140.97414, 24.626522, 173.39226, 152.83076, 4.1316566, 4.530873,implicit, 0
4.9926033, 25.456524, 64.89727, 25.430685, 14.829014, 16.16735, 22.467834, 23.943256,implicit, 0
6.6201477, 19.256664, 4.936371, 48.132965, 21.364853, 3.1019592, 25.495144, 23.234957,implicit, 1
4.961357, 24.933437, 73.73985, 33.181343, 6.4896727, 5.4897175, 22.04189, 23.580648,implicit, 0
4.9425774, 16.211624, 121.30917, 23.347202, 122.17987, 100.50546, 3.582846, 6.5319767,implicit, 1
4.970272, 23.338074, 88.85683, 46.095886, 29.236378, 16.92686, 21.356615, 21.908163,implicit, 0
53.616512, 9.520451, 100.79349, 37.46267, 105.70947, 75.947296, 4.814508, 6.4043202,implicit, 1
65.10793, 5.1173787, 143.34608, 39.104073, 83.990585, 148.61043, 2.9631853, 6.990131,implicit, 0
4.904995, 27.41017, 69.8562, 35.592655, 5.8113422, 4.483921, 23.525324, 25.220861,implicit, 0
72.862015, 4.7539067, 39.81732, 40.750458, 38.315582, 30.637299, 4.2362437, 6.402076,implicit, 1
75.33615, 7.6906896, 41.94478, 24.65445, 78.60133, 37.25966, 3.697337, 3.8357427,implicit, 1
4.748169, 25.429127, 55.557014, 25.464949, 4.7369003, 8.240746, 23.182976, 23.864876,implicit, 0
4.817932, 25.384148, 64.0495, 25.398907, 14.649017, 17.452423, 23.695211, 22.570368,implicit, 0
36.84108, 12.004585, 96.02367, 55.610413, 80.58046, 74.071945, 21.055857, 40.34245,implicit, 1
37.25296, 8.469547, 36.483215, 51.147266, 33.694855, 13.153809, 4.9287467, 25.078283,implicit, 1
83.01802, 4.85337, 16.179016, 49.34403, 12.729675, 2.0164185, 4.763153, 9.138313,implicit, 1
4.9504642, 25.225998, 77.284615, 40.93829, 6.638859, 5.2773795, 22.94078, 24.422478,implicit, 0
4.9128456, 22.855692, 78.88304, 31.960949, 23.760899, 17.539822, 21.476948, 21.225979,implicit, 0
18.952896, 6.6240606, 138.94814, 22.225153, 85.03664, 134.50795, 5.5063033, 3.1931837,implicit, 1
4.946991, 25.419674, 64.864685, 25.424818, 15.056931, 16.01587, 24.186338, 22.642076,implicit, 0
108.74738, 5.789242, 69.825775, 7.0595574, 19.536758, 167.70288, 4.0450993, 2.3481352,implicit, 1
113.590935, 3.1168976, 138.89275, 10.634111, 128.96797, 166.14848, 4.3034143, 4.9255877,implicit, 1
0.73685074, 20.801725, 84.695076, 47.68794, 21.871557, 13.081544, 19.754822, 20.895014,implicit, 0
51.130604, 8.610097, 106.17764, 38.636833, 110.83203, 84.756714, 4.827557, 6.8558097,implicit, 1
120.449554, 12.531075, 112.33865, 53.01357, 154.64275, 114.035645, 42.64172, 40.954197,implicit, 1
85.170166, 6.460811, 10.086029, 40.575718, 51.878098, 0.5399475, 4.482649, 4.6026855,implicit, 1
4.887726, 25.419249, 58.98529, 24.140423, 12.2517395, 15.247131, 24.204708, 23.200592,implicit, 0
4.9753113, 15.974649, 63.84198, 40.834625, 67.46765, 91.67613, 4.8138504, 6.141428,implicit, 1
4.8451886, 25.228548, 69.668495, 32.32894, 5.278726, 7.8820586, 23.19233, 21.967669,implicit, 0
7.250463, 22.523666, 71.02526, 32.32894, 4.1377797, 6.6091847, 22.79575, 21.460073,explicit:callForPass, 0
4.759054, 20.524416, 88.62178, 49.04567, 18.032393, 27.40544, 20.61364, 23.975906,implicit, 0
4.981737, 26.066187, 58.282097, 28.602808, 0.1840105, 5.0551405, 20.603106, 24.003414,implicit, 0
6.7421083, 21.089912, 63.568253, 28.602808, 7.005497, 10.901405, 20.432295, 22.56455,explicit:callForPass, 0
4.9489594, 22.185318, 76.600296, 36.19958, 8.502869, 6.8214874, 22.586716, 21.077568,implicit, 0
20.236725, 35.02061, 28.186737, 43.854958, 5.977997, 48.230347, 10.289104, 3.8323996,implicit, 1
0.9141846, 25.450207, 57.608215, 30.141678, 13.875397, 11.199036, 23.43269, 24.561834,explicit:callForPass, 0
9.417755, 8.286228, 0.18814087, 10.127506, 5.5550537, 17.519928, 3.8639345, 3.067981,implicit, 1
94.46036, 10.698705, 73.2117, 62.553604, 69.70261, 83.868195, 37.331474, 55.97016,implicit, 0
4.82312, 19.443909, 84.60988, 45.511295, 7.9522095, 15.802658, 20.627542, 22.23171,implicit, 0
77.59373, 13.221651, 49.39064, 35.26712, 45.08049, 95.998245, 4.665671, 4.774512,implicit, 1
10.410431, 13.221683, 116.57396, 35.26709, 115.95706, 132.81392, 5.036097, 4.1898665,implicit, 1
4.9225006, 16.675274, 84.167946, 33.743828, 24.03228, 21.574043, 21.138714, 18.639124,implicit, 0
4.8898163, 20.694818, 86.58196, 47.955452, 20.401726, 21.211153, 23.94652, 20.633211,implicit, 0
4.863846, 32.153416, 82.03341, 54.610615, 47.650627, 54.060966, 39.368843, 29.011084,implicit, 0
4.9650726, 25.661758, 82.18245, 41.15615, 2.385622, 7.7635994, 22.62168, 21.18083,implicit, 0
114.75029, 13.242075, 13.195129, 29.015968, 97.660355, 36.554443, 7.030659, 3.6025765,implicit, 1

SHOOT KNOWLEDGE:
44.263016, 14.843989, 6.7165833, 19.272945, 30.070953, 30.098267, 22.20982, 20.561014
73.24872, 13.271307, 6.7628174, 26.263647, 52.781708, 65.415924, 15.682172, 16.066877
133.25253, 5.1272855, 4.9369965, 15.908089, 106.308624, 95.6875, 3.9026384, 6.0007777
48.365334, 13.966081, 24.226177, 24.075068, 32.007645, 28.242844, 17.61586, 18.869717
50.9675, 12.546109, 20.782501, 23.637999, 45.01802, 35.929794, 17.515694, 17.754892
44.6464, 11.69449, 20.739166, 24.44236, 28.196634, 21.27664, 14.129704, 15.737804
51.443573, 13.868517, 16.381073, 22.392439, 43.647156, 34.769867, 17.372988, 17.178635
78.7322, 9.110712, 4.999298, 26.836208, 53.262886, 52.730713, 11.835165, 17.565062
65.7666, 12.817394, 4.942749, 27.401962, 42.72104, 58.703247, 14.880695, 16.364418

