POS KNOWLEDGE:
8.236908, 11.173436, 0.58218384, 64.83084, 23.992523, 16.976044, 63.823498, 54.423958
3.8085144, -35.97463, -33.337303, -30.688065, 0.0, 0.0, 0.0, 0
12.797745, 7.3938456, 0.5828247, 60.983353, 25.312836, 18.00058, 52.818604, 43.237747
3.7883198, -39.282875, -35.996094, -24.721033, 0.0, 0.0, 0.0, 0
22.36619, 5.1000156, 0.5817261, 57.223267, 33.14138, 35.945522, 42.11705, 27.891123
3.6689432, -40.602455, -36.16137, -23.236174, 0.0, 0.0, 0.0, 0
17.764221, 4.917267, 2.5425143, 53.416187, 17.630562, 22.311436, 31.34046, 21.386078
3.5363147, -43.6366, -38.038666, -18.324738, 0.0, 0.0, 0.0, 0
17.044922, 4.8299723, 0.5802002, 49.062675, 31.211044, 20.843903, 21.01285, 10.647328
3.2094932, -49.564358, -39.773647, -10.661987, 0.0, 0.0, 0.0, 0
66.3793, 5.2943034, 45.66812, 44.959984, 83.497696, 39.697266, 7.921958, 4.9935274
3.0027056, -69.942764, -14.398668, -15.658567, 0.0, 0.0, 0.0, 0
77.035126, 5.848563, 52.732666, 44.586475, 98.597885, 54.230225, 6.8222904, 4.722975
0.5156384, -82.56628, -10.136773, -7.296948, 0.0, 0.0, 0.0, -1
62.33568, 6.439718, 37.49164, 44.362053, 88.09367, 41.73552, 5.7738004, 4.66224
0.021110322, 0.0, 0.0, 0.0, -5.581303, -11.955491, -82.4632, 5
0.7880707, 10.407557, 12.80127, 44.33103, 1.5690308, 8.876526, 6.187373, 4.7011924
0.0011167942, 0.0, 0.0, 0.0, 62.61731, 30.412165, 6.97053, -1
5.2456665, 8.999197, 28.736542, 44.330463, 28.807846, 27.700195, 6.0881863, 4.5164833
1.8036089E-4, 0.0, 0.0, 0.0, 69.55709, 30.001513, -0.4413951, 5
2.5466936, 21.980602, 80.7268, 34.387333, 15.193653, 12.467117, 22.818096, 21.55339
4.0988116, -4.384142, -47.34326, -48.27259, 0.0, 0.0, 0.0, 2
1.3933868, 15.550406, 92.812805, 39.8121, 22.36383, 16.699692, 18.732286, 16.963999
2.662192, -13.146055, -45.182423, -41.671524, 0.0, 0.0, 0.0, 1
14.440018, 12.056268, 78.038895, 41.24206, 7.3245697, 1.5111847, 16.592968, 16.298256
2.8428118, -66.24446, -27.920008, -5.835532, 0.0, 0.0, 0.0, 0
109.3605, 6.533037, 14.072344, 36.108063, 111.89358, 61.699482, 7.4574733, 5.3725724
3.489581, -44.342953, 21.503778, 34.153267, 0.0, 0.0, 0.0, 0
177.70593, 16.183115, 57.451874, 27.041199, 43.606995, 83.74559, 1.7804571, 4.2874017
0.49015516, -27.172085, -19.082035, 53.745876, 0.0, 0.0, 0.0, -1
167.88605, 16.47096, 42.469177, 26.831356, 44.775803, 64.13667, 2.0724008, 4.3388157
0.00880426, 0.0, 0.0, 0.0, 32.13571, 13.157119, -54.707176, 5
163.54926, 20.040234, 165.18439, 52.16325, 171.71915, 166.548, 49.827652, 52.735275
0.6113928, 33.761925, 33.897095, 32.340984, 0.0, 0.0, 0.0, -1
130.05457, 19.131493, 133.95917, 53.1178, 140.3353, 135.29651, 47.85652, 53.69332
9.193305E-4, 0.0, 0.0, 0.0, -39.941322, -19.970879, -40.087795, 5
98.12605, 18.789915, 102.574295, 53.119495, 108.90166, 103.925766, 44.913425, 53.31007
0.2512391, -33.661373, -33.55353, -32.785095, 0.0, 0.0, 0.0, -1
82.381714, 18.789534, 86.83008, 53.119095, 93.13068, 88.17758, 43.43717, 51.839336
2.7151377, -33.71702, -33.60487, -32.678112, 0.0, 0.0, 0.0, 0
0.015686035, 16.991575, 4.9384155, 51.31503, 11.323822, 6.3106384, 32.80168, 41.12051
3.7766557, -33.93469, -33.79939, -32.265923, 0.0, 0.0, 0.0, 0
1.3813171, 13.245891, 4.9384766, 47.551525, 11.831512, 6.4133606, 21.729425, 30.01366
3.800897, -34.490913, -34.35483, -31.154255, 0.0, 0.0, 0.0, 0
4.6777344, 8.727994, 4.938568, 42.991486, 11.625824, 6.5443726, 8.826308, 16.544775
3.0033612, -69.886635, -24.789423, -5.323943, 0.0, 0.0, 0.0, 0
0.94955444, 7.1402574, 14.134186, 41.56407, 19.262604, 15.706909, 6.015643, 12.340577
1.6186188, -33.949734, -25.298912, -40.751354, 0.0, 0.0, 0.0, 2
15.247162, 4.608921, 48.972687, 40.561504, 61.91678, 63.029755, 4.740201, 9.377637
0.35381195, -35.207092, -18.14764, -46.645267, 0.0, 0.0, 0.0, -1
7.6275635, 4.01819, 33.64685, 40.39037, 46.0513, 55.128174, 4.69221, 8.249054
0.0068619065, 0.0, 0.0, 0.0, 64.883194, 30.441036, 4.675768, -1
28.491943, 3.4671862, 33.293945, 40.387016, 37.954468, 60.594025, 4.8519993, 6.1234164
0.38013208, -44.295868, -38.52443, -17.179703, 0.0, 0.0, 0.0, -1
17.053085, 14.989702, 75.78195, 36.092445, 0.8713703, 0.4365759, 19.224049, 17.38011
3.0584202, -75.72136, -11.524168, 12.754479, 0.0, 0.0, 0.0, 0
107.71144, 15.946303, 4.8858967, 30.804338, 79.74644, 63.85478, 10.49937, 5.0066195
3.4782176, -64.93472, 4.776112, 30.289162, 0.0, 0.0, 0.0, 0
119.1353, 17.763119, 4.910919, 26.993286, 91.289474, 56.576355, 6.123198, 2.2130966
1.695025, -28.91983, 29.014734, 42.065437, 0.0, 0.0, 0.0, 0
163.98808, 18.665136, 38.56021, 25.918991, 114.33699, 74.095184, 6.0862308, 2.4481618
0.49478796, -26.203424, 22.257713, 51.538868, 0.0, 0.0, 0.0, -1
137.72772, 18.38517, 16.21231, 25.520664, 72.86044, 41.406403, 7.273777, 3.1708302
0.0017215381, 0.0, 0.0, 0.0, 38.77342, 17.415512, -43.81107, 5
25.011444, 17.734678, 31.272522, 21.075249, 37.298798, 34.510986, 17.036589, 20.668873
3.7302547, -8.094523, -43.459347, -48.446133, 0.0, 0.0, 0.0, 2
123.86209, 22.828463, 140.4055, 52.95658, 140.67757, 140.33464, 52.213036, 47.531143
0.003458638, 0.0, 0.0, 0.0, -39.22766, -19.632715, -41.139626, 5
91.08777, 22.132715, 108.96362, 52.959404, 109.23532, 108.8934, 51.428764, 44.581436
0.002255738, 0.0, 0.0, 0.0, -40.00072, -19.999882, -39.999397, 3
74.841644, 22.133238, 92.71701, 52.959824, 92.7059, 92.647125, 50.108536, 43.1115
0.7385975, -34.077473, -34.077473, -31.845055, 0.0, 0.0, 0.0, -1
59.18283, 22.133999, 77.05765, 52.960243, 77.04657, 76.98813, 48.73844, 41.739548
2.2445943, -34.13804, -34.13799, -31.723972, 0.0, 0.0, 0.0, 0
12.034409, 22.136484, 29.907639, 52.96159, 29.896774, 29.83931, 44.13528, 37.136047
3.7479632, -34.201252, -34.201286, -31.597462, 0.0, 0.0, 0.0, 1
4.231079, 21.433136, 14.248047, 52.221226, 14.237305, 14.179138, 41.92515, 34.92399
3.815809, -35.11012, -35.101597, -29.788286, 0.0, 0.0, 0.0, 0
14.941895, 20.008919, 4.906494, 50.712868, 4.8954163, 4.835327, 37.475986, 30.467619
3.859575, -34.429707, -34.429714, -31.140577, 0.0, 0.0, 0.0, 1
15.69458, 19.308008, 4.9144897, 48.81264, 4.895172, 4.508375, 35.258465, 25.314068
3.8268454, -36.469677, -36.451256, -27.079062, 0.0, 0.0, 0.0, 0
55.28065, 13.0176115, 4.906555, 42.99686, 27.348309, 4.839325, 14.753869, 8.440386
3.3945885, -67.34282, -25.885195, 6.771992, 0.0, 0.0, 0.0, 0
87.37663, 11.122083, 40.784332, 41.27935, 54.65558, 44.803894, 10.179539, 4.7693787
3.4083545, -60.61326, -12.17762, 27.209127, 0.0, 0.0, 0.0, 0
123.5797, 10.66773, 56.730957, 40.504898, 88.54932, 69.25189, 7.8434196, 4.4676337
0.63384223, -42.467857, -2.8541586, 54.677986, 0.0, 0.0, 0.0, -1
116.64209, 10.223979, 32.356476, 40.02441, 74.62666, 47.28076, 6.2374, 4.4270134
0.0025094496, 0.0, 0.0, 0.0, 35.635475, 13.63154, -50.732986, 5
61.17386, 2.9599874, 61.587402, 22.775702, 163.2244, 89.666, 6.5153227, 3.1371346
2.850152, -43.145782, 53.427612, -3.4266024, 0.0, 0.0, 0.0, 0
24.079712, 2.3336258, 58.03099, 20.14735, 168.95683, 77.36534, 4.5528975, 3.0651438
0.3944092, -75.917564, -16.48833, 7.5941033, 0.0, 0.0, 0.0, -1
53.49501, 3.9339378, 3.8825073, 19.978863, 152.09029, 1.9204712, 1.8459756, 3.4308786
2.2516358, -71.58553, 26.577715, 1.8367466, 0.0, 0.0, 0.0, 0
18.2137, 4.9072423, 17.85176, 19.922638, 107.63655, 17.357635, 1.593015, 3.372332
3.0895553, -43.52787, 11.158186, -45.313946, 0.0, 0.0, 0.0, 2
15.764465, 4.6235766, 50.01645, 19.418936, 89.15732, 53.47174, 1.5879377, 2.988478
3.531071, -37.73321, 38.71789, -23.548895, 0.0, 0.0, 0.0, 0
49.18358, 2.2023466, 62.31404, 17.936197, 143.27856, 89.82559, 2.589788, 2.8971438
2.7043998, -55.842678, 31.034174, -13.123149, 0.0, 0.0, 0.0, 0
57.933983, 5.3662415, 17.54306, 13.100356, 119.380295, 69.518814, 2.1954598, 6.967575
3.2684011, -62.943394, 9.725502, -27.331104, 0.0, 0.0, 0.0, 0
50.92404, 7.0295086, 7.0441437, 8.575643, 100.752075, 62.12391, 3.2389083, 2.536659
3.0905662, -3.0406039, 49.749905, -47.209488, 0.0, 0.0, 0.0, 2
67.39397, 4.200101, 93.70892, 7.77128, 146.72571, 107.758026, 6.3975043, 3.7456205
3.0338643, 29.423359, 50.433952, 20.142687, 0.0, 0.0, 0.0, -1
129.09126, 5.679747, 123.94873, 10.045253, 138.49736, 156.73155, 10.105715, 4.207531
0.5652865, 30.622847, 41.41964, 27.957514, 0.0, 0.0, 0.0, -1
116.67351, 6.0373683, 110.32759, 10.367486, 117.642654, 139.32341, 9.9579, 4.4621925
0.01889304, 0.0, 0.0, 0.0, -37.470028, -23.716183, -38.81379, 5
4.8972626, 23.77859, 80.32309, 35.720806, 8.126053, 9.65152, 23.21212, 21.735899
4.321429, -13.97251, -43.295933, -42.731556, 0.0, 0.0, 0.0, 1
20.78366, 15.899179, 71.25343, 35.525303, 4.961136, 3.213974, 19.00939, 17.482735
3.2736332, -76.657906, -13.805647, 9.536445, 0.0, 0.0, 0.0, 0
112.23476, 17.172945, 4.838974, 28.421303, 82.68851, 59.61873, 8.391246, 3.7471318
2.6592438, -53.02962, 11.018788, 35.951595, 0.0, 0.0, 0.0, 0
147.28323, 14.713668, 7.1923065, 24.329596, 141.26532, 65.16719, 3.322423, 2.7018294
2.9667838, -29.994179, 33.020126, 36.9857, 0.0, 0.0, 0.0, 0
132.22514, 16.519373, 64.821106, 22.495804, 93.27854, 94.992355, 1.8208909, 3.011644
1.8127388, -39.070457, 14.804695, 46.12485, 0.0, 0.0, 0.0, 0
136.36908, 17.765444, 63.676453, 21.644724, 70.444336, 92.152695, 1.5894984, 2.935876
0.7556327, -60.727276, 8.882874, 30.38985, 0.0, 0.0, 0.0, -1
167.67503, 18.604528, 35.141098, 20.992004, 71.283905, 50.78952, 1.5919976, 2.9295006
1.7218292, -45.426144, 37.47725, 17.096607, 0.0, 0.0, 0.0, 0
147.90161, 9.154901, 25.320526, 19.766563, 101.21687, 36.11055, 4.341956, 3.1935027
0.65171206, -36.203693, -37.2063, 26.590014, 0.0, 0.0, 0.0, -1
152.25154, 3.699328, 13.0186, 19.02668, 66.29158, 15.880753, 4.3567863, 3.072228
0.009394905, 0.0, 0.0, 0.0, 29.911148, 14.839048, -55.249805, 5
40.098915, 16.37571, 98.21885, 22.608572, 52.265816, 46.914253, 17.43981, 18.270065
0.9214504, 49.20661, -19.18094, -31.61245, 0.0, 0.0, 0.0, -1
142.38443, 26.2176, 176.77771, 52.121532, 179.48318, 176.6795, 53.269287, 51.20761
0.6967716, 34.684517, 34.52932, 30.78616, 0.0, 0.0, 0.0, -1
108.06047, 26.583075, 145.37633, 53.090176, 148.26054, 145.27724, 53.525837, 49.338894
0.0062801098, 0.0, 0.0, 0.0, -39.926895, -19.962963, -40.110146, 5
75.80355, 26.529045, 113.8467, 53.099056, 116.71258, 113.748344, 50.49908, 46.308117
0.0023017924, 0.0, 0.0, 0.0, -41.446564, -20.722733, -37.8307, 3
59.54853, 26.529776, 97.59037, 53.09948, 100.446785, 97.49232, 49.031734, 44.838425
0.48468834, -36.069252, -36.049377, -27.881372, 0.0, 0.0, 0.0, -1
43.73767, 26.530409, 81.77878, 53.09996, 84.62445, 81.68112, 47.465187, 43.26907
2.004175, -36.21187, -36.189465, -27.598667, 0.0, 0.0, 0.0, 0
3.4551392, 26.532959, 34.58322, 53.10131, 37.397644, 34.48697, 43.056175, 38.8584
3.6676881, -35.68254, -35.46846, -28.848999, 0.0, 0.0, 0.0, 0
35.945953, 26.463291, 4.9134216, 51.105328, 7.8255615, 4.813324, 36.66874, 32.450867
3.790426, -37.344456, -36.8389, -25.81664, 0.0, 0.0, 0.0, 0
55.52174, 21.715698, 4.932322, 46.49383, 14.239661, 4.803711, 23.728281, 18.825262
3.7583795, -38.597218, -37.91019, -23.492592, 0.0, 0.0, 0.0, 0
52.444763, 19.417116, 4.9135437, 42.676083, 14.310669, 4.797455, 14.296704, 8.389556
2.6456075, -31.90065, -19.296757, -48.802593, 0.0, 0.0, 0.0, 2
9.899078, 17.91373, 52.165466, 40.855717, 82.21008, 57.710114, 9.007813, 5.0374746
2.1265888, -33.258045, -17.473114, -49.268845, 0.0, 0.0, 0.0, 2
4.874939, 16.368269, 59.36966, 40.082546, 106.12955, 72.02548, 6.7236395, 4.5994782
0.48480767, -32.7434, 2.7400992, -64.5165, 0.0, 0.0, 0.0, -1
142.93466, 23.56232, 173.91534, 52.161194, 178.78497, 157.6766, 26.481634, 19.351479
0.60707337, 35.54464, 34.01924, 30.43612, 0.0, 0.0, 0.0, -1
176.43839, 24.369646, 141.79663, 53.09343, 148.07309, 122.26293, 29.398577, 21.20508
0.0040868795, 0.0, 0.0, 0.0, -41.427162, -20.842054, -37.730785, 3
167.82027, 24.37161, 126.05846, 53.09566, 132.57506, 106.02846, 29.77221, 21.342085
0.0022788104, 0.0, 0.0, 0.0, -40.044918, -19.908716, -40.046368, 5
135.92432, 24.37243, 94.163635, 53.096508, 100.69159, 74.13443, 29.790678, 21.343616
0.6960897, -37.129597, -35.857056, -27.01335, 0.0, 0.0, 0.0, -1
120.17738, 24.372862, 78.41731, 53.096954, 84.945114, 58.388443, 29.791168, 21.344498
3.10335, -38.896988, -37.543903, -23.559109, 0.0, 0.0, 0.0, 0
53.185425, 21.750126, 4.908661, 49.39123, 12.021851, 13.572998, 20.436407, 8.763403
2.7156863, -38.99347, -37.10259, -23.903946, 0.0, 0.0, 0.0, 0
56.290497, 20.7774, 4.908966, 47.883537, 12.17337, 11.338165, 16.013483, 6.119025
2.5966907, -31.682337, -23.99684, -44.32082, 0.0, 0.0, 0.0, 2
4.932083, 20.676407, 83.94051, 37.233772, 3.4303274, 7.9368424, 21.139008, 19.9515
4.0382853, 3.2329428, -47.688667, -49.07839, 0.0, 0.0, 0.0, 2
0.6541691, 13.464968, 94.83035, 38.642746, 13.224163, 19.3096, 17.08066, 15.2929325
0.99868304, -19.443823, -43.93385, -36.622326, 0.0, 0.0, 0.0, -1
16.030329, 11.312367, 80.16665, 38.7728, 1.6639332, 4.777823, 16.434278, 14.674996
3.0117087, -75.72245, -5.2540946, 19.023457, 0.0, 0.0, 0.0, 0
119.74563, 6.115956, 8.490845, 30.651373, 65.37088, 56.176483, 6.723371, 2.7514803
0.48134953, -54.47529, -16.179644, 29.345068, 0.0, 0.0, 0.0, -1
107.03496, 6.390181, 24.221619, 30.222664, 43.897705, 32.78775, 5.6049924, 2.5135248
0.009632521, 0.0, 0.0, 0.0, 34.039, 22.044922, -43.916077, 5
4.988943, 22.380878, 82.36284, 30.16895, 79.78819, 88.73801, 4.674503, 5.001164
2.8443974E-4, 0.0, 0.0, 0.0, -58.23665, -40.22201, -1.5413473, 3
4.8717766, 25.889362, 77.551865, 44.886703, 5.0245085, 17.404987, 24.62014, 24.835384
4.325361, -3.3329978, -47.23565, -49.431355, 0.0, 0.0, 0.0, 2
3.18651, 16.418316, 83.938934, 44.67776, 10.834614, 22.469608, 19.569334, 19.91569
1.4751818, -33.5191, -38.568287, -27.912611, 0.0, 0.0, 0.0, 1
18.876024, 14.343622, 69.07667, 44.667225, 4.3565254, 8.122015, 18.892654, 18.727467
2.6181767, -71.55483, -26.771843, 1.6733192, 0.0, 0.0, 0.0, 0
111.486374, 11.797705, 4.9245806, 38.994793, 78.81543, 45.550568, 8.850013, 4.341261
3.2649794, -63.56256, -8.11315, 28.324287, 0.0, 0.0, 0.0, 0
120.46948, 12.960111, 4.911194, 36.736347, 73.05511, 36.99359, 6.556688, 2.7726238
0.52335536, -52.676453, -18.774086, 28.549465, 0.0, 0.0, 0.0, -1
123.146736, 13.959738, 5.2851257, 35.921864, 73.85329, 30.623657, 5.990693, 2.7769482
0.009662388, 0.0, 0.0, 0.0, 32.85298, 13.211599, -53.935413, 5
39.47991, 16.479168, 57.953033, 35.922153, 35.29309, 57.785736, 7.4783273, 4.9712706
4.7944923E-4, 0.0, 0.0, 0.0, 35.72614, 17.925108, -46.34875, 5
2.635685, 18.653866, 86.123085, 35.922462, 72.95023, 86.39866, 6.9450455, 5.0571494
9.688875E-5, 0.0, 0.0, 0.0, -68.621185, -26.971308, 4.407509, 3
5.0517273, 16.940426, 63.59131, 35.922523, 52.21225, 70.13684, 5.141623, 5.0159316
0.0013153615, 0.0, 0.0, 0.0, -66.950485, -32.75975, -0.2897672, 3
13.014938, 15.843109, 74.00876, 45.953197, 4.189987, 3.8917236, 16.66762, 19.248474
3.4715478, -7.07067, -47.31662, -45.61271, 0.0, 0.0, 0.0, 1
97.27716, 10.674063, 4.9969177, 43.560806, 56.454025, 77.909454, 6.4877625, 12.130797
3.554192, -67.825294, -2.103869, 30.070847, 0.0, 0.0, 0.0, 0
116.45552, 6.538816, 24.875698, 40.499153, 59.07482, 84.64052, 3.0402958, 7.065499
3.1167052, -31.607332, 25.878357, 42.514313, 0.0, 0.0, 0.0, 0
175.56203, 11.745309, 57.48001, 35.461494, 82.07625, 166.32239, 4.1862745, 7.531443
3.7810268, -24.751839, 29.323301, 45.92486, 0.0, 0.0, 0.0, 0
155.8767, 21.002792, 64.08061, 31.68003, 83.209366, 163.11472, 4.461121, 5.6803
3.5883083, -28.640669, 26.3301, 45.029232, 0.0, 0.0, 0.0, 0
158.95781, 34.641468, 64.93438, 22.996992, 78.07185, 156.63081, 4.052001, 4.237677
3.920456, -36.27252, 30.892267, 32.835213, 0.0, 0.0, 0.0, 0
118.509384, 38.16309, 4.837036, 10.13011, 161.78467, 91.225204, 3.56958, 3.5399916
7.6617045, -27.136765, 56.73517, -16.128063, 0.0, 0.0, 0.0, 0
117.37324, 37.8594, 4.837219, 9.575884, 179.36324, 87.67912, 3.4213233, 3.7709625
8.014252, -19.875101, 59.249283, -20.875618, 0.0, 0.0, 0.0, 2
23.056904, 24.195353, 122.24642, 6.8885574, 177.73892, 141.0549, 8.142773, 2.7953453
3.7665558, 27.015001, 49.75332, -23.23168, 0.0, 0.0, 0.0, 2
69.82417, 13.888553, 127.14283, 8.117197, 130.09158, 141.00446, 9.668739, 4.6110444
2.6737978, 50.426514, 15.309867, -34.263615, 0.0, 0.0, 0.0, 2
79.75607, 10.608134, 135.49759, 9.04097, 132.04834, 148.41321, 10.660096, 5.131124
1.643588, 47.011887, 49.976685, 3.0114305, 0.0, 0.0, 0.0, -1
93.94609, 7.962736, 144.47269, 10.078808, 139.89148, 154.34576, 11.2621355, 5.0324254
0.52256083, 43.288525, 44.81853, 11.892943, 0.0, 0.0, 0.0, -1
87.667625, 7.0055757, 161.96765, 10.417742, 156.24515, 170.19565, 10.991312, 4.796871
0.03286495, 0.0, 0.0, 0.0, -35.804882, -19.04858, -45.146538, 5
4.9084015, 18.36316, 85.77347, 42.339382, 9.11673, 14.211746, 18.479267, 20.504896
3.8151817, -5.4444213, -47.09118, -47.464405, 0.0, 0.0, 0.0, 2
4.8958435, 16.141058, 85.77347, 42.339382, 10.462738, 17.062057, 17.161674, 19.544369
4.0029807, -0.68732905, -49.676914, -49.635757, 0.0, 0.0, 0.0, 1
4.9096375, 11.628968, 89.74765, 42.32064, 13.408279, 20.224747, 13.898993, 16.44527
1.245494, -29.358976, -41.580036, -29.06099, 0.0, 0.0, 0.0, 1
20.766739, 10.927182, 75.02664, 42.34804, 1.4537354, 6.7152405, 13.223438, 14.871991
2.3443017, -69.58307, -20.22574, 10.191182, 0.0, 0.0, 0.0, 0
166.61368, 3.1272304, 15.8055725, 33.27419, 107.007286, 61.790028, 2.3846865, 3.975637
3.9225516, -39.11818, 25.996351, 34.885468, 0.0, 0.0, 0.0, 0
150.95685, 2.9872694, 4.977005, 27.009449, 80.51997, 60.944046, 3.9068215, 4.6139865
3.1506104, -52.86915, 12.58809, 34.54277, 0.0, 0.0, 0.0, 0
135.52629, 6.398648, 4.9462585, 22.386929, 113.43483, 78.164734, 2.4922812, 2.773049
2.6110153, -37.31021, 39.330925, 23.35886, 0.0, 0.0, 0.0, 0
83.22571, 4.1706247, 39.213547, 20.142382, 178.7189, 102.868286, 3.6094582, 1.8545991
1.6651431, -40.159008, 56.796543, 3.0444505, 0.0, 0.0, 0.0, 0
50.48703, 2.2544043, 51.97644, 19.373217, 159.44188, 107.93704, 3.7073157, 2.4266973
0.47559908, -32.25819, 46.777843, -20.963964, 0.0, 0.0, 0.0, -1
32.75705, 1.9435873, 21.776947, 19.143541, 173.20139, 53.78911, 3.6906781, 2.5774322
1.6535617, -54.256092, -12.320435, 33.423473, 0.0, 0.0, 0.0, 0
137.92842, 3.2180543, 57.8376, 18.11625, 169.76659, 75.81755, 4.0142813, 3.055696
0.6198504, -32.662792, 30.41569, 36.921516, 0.0, 0.0, 0.0, -1
166.8662, 2.5957217, 35.40042, 17.64403, 126.1133, 55.75392, 5.022282, 3.0395365
0.0015222238, 0.0, 0.0, 0.0, 29.36767, 11.883813, -58.74852, 5
3.036343, 21.58024, 47.987457, 22.27218, 4.978241, 1.3741455, 21.849249, 22.59071
4.2565436, -20.072098, -40.037697, -39.890205, 0.0, 0.0, 0.0, 1
2.7243347, 23.535374, 24.925995, 22.146614, 14.732941, 11.437927, 25.334236, 23.272388
3.7735062, -30.703741, -34.11646, -35.179802, 0.0, 0.0, 0.0, 2
0.45373535, 21.985785, 24.925995, 22.146614, 16.385986, 10.870605, 23.515594, 22.621454
23.493881, -23.624207, -35.396645, -40.97915, 0.0, 0.0, 0.0, 2
0.10028076, 21.636923, 24.925995, 22.146614, 16.19635, 10.101685, 21.802116, 22.000216
23.905293, -23.583221, -34.43094, -41.98584, 0.0, 0.0, 0.0, 2
0.67251587, 14.8595495, 29.722443, 19.224483, 19.70337, 12.346741, 16.426546, 18.570616
20.14362, -28.279924, -38.746086, -32.97399, 0.0, 0.0, 0.0, 1
175.15594, 9.306511, 153.37265, 11.93206, 152.07355, 178.16736, 11.77853, 7.679995
0.6172466, 33.814827, 33.392902, 32.79227, 0.0, 0.0, 0.0, -1
152.55235, 10.2552805, 123.596954, 12.835085, 169.54752, 145.5174, 9.801216, 8.190901
0.00683193, 0.0, 0.0, 0.0, -40.24127, -19.508568, -40.25016, 5
136.8591, 10.263326, 107.92374, 12.84289, 150.61613, 129.82889, 8.430897, 8.199079
0.0021135618, 0.0, 0.0, 0.0, -43.134617, -17.462492, -39.40289, 3
136.66068, 28.714096, 166.14374, 52.16248, 178.01968, 173.92831, 54.68903, 43.60242
0.4978883, 36.2734, 36.22312, 27.503479, 0.0, 0.0, 0.0, -1
168.37938, 29.463293, 134.80855, 53.103134, 150.27898, 142.38484, 52.690952, 41.62208
0.004057201, 0.0, 0.0, 0.0, -45.337547, -22.733212, -31.929243, 3
175.92596, 29.464827, 119.11755, 53.105366, 134.54123, 126.654724, 51.215218, 40.153286
0.0022526782, 0.0, 0.0, 0.0, -39.97488, -20.048513, -39.976604, 5
160.18723, 29.465134, 103.379425, 53.105797, 118.754425, 110.87421, 49.76031, 38.680912
0.6210586, -39.865955, -38.942905, -21.191135, 0.0, 0.0, 0.0, -1
128.71262, 29.465834, 71.90625, 53.10666, 87.17172, 79.31058, 46.84632, 35.740547
2.5075872, -40.19787, -39.273228, -20.528904, 0.0, 0.0, 0.0, 0
68.1243, 25.290712, 4.974884, 45.279846, 22.507935, 12.568268, 20.13928, 9.123437
2.4288015, -33.776684, -36.268963, -29.954353, 0.0, 0.0, 0.0, 1
61.402374, 24.452133, 1.5325012, 43.79772, 16.34903, 4.74942, 15.825913, 6.2532406
2.6955247, -29.482716, -27.744345, -42.772938, 0.0, 0.0, 0.0, 2
6.551758, 21.695223, 52.31424, 42.224865, 48.583862, 67.58844, 8.863661, 4.405164
1.8001055, -37.12658, -31.201279, -31.672144, 0.0, 0.0, 0.0, 0
32.92868, 20.103533, 28.674438, 41.02432, 36.79959, 48.999207, 7.1737065, 3.93874
0.44205707, -46.301292, -37.183876, 16.514832, 0.0, 0.0, 0.0, -1
6.217041, 19.75396, 57.324493, 40.26453, 61.19455, 70.31229, 6.2378306, 3.1077428
2.5678466E-5, 0.0, 0.0, 0.0, 75.20057, 19.752037, -5.047392, 5
4.6089783, 19.754383, 58.932312, 40.264507, 62.85141, 65.60028, 6.059052, 3.1354754
0.0, 0.0, 0.0, 0.0, 55.668087, 41.93417, 2.3977518, -1
0.99533176, 14.899762, 93.03469, 36.282524, 12.382269, 16.77572, 18.725183, 17.270315
1.2115353, -28.443586, -39.978546, -31.577864, 0.0, 0.0, 0.0, 1
16.553024, 12.730337, 78.37906, 36.384434, 49.16845, 0.5744934, 17.095995, 16.194878
3.204275, -78.34376, -8.466641, 13.1896, 0.0, 0.0, 0.0, 0
79.42781, 25.902258, 114.81033, 53.06839, 114.422485, 112.46625, 45.963295, 46.225872
0.0023458235, 0.0, 0.0, 0.0, -40.285366, -20.18593, -39.5287, 3
61.885406, 25.647068, 99.01309, 53.0687, 98.670044, 96.65164, 44.493534, 44.75732
0.44881305, -35.875256, -35.864582, -28.260162, 0.0, 0.0, 0.0, -1
45.35501, 25.539228, 83.29355, 53.069042, 82.99008, 80.901245, 43.02543, 43.287785
1.9497087, -36.146107, -36.134796, -27.71909, 0.0, 0.0, 0.0, 0
47.39383, 19.844845, 4.950775, 45.077457, 6.1002502, 0.02255249, 14.421241, 14.75845
3.2366767, -38.190838, -37.07216, -24.736998, 0.0, 0.0, 0.0, 0
50.994537, 18.963331, 4.9507446, 43.573185, 7.278015, 1.5058594, 10.016788, 10.352252
1.7459074, -46.65234, -44.551533, -8.796125, 0.0, 0.0, 0.0, 0
67.254715, 18.107286, 4.515503, 41.061596, 8.732025, 20.852661, 4.7497387, 6.0606585
0.0018586947, 0.0, 0.0, 0.0, 43.0739, 24.237442, -32.688656, 5
4.2131195, 18.106499, 58.524017, 41.0623, 57.9841, 53.72415, 4.600231, 6.1436324
9.4747345E-4, 0.0, 0.0, 0.0, 56.42199, 41.41623, 2.161779, -1
1.9345856, 17.166534, 72.97183, 35.20558, 11.131683, 2.5931091, 20.328772, 24.936575
2.8327851, -62.843357, -24.76215, -12.39449, 0.0, 0.0, 0.0, 0
106.63071, 11.394631, 4.914915, 29.549217, 68.33071, 74.91701, 5.961766, 11.550484
7.863898, -68.02708, 4.445581, 27.527348, 0.0, 0.0, 0.0, 0
144.95198, 11.152569, 8.196533, 24.430086, 46.541443, 144.39117, 2.0625095, 3.989339
2.7161307, -24.90768, 28.569626, 46.52269, 0.0, 0.0, 0.0, 0
179.71396, 11.634648, 58.69702, 22.919092, 76.683624, 110.187775, 3.005568, 2.25176
0.6050564, -32.92879, 4.8217964, 62.24941, 0.0, 0.0, 0.0, -1
143.89282, 10.4906225, 35.374573, 22.448385, 43.12857, 79.558846, 3.245227, 1.9059663
0.0014303204, 0.0, 0.0, 0.0, 22.815687, 7.8634286, -69.320885, 5
68.97424, 16.50887, 117.07605, 62.24744, 111.948975, 137.7873, 55.28002, 38.308872
4.165486, -32.355556, -27.997831, -39.646614, 0.0, 0.0, 0.0, 2
21.047943, 6.0635667, 10.598206, 51.150005, 18.709763, 5.4257507, 15.476743, 4.767473
3.5315185, -36.679623, -22.567484, -40.75289, 0.0, 0.0, 0.0, 2
60.53154, 10.246485, 57.57074, 48.89334, 85.73749, 77.26083, 8.272875, 3.651171
1.8720759, -46.308155, -16.423311, -37.26853, 0.0, 0.0, 0.0, 0
31.334076, 10.408576, 19.201782, 47.500145, 56.73613, 48.841354, 6.920715, 3.576661
0.54404396, -37.575012, -29.046648, -33.378338, 0.0, 0.0, 0.0, -1
4.744049, 9.757558, 8.761719, 46.80631, 27.7249, 16.7966, 6.31863, 3.2858222
0.01628863, 0.0, 0.0, 0.0, 94.16359, -5.548092, 0.2883173, 4
4.762375, 9.742466, 8.762344, 46.790905, 24.750961, 11.609924, 6.4411054, 3.4691505
0.0019156635, 0.0, 0.0, 0.0, 70.19266, 29.344963, 0.4623784, -1
4.7602844, 9.74209, 8.762894, 46.790623, 19.177414, 3.325653, 6.659848, 3.9040685
0.002085614, 0.0, 0.0, 0.0, 64.72889, 34.548603, -0.7225039, 5
5.0208893, 9.480909, 12.323883, 46.790333, 13.59848, 3.6854553, 6.5519576, 4.1464257
0.001256182, 0.0, 0.0, 0.0, 64.98726, 34.694653, 0.31808844, -1
4.2844696, 7.21599, 51.39099, 46.789375, 34.321106, 48.830566, 6.2066236, 4.702836
2.861023E-6, 0.0, 0.0, 0.0, 63.811016, 34.490486, 1.6984986, -1
1.0683632, 18.748943, 86.01577, 41.88556, 14.541742, 22.638, 18.214544, 17.86013
3.7624452, 7.8765144, -43.221092, -48.902393, 0.0, 0.0, 0.0, 2
0.01725769, 12.531119, 95.36814, 42.33614, 23.420902, 33.541298, 13.776135, 13.65677
0.9257709, -18.318052, -44.96651, -36.71544, 0.0, 0.0, 0.0, -1
15.376378, 11.87646, 80.527954, 42.46727, 7.806716, 19.642792, 12.833801, 13.153744
2.4394321, -67.592064, -21.754122, 10.653811, 0.0, 0.0, 0.0, 0
100.98152, 12.057653, 4.8588257, 40.452007, 72.26357, 44.074768, 6.735545, 6.0945435
3.3880665, -64.51729, -8.330456, 27.152248, 0.0, 0.0, 0.0, 0
110.87462, 12.876953, 4.8587036, 38.152225, 91.46564, 39.761566, 6.3761373, 3.7598565
2.0645623, -62.127026, -4.409053, 33.46392, 0.0, 0.0, 0.0, 0
3.1269379, 11.268521, 87.17885, 39.7015, 13.16478, 18.984818, 16.511044, 12.50525
1.3690662, -32.991066, -39.626446, -27.38248, 0.0, 0.0, 0.0, 1
19.13121, 10.571184, 72.383514, 39.67438, 3.9763794, 4.2881775, 15.244015, 11.847133
2.8388968, -75.829445, -14.348743, 9.821805, 0.0, 0.0, 0.0, 0
169.09883, 7.0280976, 13.577728, 32.867573, 134.02751, 57.438812, 6.0571938, 2.4138575
3.6186075, -26.100916, 37.581818, 36.317265, 0.0, 0.0, 0.0, 0
121.72278, 6.5341296, 55.95529, 29.415049, 82.02528, 83.94925, 1.8602438, 4.194748
1.5718093, -42.93039, 14.939247, 42.130363, 0.0, 0.0, 0.0, 0
117.20805, 6.4259152, 57.22995, 29.04057, 66.20355, 84.36255, 1.759601, 4.23141
0.49590582, -45.094147, -20.839016, 34.066833, 0.0, 0.0, 0.0, -1
142.67229, 6.403231, 29.509125, 28.63807, 47.94551, 46.51883, 2.4893334, 4.3942637
1.0523224E-4, 0.0, 0.0, 0.0, 41.21628, 17.532875, -41.250847, 5
95.67334, 6.398774, 76.353195, 28.63808, 49.426895, 75.24594, 5.7104745, 5.061809
6.001711E-5, 0.0, 0.0, 0.0, 39.748184, 20.503922, -39.747894, 5
172.92604, 9.098174, 166.13478, 54.604214, 154.75087, 162.2743, 52.757378, 39.48722
0.6247665, 35.503296, 32.32797, 32.168743, 0.0, 0.0, 0.0, -1
154.89708, 7.9690695, 134.9376, 55.56811, 173.30205, 162.88097, 52.089386, 40.6393
0.001977769, 0.0, 0.0, 0.0, -39.93991, -20.138538, -39.92155, 3
123.48006, 7.7390094, 103.460434, 55.569145, 141.60387, 130.89717, 49.153614, 40.697395
0.24860947, -37.67029, -31.2999, -31.029808, 0.0, 0.0, 0.0, -1
107.76515, 7.7398386, 87.744064, 55.569416, 125.7672, 115.15111, 47.689915, 40.40404
1.7966422, -38.11939, -31.707296, -30.173319, 0.0, 0.0, 0.0, 0
141.81152, 3.879197, 4.993988, 45.46608, 50.122894, 33.831757, 15.185583, 7.709655
2.8174367, -40.542217, -31.764782, 27.693, 0.0, 0.0, 0.0, 0
157.459, 5.7422495, 4.9939575, 43.202892, 49.9144, 25.71518, 9.579263, 4.597697
1.3886721, -36.64888, -40.900124, 22.450998, 0.0, 0.0, 0.0, 1
141.67032, 6.78054, 15.281891, 42.05541, 30.441498, 7.189575, 7.36681, 4.1530128
0.5563558, -35.89251, -50.932526, 13.174961, 0.0, 0.0, 0.0, -1
100.74683, 6.9645224, 63.462555, 41.628773, 23.635986, 67.18567, 6.6728578, 4.8092346
0.0020254222, 0.0, 0.0, 0.0, 40.002934, 19.9834, -40.013664, 5
17.42675, 20.990217, 86.321594, 26.558083, 29.355942, 33.35411, 19.57519, 20.353876
6.3512597, -1.6477915, -46.279057, -52.07315, 0.0, 0.0, 0.0, 2
32.259705, 16.414013, 103.53766, 27.933447, 49.794464, 54.43994, 16.286837, 17.367395
4.691172, -10.418951, -43.519257, -46.061794, 0.0, 0.0, 0.0, 2
17.87741, 15.830728, 89.16756, 28.110947, 36.051147, 41.035385, 15.725415, 16.650604
2.9442747, -26.59627, -40.293266, -33.110466, 0.0, 0.0, 0.0, 1
162.06297, 33.045464, 140.32277, 53.066257, 126.91185, 138.91768, 54.560894, 48.328453
0.004006589, 0.0, 0.0, 0.0, -40.048492, -20.016403, -39.935104, 3
131.02214, 32.74693, 108.843796, 53.07068, 95.50859, 107.449814, 51.599884, 45.295135
0.0022567061, 0.0, 0.0, 0.0, -40.00241, -19.992586, -40.00501, 5
115.243805, 32.747337, 93.06647, 53.071102, 79.772766, 91.678345, 50.13154, 43.824665
0.6936259, -34.44628, -33.981293, -31.572426, 0.0, 0.0, 0.0, -1
99.59599, 32.7478, 77.41969, 53.07155, 64.16991, 76.03783, 48.674213, 42.35463
2.2010756, -34.49164, -34.010315, -31.498047, 0.0, 0.0, 0.0, 0
34.23993, 25.27415, 4.964569, 44.79147, 10.450195, 3.4081116, 20.059978, 13.426732
3.0384994, -35.41939, -34.549896, -30.030712, 0.0, 0.0, 0.0, 0
17.010498, 22.388521, 16.49765, 41.412815, 32.029205, 19.595184, 10.521498, 5.739695
2.3624806, -31.676392, -12.766207, -55.557407, 0.0, 0.0, 0.0, 2
15.368835, 21.623611, 48.94696, 40.97341, 78.20767, 55.231262, 8.487058, 4.6571045
1.5730777, -33.821697, -6.54183, -59.636475, 0.0, 0.0, 0.0, 2
22.020416, 20.953161, 55.613068, 40.599068, 93.418106, 65.808044, 7.2928104, 4.5335712
0.4995882, -35.68548, -1.1856933, -63.128822, 0.0, 0.0, 0.0, -1
4.7479553, 20.18497, 38.503815, 40.18826, 59.51358, 42.283356, 6.0760717, 4.8057985
0.0018313212, 0.0, 0.0, 0.0, 71.40876, 25.108088, -3.4831579, 5
0.53637695, 19.583038, 38.504242, 40.188015, 56.605118, 42.287476, 6.1075997, 4.805475
0.0018590074, 0.0, 0.0, 0.0, 66.56757, 22.299183, 11.133239, -1
4.9944153, 18.462793, 41.165802, 40.187504, 54.728516, 44.045837, 6.0164757, 4.763651
0.0018546383, 0.0, 0.0, 0.0, 68.804474, 29.737314, -1.4582151, 5
4.8740845, 17.903282, 45.571655, 40.187244, 57.24118, 47.479034, 5.896545, 4.5258565
0.0018520218, 0.0, 0.0, 0.0, 65.251625, 33.637753, 1.1106277, -1
4.888214, 16.786613, 54.517365, 40.18676, 60.32071, 52.06482, 5.9932547, 4.5927744
0.0014436531, 0.0, 0.0, 0.0, 61.72174, 38.206963, -0.071299344, 5
4.492798, 15.632707, 64.83414, 40.186245, 67.30432, 64.50476, 6.067273, 4.4938765
5.2893156E-4, 0.0, 0.0, 0.0, 56.020897, 43.391808, 0.58729637, -1
14.343964, 9.165876, 157.06728, 9.597703, 128.3282, 40.134937, 3.0400379, 5.607605
1.1147504, 47.30197, -4.5734916, -48.124535, 0.0, 0.0, 0.0, 2
7.1847954, 6.9976783, 151.21689, 10.229896, 136.28568, 36.787605, 3.4965863, 5.019317
0.39301258, 50.835735, -0.52881235, -48.635456, 0.0, 0.0, 0.0, -1
23.509441, 4.818984, 120.77135, 10.578936, 115.3636, 29.93447, 3.6682482, 4.5724864
1.2207031E-4, 0.0, 0.0, 0.0, 20.557158, 58.80908, -20.633768, 5
5.672455, 19.89171, 80.79033, 45.29128, 22.974655, 19.617645, 24.89301, 20.28012
4.4626713, -14.807905, -43.155, -42.037094, 0.0, 0.0, 0.0, 1
0.117263794, 15.562802, 79.322235, 44.302624, 8.669296, 14.620834, 19.108992, 16.09523
2.615793, -62.376297, -25.965061, -11.658649, 0.0, 0.0, 0.0, 0
115.466995, 14.908281, 4.894699, 37.407665, 97.96721, 43.58304, 5.23364, 2.8893645
3.0258093, -25.67879, 29.884022, 44.437187, 0.0, 0.0, 0.0, 0
170.17366, 19.977821, 52.888824, 34.084427, 108.4783, 76.53819, 1.9278945, 4.1406126
0.34372485, -31.409206, 6.642792, 61.948, 0.0, 0.0, 0.0, -1
154.50543, 20.305681, 37.663742, 33.92322, 88.695656, 55.754257, 1.8173045, 4.2753406
0.0057567838, 0.0, 0.0, 0.0, 25.617546, 9.258418, -65.12404, 5
83.42143, 17.581182, 25.309341, 33.913803, 63.16591, 24.593338, 5.328013, 4.9720573
0.0019636007, 0.0, 0.0, 0.0, 36.434757, 18.211777, -45.353466, 5
4.9672546, 25.139284, 83.20589, 33.641304, 14.369354, 17.55095, 22.777895, 23.684029
3.9706235, -5.298593, -46.95644, -47.74497, 0.0, 0.0, 0.0, 2
1.6097107, 15.751794, 88.88223, 33.240417, 16.07785, 19.661804, 17.959446, 19.181479
1.305165, -30.368126, -39.067413, -30.56446, 0.0, 0.0, 0.0, 1
14.144882, 14.980679, 74.37192, 33.200733, 0.90008545, 4.577484, 17.279793, 18.513786
2.9647279, -78.67501, -19.651001, 1.6739858, 0.0, 0.0, 0.0, 0
101.27094, 14.015534, 4.912445, 26.192497, 58.28424, 72.44495, 3.5542216, 6.813331
1.5923425, -67.20106, -11.435221, 21.363722, 0.0, 0.0, 0.0, 0
103.55092, 14.252649, 4.91243, 25.411247, 58.20433, 69.94913, 3.0368025, 5.5725937
0.5183244, -61.867493, -19.648386, 18.48412, 0.0, 0.0, 0.0, -1
69.27321, 14.6755085, 31.44748, 24.600714, 15.51889, 38.32657, 2.3942878, 4.815113
0.0022714117, 0.0, 0.0, 0.0, 35.914356, 12.442824, -51.64282, 5
2.2219086, 14.300918, 86.380646, 24.599566, 86.81792, 32.397614, 3.5289917, 5.129824
9.931269E-4, 0.0, 0.0, 0.0, -86.59708, -11.11952, 2.2834024, 3
4.886734, 5.9747043, 47.15901, 24.5982, 53.38466, 40.764038, 3.176705, 4.534636
0.0, 0.0, 0.0, 0.0, 63.642033, 33.72754, -2.6304283, 5
4.88768, 5.974754, 47.15901, 24.5982, 51.064713, 41.471573, 3.0323403, 4.503073
2.8709399E-6, 0.0, 0.0, 0.0, 54.412575, 26.964602, 18.622822, -1
179.94012, 25.092108, 149.02142, 52.90985, 143.1352, 169.03867, 25.483484, 41.049194
0.60604805, 30.680326, 32.32261, 36.997066, 0.0, 0.0, 0.0, -1
164.4395, 25.696117, 133.67406, 53.404457, 125.89201, 153.4377, 26.316664, 40.16897
0.0011688229, 0.0, 0.0, 0.0, -39.93402, -20.132244, -39.93373, 3
133.0748, 25.697289, 102.30972, 53.405373, 92.40109, 121.84442, 26.705091, 37.236828
0.30370384, -35.55117, -34.263115, -30.185717, 0.0, 0.0, 0.0, -1
117.42427, 25.696836, 86.65901, 53.40499, 76.73259, 106.07301, 26.708057, 35.770447
2.4981894, -35.77649, -34.40896, -29.81455, 0.0, 0.0, 0.0, 0
39.964325, 24.795454, 7.9528503, 52.349865, 2.061615, 27.229828, 21.693464, 27.342888
3.7970607, -36.350952, -34.76692, -28.882137, 0.0, 0.0, 0.0, 0
48.1969, 10.281515, 4.9578857, 47.026592, 4.4039917, 25.575836, 7.396107, 12.123319
0.7848051, -51.543407, -43.382034, -5.0745544, 0.0, 0.0, 0.0, -1
35.435944, 5.3917365, 12.364349, 46.056686, 15.513763, 3.6524658, 5.213345, 9.152324
2.2025957, -43.31945, -24.935116, 31.745434, 0.0, 0.0, 0.0, 0
138.04515, 4.5709214, 55.723648, 45.202454, 64.94328, 69.8889, 4.601704, 8.198211
0.6377702, -51.57616, -48.38846, -0.03538902, 0.0, 0.0, 0.0, -1
109.61215, 4.8626385, 12.269714, 44.78854, 17.556366, 23.306305, 4.7333546, 7.8066206
1.3374552, -31.721684, -34.655025, -33.62329, 0.0, 0.0, 0.0, 1
93.93636, 4.8623223, 3.413147, 44.788273, 0.30563354, 5.140442, 4.8032637, 7.727598
1.3073453, -33.057125, -32.337658, -34.605217, 0.0, 0.0, 0.0, 2

NONPOS KNOWLEDGE:
5.083069, 6.7800436, 68.71399, 44.330425, 76.95151, 63.246002, 5.677374, 4.697923
0.7532235, 11.908926, 17.94291, -70.14816, 0.0, 0.0, 0.0, -1
29.18518, 4.3597674, 60.274475, 44.456017, 67.82135, 56.15535, 3.7474256, 5.507195
0.0068486454, 0.0, 0.0, 0.0, -16.67676, 0.17496198, 83.14828, 3
75.90553, 3.735149, 28.74379, 44.449974, 14.431, 17.343994, 3.089666, 5.3760777
6.267368, -23.162323, 26.847565, 49.990116, 0.0, 0.0, 0.0, 0
165.26337, 5.421315, 64.86722, 40.69791, 129.88759, 112.49432, 4.865806, 5.41813
9.120112, -11.471153, 43.674286, 44.854557, 0.0, 0.0, 0.0, 0
176.1987, 14.918667, 79.94986, 40.11487, 164.9116, 159.73889, 13.9551, 12.920084
7.7616115, -8.39533, 45.47171, 46.132957, 0.0, 0.0, 0.0, 0
170.61617, 18.552238, 99.48868, 35.757725, 173.57721, 171.19334, 17.328894, 15.894041
4.017835, 5.597696, 47.266003, 47.136303, 0.0, 0.0, 0.0, -1
159.87914, 24.758293, 112.613144, 39.88738, 172.54945, 169.19254, 23.133198, 22.265877
0.36870527, 5.0345507, 47.581116, 47.38434, 0.0, 0.0, 0.0, -1
97.07523, 25.388544, 176.39911, 39.955757, 109.10522, 105.849754, 23.740038, 22.870695
0.0017797044, 0.0, 0.0, 0.0, -38.43733, -20.534563, -41.02811, 5
57.99343, 17.121593, 67.49866, 26.23182, 92.459366, 68.31575, 4.99976, 5.08344
2.732073, 10.232489, 31.083702, -58.68381, 0.0, 0.0, 0.0, 2
1.2095566, 12.722646, 126.25429, 27.628923, 123.67502, 130.49814, 3.304203, 6.231372
6.67572E-6, 0.0, 0.0, 0.0, 21.656895, 15.805678, 62.537426, -1
14.373062, 12.208358, 141.91528, 27.62892, 113.1522, 135.8778, 2.782513, 5.2343802
0.0, 0.0, 0.0, 0.0, -13.566023, 14.738135, 71.69584, 3
49.160942, 11.313731, 173.33052, 27.62892, 96.12039, 150.08273, 3.8548145, 4.3800125
0.49745595, -7.231311, 39.916515, 52.852173, 0.0, 0.0, 0.0, -1
66.98537, 10.866523, 170.88676, 27.62892, 106.00863, 163.77316, 4.4331293, 4.3193555
6.0560856, -3.433615, 46.29733, 50.269054, 0.0, 0.0, 0.0, 0
157.0162, 11.406965, 94.34466, 27.39244, 177.7263, 164.04187, 9.780326, 10.755712
7.8866973, 8.822938, 45.636215, 45.540844, 0.0, 0.0, 0.0, -1
171.73401, 21.974316, 122.37802, 28.267262, 175.93709, 163.19843, 20.25494, 20.74116
3.2814312, 20.915741, 40.2556, 38.828663, 0.0, 0.0, 0.0, -1
157.37982, 24.607502, 130.31113, 29.114435, 168.27094, 172.703, 22.905346, 22.834358
0.5390435, 15.5143585, 42.214703, 42.27094, 0.0, 0.0, 0.0, -1
125.95497, 25.070646, 162.63991, 29.281225, 136.63446, 140.62112, 23.364758, 23.125603
0.07555965, 0.0, 0.0, 0.0, -32.191223, -22.748455, -45.060326, 5
94.454216, 25.145563, 165.71419, 29.308819, 104.88909, 108.712746, 23.467371, 23.146105
0.0013172319, 0.0, 0.0, 0.0, -39.93508, -20.13168, -39.93324, 3
31.419754, 25.145723, 102.67909, 29.309067, 41.150795, 45.05179, 23.291994, 23.192358
0.110677764, -29.008787, -37.289013, -33.702198, 0.0, 0.0, 0.0, -1
4.8996735, 25.145805, 76.158325, 29.309404, 14.511986, 18.430267, 23.096434, 23.24004
6.7964334, -28.646364, -38.603783, -32.74985, 0.0, 0.0, 0.0, 1
37.743492, 15.464684, 58.115005, 23.393063, 29.212883, 21.12194, 13.543057, 13.531549
9.1942425, -29.517551, -42.37042, -28.11203, 0.0, 0.0, 0.0, 1
56.57023, 11.792819, 70.54146, 20.56037, 47.032707, 36.64126, 8.841731, 8.685488
9.345203, -72.378525, -8.521088, 19.100386, 0.0, 0.0, 0.0, 0
78.173355, 10.000874, 80.57005, 19.354132, 74.11136, 61.513824, 6.6027923, 5.7562947
9.243778, 13.054638, 49.19115, 37.754215, 0.0, 0.0, 0.0, -1
130.46776, 14.00233, 136.07417, 19.891468, 144.24355, 149.3354, 14.034961, 12.655391
6.6922507, 26.16778, 37.708, 36.12422, 0.0, 0.0, 0.0, -1
151.01398, 24.342348, 140.09912, 26.647415, 160.01562, 163.26035, 22.857801, 21.894316
2.6814528, 27.314203, 36.801445, 35.884354, 0.0, 0.0, 0.0, -1
127.63559, 25.053736, 165.35583, 27.204172, 136.3822, 139.5122, 23.605804, 22.636723
0.31028923, 27.904955, 37.33802, 34.757027, 0.0, 0.0, 0.0, -1
96.3564, 25.339724, 162.63719, 27.430267, 105.04582, 108.1469, 23.93648, 22.969482
0.0016323949, 0.0, 0.0, 0.0, -39.99373, -20.011057, -39.995216, 5
33.57853, 25.339373, 99.85996, 27.430141, 42.231575, 45.364235, 23.900503, 22.948431
9.313973E-4, 0.0, 0.0, 0.0, -39.518036, -20.071556, -40.410404, 5
0.7760925, 14.980512, 78.15985, 26.755754, 12.37619, 17.518768, 18.977423, 17.936188
16.805431, -80.561905, 6.3385634, 13.099533, 0.0, 0.0, 0.0, 0
150.34657, 7.3456354, 32.91191, 5.6968474, 146.66635, 127.96939, 3.072565, 1.595999
8.966379, 25.78851, 44.038544, 30.172941, 0.0, 0.0, 0.0, -1
130.44199, 25.161684, 160.70212, 21.813145, 135.2703, 138.15695, 23.014465, 24.07622
0.47118616, 25.64869, 36.91603, 37.435284, 0.0, 0.0, 0.0, -1
99.189384, 25.40812, 129.12631, 22.060658, 104.364296, 106.62574, 23.105213, 24.371431
0.006539534, 0.0, 0.0, 0.0, -40.01828, -20.02764, -39.95408, 3
52.140106, 3.246794, 21.159027, 40.38604, 59.307022, 38.759476, 1.8986533, 6.106559
0.2840439, -20.917969, 23.830166, -55.25186, 0.0, 0.0, 0.0, -1
25.827301, 3.0298126, 52.81366, 40.060863, 91.75168, 66.48665, 2.3317878, 5.491626
0.013914652, 0.0, 0.0, 0.0, 70.14942, 23.833693, 6.016883, -1
9.912537, 3.0214767, 68.537476, 40.069885, 106.7832, 79.020935, 2.6821344, 5.346712
0.0015603132, 0.0, 0.0, 0.0, 47.515972, 13.066689, 39.417336, -1
30.657162, 3.0205836, 109.12387, 40.06895, 144.96005, 104.75012, 3.315648, 5.277966
9.660476E-4, 0.0, 0.0, 0.0, -30.979942, -38.00716, -31.01289, 4
46.500694, 3.0203173, 124.97155, 40.0687, 160.81616, 116.99996, 3.3155193, 5.365705
6.321012E-4, 0.0, 0.0, 0.0, -37.555534, -24.881979, -37.562485, 5
62.175518, 3.0200455, 140.6515, 40.06839, 176.5051, 129.21532, 3.3152864, 5.473568
5.663316E-4, 0.0, 0.0, 0.0, -44.698, -25.502813, -29.799181, 3
50.671844, 3.019818, 129.15067, 40.06822, 165.01196, 114.39816, 3.315129, 5.6005874
5.07032E-4, 0.0, 0.0, 0.0, -46.860477, -26.169086, -26.970438, 3
34.947807, 3.019818, 113.42663, 40.06822, 149.29077, 95.49459, 3.3150399, 5.7465415
5.07032E-4, 0.0, 0.0, 0.0, -54.218777, -29.869465, 15.911755, 3
3.4468994, 3.019818, 81.92572, 40.06822, 117.79573, 59.960938, 3.3148184, 5.970753
2.3611813E-4, 0.0, 0.0, 0.0, -36.2338, -8.040518, 55.72568, 3
37.24774, 3.0590026, 51.823914, 40.067787, 64.21965, 28.271393, 5.700388, 5.918249
0.0, 0.0, 0.0, 0.0, -17.52732, 9.535487, 72.93719, 3
59.39067, 3.0957742, 36.084656, 40.067787, 37.50882, 7.9712524, 6.4983773, 5.6996846
4.8147483, -32.031555, 12.494138, 55.474304, 0.0, 0.0, 0.0, 0
175.47115, 22.469992, 88.55887, 35.591305, 163.76428, 162.91016, 21.498455, 19.935501
2.0083184, 5.530001, 47.14411, 47.325886, 0.0, 0.0, 0.0, -1
148.47041, 25.10346, 65.81018, 35.849686, 137.93416, 137.60753, 24.09647, 22.510897
0.2281436, -2.7517385, 48.058556, 49.1897, 0.0, 0.0, 0.0, -1
116.90074, 25.42364, 34.751434, 35.893932, 106.65109, 105.83893, 24.409363, 22.851147
0.0025740585, 0.0, 0.0, 0.0, 30.400995, -21.163946, -48.43506, 5
52.572777, 25.4271, 29.571625, 35.894123, 42.23069, 41.80751, 24.41291, 22.83279
0.0019429832, 0.0, 0.0, 0.0, 43.622158, -14.069597, -42.308243, -1
5.81102, 14.268902, 116.84767, 25.85061, 110.17738, 125.617905, 6.5069966, 5.5071836
7.1418858, -44.41723, 19.106222, -36.476547, 0.0, 0.0, 0.0, 0
4.841797, 22.010056, 1.3302002, 23.506824, 2.0845032, 1.4764099, 14.946255, 22.997398
4.2574387, -33.697765, -30.857197, -35.44504, 0.0, 0.0, 0.0, 2
57.83905, 9.047528, 46.301453, 40.021683, 16.354004, 42.675964, 6.1171536, 4.8229237
1.6840993, -6.4062, 11.167648, -82.426155, 0.0, 0.0, 0.0, 2
10.764679, 9.0474205, 93.36864, 40.02162, 70.90628, 89.72279, 6.066322, 4.8241186
1.6534605, 14.220716, 18.450764, -67.32852, 0.0, 0.0, 0.0, 2
0.045776367, 5.9351654, 106.15491, 40.59232, 101.88275, 117.48883, 6.3682127, 5.50907
0.6761418, 0.69132614, 17.880821, -81.42786, 0.0, 0.0, 0.0, -1
52.332428, 4.630824, 60.226074, 40.896713, 54.60547, 76.906525, 5.9307756, 3.271675
4.435693, -45.462875, -4.0576735, 50.479454, 0.0, 0.0, 0.0, 0
169.98381, 15.46414, 88.17946, 36.248486, 169.12762, 173.89702, 14.354302, 13.246541
6.2922516, 2.504106, 49.1831, 48.31279, 0.0, 0.0, 0.0, -1
170.20256, 21.78493, 105.07713, 36.732002, 174.44331, 178.3309, 21.05582, 20.074886
1.1620674, 8.703676, 45.82713, 45.469196, 0.0, 0.0, 0.0, -1
145.8626, 22.56321, 130.77612, 36.876114, 160.45517, 157.06963, 21.597, 20.611826
0.38196814, 8.944036, 45.68216, 45.373806, 0.0, 0.0, 0.0, -1
114.588684, 22.91987, 162.6624, 36.946056, 128.84506, 125.80008, 21.899559, 20.780493
0.025080107, 0.0, 0.0, 0.0, -31.297783, -22.964811, -45.737408, 5
83.104805, 22.943686, 165.81427, 36.950405, 97.24436, 94.20394, 21.896877, 20.775055
0.0022449302, 0.0, 0.0, 0.0, -39.954464, -20.092482, -39.95306, 3
51.687004, 22.944447, 134.39587, 36.950275, 65.78413, 62.738503, 21.844683, 20.720383
0.002201555, 0.0, 0.0, 0.0, -39.119312, -19.93625, -40.94444, 5
42.674713, 5.2827306, 26.645538, 57.310654, 25.184296, 45.613037, 49.272182, 48.21734
9.213878, -34.790718, -22.770527, 42.43875, 0.0, 0.0, 0.0, 0
145.70462, 9.007557, 54.51004, 53.126213, 55.691284, 76.96513, 39.22367, 40.56818
7.8573804, -31.305933, -13.454602, 55.239464, 0.0, 0.0, 0.0, 0
159.80994, 17.468758, 63.77469, 49.07822, 75.04187, 94.86209, 29.202475, 33.655544
3.6294723, -17.355076, 18.46049, 64.18443, 0.0, 0.0, 0.0, 0
131.33835, 23.11034, 48.616837, 46.85725, 85.75252, 95.99686, 23.2058, 28.186821
0.3688317, -12.92509, 30.502739, 56.57217, 0.0, 0.0, 0.0, -1
98.786575, 23.230972, 17.564117, 46.78271, 58.48526, 67.33893, 22.861128, 27.400034
0.0058267014, 0.0, 0.0, 0.0, 39.987526, -6.848861, -53.163612, 5
0.47808838, 22.347076, 72.262375, 46.77905, 16.008942, 13.591202, 21.860483, 23.72019
0.0, 0.0, 0.0, 0.0, -53.820656, 1.1663209, 45.01302, 3
7.7745056, 20.831997, 61.630722, 46.77905, 4.6419983, 5.6197205, 21.168972, 22.718489
5.0741243, -63.101746, 10.313961, 26.584295, 0.0, 0.0, 0.0, 0
84.29349, 18.984074, 17.939438, 45.68357, 73.62021, 72.21387, 19.820261, 22.24496
5.8782973, -28.390518, 25.401718, 46.207767, 0.0, 0.0, 0.0, 0
116.82916, 21.305681, 38.958145, 40.064106, 105.30138, 102.09888, 21.016125, 22.953371
4.2147093, -34.028515, 28.775648, 37.19584, 0.0, 0.0, 0.0, 0
125.53685, 23.819393, 43.50853, 37.125412, 114.39372, 111.1535, 22.302902, 23.469503
1.7250838, -35.233612, 27.92976, 36.836624, 0.0, 0.0, 0.0, 0
107.89929, 24.974049, 24.919647, 36.00705, 97.844635, 94.26692, 23.1447, 23.766052
0.45376977, -34.119396, 28.818151, 37.06245, 0.0, 0.0, 0.0, -1
77.085556, 25.259748, 6.059967, 35.747448, 67.37387, 63.57271, 23.332308, 23.653444
0.021238117, 0.0, 0.0, 0.0, 43.004944, -14.344751, -42.65031, -1
14.339325, 25.290112, 68.821304, 35.720814, 4.7451324, 0.8547821, 23.358416, 23.18103
1.4627325E-5, 0.0, 0.0, 0.0, 44.629814, 17.28634, -38.083843, 5
77.55716, 2.8524077, 37.564255, 19.006268, 5.6266785, 40.53978, 5.32374, 3.1283548
0.0010854375, 0.0, 0.0, 0.0, 37.793472, 17.152256, -45.054276, 5
31.572113, 3.0286112, 69.07306, 19.005556, 58.424957, 72.05206, 5.346419, 3.1276577
3.4226803E-4, 0.0, 0.0, 0.0, -38.660988, -17.21552, 44.123493, 3
57.278015, 3.028149, 43.34706, 19.005005, 14.472961, 34.958603, 4.7916074, 3.8912446
0.0010425299, 0.0, 0.0, 0.0, -16.370579, 16.898659, 66.73076, 3
73.01279, 3.028001, 27.60759, 19.005005, 5.3802185, 16.442871, 4.795671, 4.061094
4.581556, -31.884933, 19.92998, 48.18509, 0.0, 0.0, 0.0, 0
155.73273, 4.604589, 55.503586, 18.443077, 116.210144, 97.839325, 4.7575293, 5.0193186
9.268959, -4.4340725, 46.044453, 49.52148, 0.0, 0.0, 0.0, 0
171.09529, 8.828409, 78.653305, 17.57856, 150.42827, 138.09035, 7.360381, 8.787775
9.025894, 12.880105, 40.378563, 46.741333, 0.0, 0.0, 0.0, -1
172.58716, 19.6411, 119.640236, 20.002964, 167.23679, 162.4361, 18.852335, 19.749214
4.383509, 24.748383, 37.245575, 38.006042, 0.0, 0.0, 0.0, -1
120.62732, 24.368223, 72.90521, 22.569805, 115.40842, 111.6532, 22.391064, 22.963144
0.017910942, 0.0, 0.0, 0.0, -6.521225, -29.992903, -63.485874, 5
26.387604, 24.367237, 21.334808, 22.568367, 20.234161, 18.463074, 21.958942, 23.380613
0.0022682617, 0.0, 0.0, 0.0, 42.796978, -15.42459, -41.778435, -1
5.803009, 10.533279, 79.01251, 43.914616, 94.23596, 98.7957, 6.7066145, 3.43293
9.258075E-4, 0.0, 0.0, 0.0, -47.18803, -26.297543, 26.51442, 3
37.505524, 9.936476, 46.956207, 43.913437, 46.105957, 62.363495, 6.3566194, 3.8173673
0.24708064, -27.771929, -32.299717, 39.928356, 0.0, 0.0, 0.0, -1
53.476746, 9.936163, 30.987396, 43.913055, 16.115509, 25.719269, 6.477649, 3.7344546
4.077654, -28.05154, 20.893751, 51.05471, 0.0, 0.0, 0.0, 0
134.05273, 10.135178, 32.289917, 43.7854, 103.92361, 102.90314, 8.3338995, 4.160491
8.583214, -16.80437, 39.150517, 44.04511, 0.0, 0.0, 0.0, 0
164.97382, 20.21169, 75.70226, 38.6142, 152.11691, 158.52777, 18.576395, 16.632578
4.656639, -8.177386, 45.24307, 46.579548, 0.0, 0.0, 0.0, 0
164.51575, 22.909096, 74.06421, 38.509457, 150.09622, 154.6575, 21.20416, 18.53286
2.7086916, -3.4442532, 47.607464, 48.948284, 0.0, 0.0, 0.0, 0
159.95888, 23.750395, 70.2384, 38.348053, 147.92926, 148.23213, 22.158718, 19.758041
0.79085046, -7.6679697, 45.174538, 47.15749, 0.0, 0.0, 0.0, -1
128.78967, 24.076378, 39.725647, 38.24965, 117.82577, 117.07838, 22.564352, 20.638485
0.1767277, -7.3056912, 45.417274, 47.27703, 0.0, 0.0, 0.0, -1
97.498055, 23.694096, 8.624786, 38.223103, 86.96005, 85.4465, 22.600164, 21.117094
0.0, 0.0, 0.0, 0.0, 39.3316, -17.16227, -43.506134, 5
34.677803, 22.462885, 54.195892, 38.223103, 25.165594, 22.015469, 22.05145, 20.969606
0.0, 0.0, 0.0, 0.0, 44.874958, -10.247027, -44.878014, 5
10.794434, 4.5882306, 5.494751, 57.32098, 1.4235535, 12.908997, 28.554476, 44.39917
8.982769, -35.78043, -27.834278, 36.385292, 0.0, 0.0, 0.0, 0
147.40749, 7.7938933, 55.22258, 52.157566, 68.98549, 66.308945, 15.026208, 41.698303
8.05353, -26.767689, 10.823228, 62.409084, 0.0, 0.0, 0.0, 0
155.7432, 18.980707, 64.4444, 46.644203, 138.7297, 83.73538, 17.239655, 34.61373
4.0873795, -16.04217, 29.10829, 54.84954, 0.0, 0.0, 0.0, 0
156.23738, 23.554714, 69.18851, 45.404144, 145.86005, 97.16028, 21.391449, 30.336159
1.613234, -13.709593, 32.97693, 53.313477, 0.0, 0.0, 0.0, 0
131.71034, 25.901333, 47.815475, 44.964874, 123.10065, 81.46486, 23.389706, 28.915417
0.3540661, -12.417813, 35.025845, 52.556343, 0.0, 0.0, 0.0, -1
99.303925, 26.53658, 16.557373, 44.885925, 91.17611, 52.93289, 23.918884, 28.275503
0.0034985612, 0.0, 0.0, 0.0, 45.973007, 1.0633116, -52.96368, 5
15.997009, 5.302131, 8.498413, 57.32402, 8.388031, 33.163574, 37.18795, 28.816648
8.981734, -36.761597, -23.743784, 39.494625, 0.0, 0.0, 0.0, 0
148.81593, 8.309452, 55.600616, 51.99534, 39.967926, 95.50412, 30.130646, 19.65493
8.865104, -28.64585, -0.14461997, 71.209526, 0.0, 0.0, 0.0, 0
146.37892, 23.027193, 58.92331, 46.047237, 102.721085, 134.37059, 17.182367, 22.141499
0.5328735, -9.434041, 39.234394, 51.331566, 0.0, 0.0, 0.0, -1
115.2189, 22.890043, 28.074234, 45.96472, 77.321945, 103.31482, 17.659492, 22.222382
0.033476092, 0.0, 0.0, 0.0, 33.56517, -19.60593, -46.828896, 5
52.40921, 21.76422, 34.67865, 45.953197, 23.825165, 40.17122, 18.317959, 21.606594
0.0, 0.0, 0.0, 0.0, 43.01683, -13.949717, -43.033455, 5
21.01361, 21.171642, 66.06702, 45.953197, 5.4855194, 8.563904, 18.613451, 21.270416
0.0, 0.0, 0.0, 0.0, 48.666298, 2.6183736, -48.71533, 5
4.9276886, 18.159607, 82.13675, 45.953197, 12.317123, 10.293091, 18.028374, 20.06867
0.0, 0.0, 0.0, 0.0, -47.273323, 5.668003, 47.058678, 3
65.9402, 6.0285573, 166.37233, 10.467211, 171.38057, 165.41212, 8.796193, 3.6111906
0.7973046, 7.6016655, 14.725743, -77.67259, 0.0, 0.0, 0.0, -1
50.80754, 5.978671, 150.64546, 10.467211, 160.78468, 151.38158, 8.098606, 3.4195478
1.089316, 7.647124, 26.99978, -65.353096, 0.0, 0.0, 0.0, 2
19.978344, 4.512564, 124.35463, 10.529769, 154.77016, 147.19435, 5.3352222, 2.4960513
3.1184173, 42.039963, 33.867596, 24.092438, 0.0, 0.0, 0.0, -1
114.850655, 4.96837, 160.17389, 11.791425, 130.31711, 179.47464, 3.7943273, 3.7856774
4.956784, 12.480669, 29.63608, 57.88325, 0.0, 0.0, 0.0, -1
156.7384, 22.65118, 127.78653, 20.470901, 148.06363, 149.20717, 20.873005, 22.397593
2.9480104, 22.170603, 38.197372, 39.63203, 0.0, 0.0, 0.0, -1
137.69156, 24.288952, 110.80484, 21.672968, 129.45042, 130.73975, 22.445185, 23.944622
0.43466046, 22.327368, 37.94437, 39.728264, 0.0, 0.0, 0.0, -1
74.95719, 24.668772, 48.51889, 21.958208, 66.877846, 68.13272, 22.804775, 24.310207
0.0044129044, 0.0, 0.0, 0.0, 3.137872, -31.637514, -65.22462, 5
43.47022, 24.668558, 17.031677, 21.958029, 35.540977, 36.56021, 22.782576, 24.318287
9.331673E-4, 0.0, 0.0, 0.0, 7.321045, -28.25851, -64.42044, 5
3.0026317, 26.688623, 21.466305, 21.95717, 9.704922, 8.206234, 24.124754, 25.556831
5.538345, -36.212276, -33.110706, -30.677021, 0.0, 0.0, 0.0, 0
25.28837, 25.297617, 8.318665, 19.079388, 19.207092, 20.680645, 21.790152, 23.27472
9.208311, -37.558792, -32.638485, -29.802721, 0.0, 0.0, 0.0, 0
44.14799, 17.672981, 31.020252, 10.493953, 39.6193, 40.64528, 13.925842, 15.497925
9.3475065, -34.255825, -33.83675, -31.90743, 0.0, 0.0, 0.0, 0
52.340622, 16.456625, 42.138485, 9.113861, 49.643776, 49.605247, 12.634198, 14.2246895
9.34001, 14.370751, -32.164898, -53.46435, 0.0, 0.0, 0.0, 2
66.39228, 13.119048, 79.99155, 6.722545, 74.55832, 68.957344, 9.770969, 11.183735
6.842535, 48.823524, 32.42946, 18.747013, 0.0, 0.0, 0.0, -1
56.953003, 31.221498, 134.10838, 52.304897, 125.03258, 116.01973, 14.733348, 39.15673
2.0809455, 37.456406, 29.863205, -32.68039, 0.0, 0.0, 0.0, 2
26.898361, 29.921394, 103.27191, 54.027557, 108.51489, 86.15822, 15.384114, 42.660126
0.36336476, 36.992302, 32.04963, -30.958069, 0.0, 0.0, 0.0, -1
4.9019775, 29.383396, 78.774994, 54.270115, 63.279587, 53.57611, 15.332295, 37.25238
0.0, 0.0, 0.0, 0.0, -53.088863, -41.850513, 5.0606294, 3
4.967453, 29.090677, 76.57663, 54.270115, 50.741714, 47.78386, 16.134417, 35.453075
0.12499977, -42.875546, -39.948864, -17.175589, 0.0, 0.0, 0.0, -1
4.9122314, 28.962227, 75.37776, 54.270115, 44.911575, 44.64618, 16.768034, 34.587666
5.526558, -47.18827, -36.284603, -16.52712, 0.0, 0.0, 0.0, 0
48.66951, 26.756855, 22.887909, 50.45408, 33.469696, 27.11264, 20.563335, 27.337795
5.139946, -57.349415, -29.272491, -13.378098, 0.0, 0.0, 0.0, 0
57.200027, 25.022818, 23.263565, 46.373177, 44.82492, 39.15712, 20.877178, 24.251526
2.6620622, -66.38983, -24.700935, -8.909237, 0.0, 0.0, 0.0, 0
45.871704, 21.987688, 43.61252, 42.7861, 33.5083, 30.09459, 20.40018, 22.256224
0.4484562, -70.797806, -23.168865, -6.033327, 0.0, 0.0, 0.0, -1
15.454071, 21.356834, 75.14171, 42.38292, 2.9692993, 0.6354828, 20.157478, 21.843214
0.04370966, 0.0, 0.0, 0.0, 38.01733, 24.273182, -37.709488, 5
106.08582, 4.1103644, 53.238663, 17.642519, 90.39073, 58.43245, 5.7696447, 3.3292327
4.223736, 37.906345, 46.261707, -15.831944, 0.0, 0.0, 0.0, 2
57.029526, 4.128511, 138.28014, 18.762463, 145.40685, 147.12233, 6.2969513, 2.768907
2.349267, 43.993996, 46.932274, 9.073732, 0.0, 0.0, 0.0, -1
149.736, 5.3260674, 169.8092, 21.895224, 170.55338, 164.72537, 8.502151, 6.0113015
0.28486204, 41.82869, 42.60757, 15.563747, 0.0, 0.0, 0.0, -1
167.0646, 5.797097, 153.68484, 22.151424, 158.81248, 159.60152, 8.549487, 5.704324
6.8399515, -33.266678, 17.357481, 49.37584, 0.0, 0.0, 0.0, 0
157.36761, 23.229414, 111.60626, 21.311428, 148.3328, 151.70457, 22.137732, 21.183115
1.8519773, 20.864735, 38.939526, 40.19574, 0.0, 0.0, 0.0, -1
15.486053, 25.432333, 26.58989, 22.425371, 7.1999664, 10.467514, 24.130264, 23.287962
3.6239624E-5, 0.0, 0.0, 0.0, 40.24476, -19.515398, -40.239845, -1
4.8656616, 25.431324, 37.212296, 22.425333, 3.4151917, 0.044647217, 24.10536, 23.358673
5.4954786, -33.351524, -34.780888, -31.867588, 0.0, 0.0, 0.0, 1
24.000809, 20.331442, 26.927689, 20.792868, 8.439804, 13.14476, 21.106546, 20.447914
9.3315525, -32.248276, -37.51069, -30.241034, 0.0, 0.0, 0.0, 1
47.713448, 11.87386, 38.282684, 14.278674, 14.251038, 25.939453, 12.454626, 12.150529
8.132125, -40.727455, -54.744564, -4.5279775, 0.0, 0.0, 0.0, 1
88.96094, 7.1357784, 56.04042, 10.736396, 23.747818, 50.264374, 6.1024084, 6.584908
8.042336, -21.215893, -28.638151, 50.145958, 0.0, 0.0, 0.0, 1
121.28122, 6.374941, 47.789185, 10.133636, 47.378967, 78.54045, 4.295375, 5.337689
8.490623, 5.4152136, 21.315777, 73.26901, 0.0, 0.0, 0.0, -1
141.4112, 6.7040668, 45.7558, 9.14123, 82.041985, 102.841064, 3.2896075, 5.14579
8.921297, 26.572323, 36.700863, 36.72681, 0.0, 0.0, 0.0, -1
159.65573, 24.583897, 161.6601, 20.8526, 170.69635, 165.70041, 21.811932, 22.30551
2.0138576, 33.899197, 33.18316, 32.917645, 0.0, 0.0, 0.0, -1
151.75906, 25.496975, 171.1084, 21.723932, 162.02798, 158.20578, 22.853355, 23.501837
0.6028409, 31.770319, 34.68218, 33.547504, 0.0, 0.0, 0.0, -1
120.71103, 26.006262, 157.03195, 22.202894, 130.5173, 127.00247, 23.475199, 24.110477
0.079692006, 0.0, 0.0, 0.0, -40.015587, -20.01226, -39.972153, 3
57.802147, 26.085712, 93.99792, 22.275244, 67.01333, 63.648308, 23.692316, 24.41412
0.0024711327, 0.0, 0.0, 0.0, -40.041176, -19.917461, -40.04136, 5
26.433466, 26.085337, 62.628685, 22.274763, 35.359123, 32.404198, 23.69093, 24.651434
0.0024626972, 0.0, 0.0, 0.0, -40.067055, -19.863392, -40.069557, 5
4.8822327, 26.083687, 41.078827, 22.2723, 13.641357, 10.939209, 23.71768, 24.80425
0.24803704, -28.368017, -35.785484, -35.8465, 0.0, 0.0, 0.0, -1
4.8822327, 26.083687, 41.078827, 22.2723, 13.650879, 10.890289, 23.72412, 24.809498
4.8589687, -28.067577, -36.090816, -35.841606, 0.0, 0.0, 0.0, 1
4.9036865, 25.835838, 41.478943, 22.078537, 13.7039795, 10.934937, 23.479038, 24.573696
9.211999, -26.09841, -37.036724, -36.86487, 0.0, 0.0, 0.0, 1
2.407196, 23.991236, 42.038513, 20.622845, 11.971069, 8.944641, 21.680716, 22.762064
9.20257, -22.178295, -39.060337, -38.76137, 0.0, 0.0, 0.0, 1
1.5671692, 17.661474, 53.718597, 16.606705, 13.847534, 9.461609, 15.922873, 16.886108
9.115306, -21.455805, -40.51063, -38.03356, 0.0, 0.0, 0.0, 1
0.46362305, 12.143483, 69.31888, 14.090715, 18.258606, 11.333527, 10.633902, 11.505821
8.01923, -6.8248324, -48.148293, -45.02688, 0.0, 0.0, 0.0, 1
7.881775, 10.32264, 70.43439, 13.295142, 14.437561, 6.0124817, 8.801476, 9.645904
6.3761954, 31.21418, -24.829056, -43.956764, 0.0, 0.0, 0.0, 2
0.19113159, 5.3625946, 115.41257, 12.536709, 54.47934, 32.519684, 3.5837026, 4.185357
4.0694685, 54.91365, 21.711626, -23.374725, 0.0, 0.0, 0.0, 2
38.332424, 3.2304091, 152.71529, 14.645549, 121.47455, 98.270325, 3.9813514, 3.391097
1.9196216, 51.931347, 32.801594, -15.267071, 0.0, 0.0, 0.0, 2
32.475563, 2.5305865, 138.4945, 15.684184, 118.442696, 98.38282, 4.426959, 3.685636
0.49609506, 50.515198, 37.081978, -12.40282, 0.0, 0.0, 0.0, -1
0.066223145, 2.0509427, 108.06253, 16.445944, 96.7229, 74.43036, 4.476646, 3.3390112
0.0014902025, 0.0, 0.0, 0.0, -42.52552, -13.303657, 44.170822, 3
132.34947, 2.0674722, 17.765549, 16.447674, 33.685684, 56.516525, 3.7393906, 2.7845385
7.6794343, -28.227747, 29.996195, 41.776062, 0.0, 0.0, 0.0, 0
158.56943, 5.040983, 29.098267, 13.76488, 95.496506, 123.38017, 3.1350222, 3.363391
7.7058587, 9.670274, 48.902447, 41.427277, 0.0, 0.0, 0.0, -1
163.62926, 9.425522, 90.56966, 11.9067, 172.99098, 178.73936, 6.918399, 8.093402
7.5808578, 39.250416, 32.36725, 28.382334, 0.0, 0.0, 0.0, -1
151.03406, 13.922748, 153.10538, 19.97863, 167.52896, 161.55984, 13.595715, 14.25122
4.989007, -1.6524653, 45.108078, 53.23946, 0.0, 0.0, 0.0, 0
176.67975, 14.191354, 122.0148, 20.322256, 160.39505, 166.28879, 13.909281, 14.547264
6.9495134, 6.1267853, 44.885082, 48.988132, 0.0, 0.0, 0.0, -1
152.38615, 25.330225, 108.8246, 21.817299, 143.27711, 145.41335, 22.50058, 23.839306
1.1438981, 18.531666, 39.521206, 41.94713, 0.0, 0.0, 0.0, -1
35.150818, 27.696018, 7.5893555, 22.274649, 26.32547, 28.509766, 23.937893, 25.27403
0.0022895336, 0.0, 0.0, 0.0, 41.12276, -18.317266, -40.55997, -1
3.7214415, 21.156254, 47.987457, 22.27218, 3.9948425, 0.1696167, 21.213104, 21.902409
19.65944, -58.871044, -24.147274, -16.98168, 0.0, 0.0, 0.0, 0
4.018568, 14.116569, 58.617992, 20.551405, 6.0549088, 2.4002297, 15.682836, 18.444284
17.301374, -84.06502, 4.7695317, 11.165447, 0.0, 0.0, 0.0, 0
16.578007, 9.0079365, 124.87025, 3.6118011, 55.940865, 41.309433, 11.99543, 4.286212
0.0, 0.0, 0.0, 0.0, 29.620657, 16.454226, 53.92512, -1
1.2547531, 9.351788, 140.56815, 3.6118011, 36.56153, 16.48587, 10.714714, 4.481244
0.6162373, 54.095013, -20.244696, 25.660294, 0.0, 0.0, 0.0, -1
17.286922, 9.4059305, 156.28464, 3.6118011, 16.325508, 7.263916, 9.585958, 4.7932315
6.075266, 51.680096, 17.727098, 30.592808, 0.0, 0.0, 0.0, -1
149.44884, 17.791058, 174.68593, 14.082066, 138.01718, 158.1819, 16.099682, 15.731464
5.5044203, 35.12502, 32.471287, 32.403694, 0.0, 0.0, 0.0, -1
76.68725, 25.3003, 97.63726, 22.146614, 68.346214, 82.98669, 24.214321, 23.919815
0.0, 0.0, 0.0, 0.0, -40.3028, -19.886621, -39.810577, 3
45.454956, 25.184204, 66.151855, 22.146614, 38.983215, 51.78534, 25.192719, 23.85805
0.0, 0.0, 0.0, 0.0, -40.38011, -19.86122, -39.758667, 3
4.9936523, 19.560272, 75.551636, 38.95957, 72.340675, 79.8873, 5.380752, 3.8187077
2.399982, -11.29738, 3.6136274, -85.08899, 0.0, 0.0, 0.0, 2
24.780731, 11.649098, 63.07617, 40.12658, 10.526154, 119.6604, 7.854947, 2.9617388
1.6421485E-5, 0.0, 0.0, 0.0, -24.574875, -7.0498376, 68.37529, 3
165.84154, 22.029106, 78.8587, 36.214146, 153.36676, 152.61862, 21.057293, 18.990627
3.5113275, -8.48264, 45.032303, 46.485058, 0.0, 0.0, 0.0, 0
166.50882, 22.740135, 80.29288, 36.127453, 154.97476, 153.84967, 21.7052, 20.092573
2.0866816, -7.521628, 45.61674, 46.861633, 0.0, 0.0, 0.0, 0
161.74702, 23.632467, 76.63345, 36.063507, 151.22408, 149.47256, 22.459795, 21.035881
0.83058953, -6.5475116, 46.03463, 47.417862, 0.0, 0.0, 0.0, -1
99.20967, 24.31654, 14.890472, 35.998753, 89.12934, 87.91028, 23.246773, 21.74596
0.003970559, 0.0, 0.0, 0.0, 31.771643, -21.921478, -46.306885, 5
132.22299, 5.8035674, 4.8956604, 30.44605, 117.61452, 120.49501, 14.619853, 9.7430105
20.70183, -36.97741, 30.129427, 32.89316, 0.0, 0.0, 0.0, 0
0.30802917, 11.358063, 92.921005, 41.22086, 93.42778, 110.98244, 4.8258014, 5.2850013
0.001083618, 0.0, 0.0, 0.0, -47.54093, -5.685473, 46.773594, 3
31.763062, 10.766455, 61.02507, 41.220795, 52.367783, 68.86113, 4.388747, 3.0228257
0.001237446, 0.0, 0.0, 0.0, -30.856033, 15.7067795, 53.43719, 3
47.523407, 10.766333, 45.264114, 41.22083, 26.004532, 30.168472, 3.6798847, 1.9915862
0.12599534, -31.138546, -10.081462, 58.77999, 0.0, 0.0, 0.0, -1
61.868668, 10.687775, 29.52797, 41.220802, 8.606461, 21.504852, 3.2699347, 1.7766746
2.8902416, -21.6489, 34.755497, 43.595604, 0.0, 0.0, 0.0, 0
91.43953, 10.013377, 1.9396973, 41.220863, 73.2453, 94.94325, 4.2333846, 3.631598
7.335958, -17.663542, 42.158806, 40.17765, 0.0, 0.0, 0.0, 0
152.4167, 18.913656, 66.03232, 38.322968, 147.39252, 153.16379, 17.488543, 17.29693
5.7704186, -6.266598, 46.69558, 47.03782, 0.0, 0.0, 0.0, 0
152.80037, 21.476221, 68.67859, 37.762154, 147.85516, 153.32486, 20.070753, 19.879818
4.512335, -5.319523, 47.145473, 47.535004, 0.0, 0.0, 0.0, 0
151.68338, 25.611351, 72.11064, 37.17488, 146.73141, 151.76115, 24.000479, 23.972118
2.5600932, -8.665004, 45.35094, 45.984055, 0.0, 0.0, 0.0, 0
129.36742, 31.671095, 55.91678, 36.533634, 122.754364, 126.53955, 30.024822, 30.611588
0.3942019, -10.460026, 43.857597, 45.682377, 0.0, 0.0, 0.0, -1
96.50246, 31.847366, 23.35437, 36.462727, 89.024536, 91.66681, 30.454779, 31.471535
0.009829677, 0.0, 0.0, 0.0, 35.969578, -19.301628, -44.728794, 5
72.821686, 8.406943, 12.074081, 22.447838, 13.309158, 55.55342, 3.5505826, 3.858746
0.78975093, -9.138433, 23.89165, -66.96992, 0.0, 0.0, 0.0, -1
85.985886, 16.8653, 132.79977, 62.247936, 128.03874, 154.59717, 56.71231, 39.58236
0.0025441772, 0.0, 0.0, 0.0, -39.078217, -21.07225, -39.849537, 5
5.4556274, 6.630793, 62.13701, 46.789375, 47.989105, 59.57161, 6.2401586, 4.7028084
2.861023E-6, 0.0, 0.0, 0.0, 66.14049, 23.801367, -10.058145, 5
4.9582977, 6.1105275, 74.343735, 46.789375, 64.13086, 72.14253, 6.079953, 4.69178
2.7926388E-4, 0.0, 0.0, 0.0, -32.53773, -33.063904, 34.398365, 4
4.93367, 6.0645237, 75.634094, 46.789375, 66.63602, 74.1662, 5.955033, 4.51894
8.8547706E-4, 0.0, 0.0, 0.0, -38.390594, -27.477942, 34.13146, 3
2.118332, 5.3743553, 84.08244, 46.78937, 77.63307, 75.36621, 6.0478044, 2.9209297
1.4393939, -51.272404, -48.65219, 0.07541191, 0.0, 0.0, 0.0, 0
27.987503, 4.9233875, 52.560196, 46.78923, 39.584137, 27.870926, 6.0858164, 1.7812439
3.6090782, -61.806305, -3.3401358, 34.85356, 0.0, 0.0, 0.0, 0
173.05737, 20.925995, 83.20325, 38.935574, 157.29561, 161.67737, 20.798462, 20.704239
2.1635187, 0.9833063, 49.074997, 49.941692, 0.0, 0.0, 0.0, -1
152.20049, 22.473942, 66.101685, 38.940006, 136.71828, 141.67943, 22.510801, 22.67089
0.44768623, 2.1481197, 48.496635, 49.355244, 0.0, 0.0, 0.0, -1
120.295, 22.426203, 35.278854, 38.95737, 105.11835, 110.14026, 22.593426, 22.735935
0.01518799, 0.0, 0.0, 0.0, 29.80079, -21.741428, -48.457783, 5
54.622192, 21.891708, 28.880188, 38.958775, 39.85858, 45.13301, 22.075838, 22.154589
0.0023658543, 0.0, 0.0, 0.0, 42.951065, -13.449044, -43.599888, 5
121.89551, 26.454441, 134.93091, 40.703476, 166.8056, 169.01959, 39.84879, 46.673367
7.3612766, 30.196247, 39.944054, 29.859697, 0.0, 0.0, 0.0, -1
134.1249, 32.71355, 143.55487, 47.162758, 170.15381, 169.90652, 48.72185, 57.43564
2.7499013, 30.501484, 38.466328, 31.03219, 0.0, 0.0, 0.0, -1
136.16588, 34.867985, 146.65918, 49.286636, 172.16916, 171.55746, 51.135868, 60.130783
0.56124586, 30.116022, 38.09143, 31.792551, 0.0, 0.0, 0.0, -1
106.63754, 35.295574, 178.79762, 49.990128, 153.92851, 156.75325, 49.788433, 61.012787
0.0023746388, 0.0, 0.0, 0.0, -40.307, -21.3475, -38.3455, 3
62.17182, 34.59374, 134.0423, 49.989643, 103.20977, 107.78695, 46.552795, 58.017483
5.25366, -29.459976, -38.50818, -32.031845, 0.0, 0.0, 0.0, 1
7.755457, 30.573046, 66.29251, 47.161728, 24.125584, 32.632725, 36.626316, 46.898857
4.500803, -30.225159, -40.30057, -29.474274, 0.0, 0.0, 0.0, 1
13.308199, 24.486122, 70.30893, 43.786793, 15.567509, 28.788792, 28.122765, 37.41091
2.6148767, -32.96903, -41.2296, -25.801376, 0.0, 0.0, 0.0, 1
14.400387, 21.802656, 74.00125, 42.489857, 11.742063, 28.11545, 24.188967, 32.986153
0.5633036, -28.174309, -41.19706, -30.628633, 0.0, 0.0, 0.0, -1
1.7822466, 17.067238, 77.22304, 34.63858, 117.37155, 127.66998, 4.991593, 6.2337565
3.2300587, -64.393005, -32.821304, -2.7856898, 0.0, 0.0, 0.0, 0
47.928207, 23.109064, 173.46068, 36.242348, 123.77113, 84.28255, 39.44093, 23.856853
5.341185, 59.391975, 24.658298, 15.949726, 0.0, 0.0, 0.0, -1
89.92183, 25.31258, 175.46344, 48.853527, 130.75134, 120.08838, 39.68458, 14.68953
0.4444356, 48.864143, 28.512665, 22.62319, 0.0, 0.0, 0.0, -1
59.292, 25.479382, 152.84631, 49.210373, 98.436745, 155.93417, 38.788563, 13.440682
0.03877698, 0.0, 0.0, 0.0, -43.612186, -13.653189, -42.734623, 3
27.967781, 25.495598, 121.42106, 49.24449, 65.887245, 169.08835, 37.573288, 12.194557
0.0, 0.0, 0.0, 0.0, -41.468697, -50.76667, 7.764633, 4
4.9757996, 24.216442, 92.66263, 49.24449, 25.31108, 71.08029, 27.997303, 7.1526446
0.0, 0.0, 0.0, 0.0, -42.372307, -29.2097, 28.417992, 3
25.646454, 21.507996, 52.03952, 49.24449, 13.985779, 9.056747, 21.475653, 17.810516
0.0, 0.0, 0.0, 0.0, -42.200634, 20.152746, 37.64662, 3
24.008759, 19.785997, 52.03952, 49.24449, 12.630432, 7.2606964, 20.727575, 18.697496
0.24776275, -51.238026, 16.861382, 31.900593, 0.0, 0.0, 0.0, -1
26.59555, 19.193798, 48.775223, 49.24449, 14.888596, 10.539673, 20.779776, 18.923119
4.927001, -45.187153, 21.226046, 33.586796, 0.0, 0.0, 0.0, 0
134.29776, 20.691721, 49.59268, 41.21785, 122.9005, 123.638626, 24.223225, 21.056501
1.7797108, -28.23759, 33.01913, 38.74328, 0.0, 0.0, 0.0, 0
116.828674, 21.216164, 32.76172, 40.229355, 107.9245, 107.35411, 24.902157, 21.622889
0.4872719, -27.647903, 33.74385, 38.608246, 0.0, 0.0, 0.0, -1
85.08681, 21.149992, 1.7599335, 39.983765, 77.16521, 76.11301, 25.196957, 21.6274
0.019541694, 0.0, 0.0, 0.0, 40.835747, -17.020344, -42.14391, 5
20.11319, 20.925556, 62.039856, 39.962902, 13.383163, 11.078247, 25.22216, 21.153013
3.326427E-4, 0.0, 0.0, 0.0, 47.90188, -4.2048707, -47.89325, -1
64.13846, 6.398762, 107.88846, 28.638084, 82.02292, 106.77646, 5.028609, 5.0622673
1.3037425E-5, 0.0, 0.0, 0.0, 49.772312, 24.965778, -25.26191, 5
17.07833, 6.3987527, 154.94885, 28.638086, 135.86746, 153.82578, 4.155383, 5.063228
2.9328132, 40.672638, 45.680847, -13.646518, 0.0, 0.0, 0.0, 2
30.77801, 5.138817, 161.63168, 28.638086, 133.61041, 160.18413, 2.6534913, 5.435409
4.025588, 46.643074, 51.03528, 2.3216453, 0.0, 0.0, 0.0, -1
66.98555, 4.5754375, 148.29001, 29.73421, 150.42274, 148.86159, 3.3601577, 5.69917
3.7312086, 12.362653, 38.2383, 49.399044, 0.0, 0.0, 0.0, -1
103.37826, 4.2279515, 134.09186, 30.557156, 149.8529, 143.38715, 4.1312714, 6.605491
7.8291197, -16.287909, 30.644373, 53.06772, 0.0, 0.0, 0.0, 0
169.17853, 10.829542, 78.55391, 29.046309, 143.5456, 130.9509, 9.4337435, 9.311624
8.488868, -3.8644452, 45.484035, 50.65152, 0.0, 0.0, 0.0, 0
165.12495, 21.431046, 89.51146, 27.949265, 154.80693, 150.10686, 19.275366, 18.982325
3.9250023, 7.8389587, 45.236305, 46.924732, 0.0, 0.0, 0.0, -1
157.91823, 26.221212, 92.73332, 28.45902, 152.59486, 148.13979, 23.975218, 23.410122
0.5193816, 10.48234, 44.167213, 45.35045, 0.0, 0.0, 0.0, -1
93.09395, 27.68538, 31.39064, 28.646582, 89.43269, 84.990585, 25.418478, 24.793335
0.0013729626, 0.0, 0.0, 0.0, 30.647778, -19.38985, -49.962368, 5
5.326416, 30.469, 51.97882, 28.645948, 2.7756653, 10.897919, 31.312302, 28.807362
5.5326257, -32.288548, -34.186806, -33.524643, 0.0, 0.0, 0.0, 1
11.280151, 28.737646, 38.388733, 27.01261, 13.942749, 5.4234924, 29.61192, 27.020725
9.2688675, -34.6615, -33.180626, -32.15787, 0.0, 0.0, 0.0, 0
22.475708, 25.488838, 34.421967, 23.820946, 25.587646, 15.810791, 26.457767, 23.60643
9.353167, -37.79725, -31.831928, -30.370817, 0.0, 0.0, 0.0, 0
33.92621, 22.39612, 32.34305, 20.570545, 37.228638, 26.684723, 23.482847, 20.292263
9.297447, -38.83062, -31.59461, -29.574764, 0.0, 0.0, 0.0, 0
59.219543, 16.487055, 47.19458, 12.7712145, 61.984894, 52.70157, 17.982784, 13.521569
9.192844, -19.591988, -41.501793, -38.906223, 0.0, 0.0, 0.0, 1
62.634796, 15.494678, 55.504242, 11.705354, 65.94986, 57.835083, 17.079859, 12.385655
9.289298, 6.8671474, -43.35165, -49.7812, 0.0, 0.0, 0.0, 2
62.913635, 13.292635, 81.14256, 10.682855, 66.16348, 62.200165, 15.122304, 10.152941
9.145533, 63.823277, 30.348581, 5.8281364, 0.0, 0.0, 0.0, -1
67.59145, 12.256432, 90.95787, 10.665719, 67.805405, 69.89313, 13.989647, 9.200243
7.5106115, 16.138195, 46.109306, 37.752502, 0.0, 0.0, 0.0, -1
53.62061, 6.9643025, 110.579056, 41.62926, 79.24443, 114.14485, 6.9735017, 4.816518
0.7757063, 35.449707, 31.092041, -33.458252, 0.0, 0.0, 0.0, -1
12.474136, 4.8656807, 175.78757, 42.358513, 159.31998, 160.41467, 6.3508573, 4.39901
2.2020206, 45.935455, 45.5931, -8.471445, 0.0, 0.0, 0.0, 2
44.27775, 4.674504, 152.42221, 42.44416, 174.86743, 103.25321, 5.5003037, 2.7751055
3.5468423, 46.50688, 48.18715, 5.3059697, 0.0, 0.0, 0.0, -1
61.4374, 4.661156, 136.73706, 42.444145, 158.58353, 86.61322, 5.3130584, 2.4067008
5.460655, 15.526035, 44.419117, 40.054848, 0.0, 0.0, 0.0, -1
106.972305, 4.6386566, 121.42137, 43.36585, 154.56859, 116.33943, 5.4298368, 2.7841382
8.008369, -13.838855, 36.812458, 49.348686, 0.0, 0.0, 0.0, 0
176.5391, 23.929358, 94.44229, 40.366302, 172.37074, 171.41524, 22.535673, 21.001503
1.5035001, 0.4389517, 49.50813, 50.05292, 0.0, 0.0, 0.0, -1
164.32458, 24.805073, 107.84653, 40.367344, 174.96503, 175.9116, 23.437227, 21.898489
0.36481583, 1.0533082, 49.214424, 49.732265, 0.0, 0.0, 0.0, -1
70.13836, 25.431831, 157.11488, 40.379364, 80.412674, 81.26821, 24.169428, 22.635672
2.6689237E-4, 0.0, 0.0, 0.0, -41.94494, -19.731544, -38.32352, 3
9.999876, 29.613035, 74.07764, 40.379215, 13.016054, 14.89023, 27.514288, 25.967297
6.26158, -30.9269, -35.233532, -33.839565, 0.0, 0.0, 0.0, 1
21.63681, 26.600283, 43.210297, 37.3581, 20.584839, 18.728119, 24.724016, 23.331041
9.218001, -31.440289, -34.857346, -33.702366, 0.0, 0.0, 0.0, 1
23.043875, 24.996439, 44.3631, 35.92148, 22.458057, 20.548706, 23.17514, 21.765898
9.2031555, -32.529724, -34.14686, -33.323414, 0.0, 0.0, 0.0, 1
26.77117, 21.85758, 46.59146, 33.1239, 27.327003, 25.348375, 20.141909, 18.693943
9.276796, -40.847374, -28.952759, -30.199865, 0.0, 0.0, 0.0, 0
65.28169, 12.807204, 39.52719, 24.70727, 78.71991, 74.638954, 13.519987, 11.596073
8.994115, -63.87364, 7.261531, -28.86483, 0.0, 0.0, 0.0, 0
84.63223, 10.884461, 52.19586, 20.546013, 98.49739, 97.177704, 13.837128, 11.302857
9.205152, 15.506742, 27.234783, -57.258476, 0.0, 0.0, 0.0, 2
83.77919, 10.543524, 67.49823, 19.755865, 95.55536, 92.406136, 13.908498, 10.044169
7.986851, 21.154726, 45.51969, 33.32558, 0.0, 0.0, 0.0, -1
154.22821, 23.320847, 139.78549, 26.427027, 164.75912, 168.49872, 21.222164, 21.96091
0.67322576, 22.756948, 39.22401, 38.019043, 0.0, 0.0, 0.0, -1
123.06488, 23.866354, 172.17805, 26.749031, 133.3458, 137.01285, 21.820965, 22.524439
0.11801057, 22.628468, 39.222614, 38.148922, 0.0, 0.0, 0.0, -1
91.70656, 23.981579, 156.20778, 26.817894, 101.88603, 105.555374, 21.909304, 22.62454
0.0023568003, 0.0, 0.0, 0.0, -39.928375, -20.143627, -39.927998, 3
28.961288, 23.981855, 93.461395, 26.81754, 38.98047, 42.629364, 21.90926, 22.591547
0.0025140245, 0.0, 0.0, 0.0, -39.80869, -20.382517, -39.808792, 5
4.9040985, 23.983093, 69.4025, 26.81621, 13.854523, 17.653397, 21.774712, 22.352108
0.2314637, -16.703144, -41.4053, -41.891556, 0.0, 0.0, 0.0, -1
4.9044113, 23.983067, 69.4025, 26.81621, 13.781937, 17.521622, 21.776915, 22.448362
2.938932, -0.13431925, -47.421883, -52.443798, 0.0, 0.0, 0.0, 2
4.90464, 23.983063, 69.4025, 26.81621, 13.840607, 17.632416, 21.7612, 22.391218
5.03895, 10.845762, -40.877327, -48.27691, 0.0, 0.0, 0.0, 2
4.9053116, 23.983002, 69.4025, 26.81621, 13.871536, 17.670212, 21.75521, 22.36143
6.192207, 12.002368, -40.055573, -47.942055, 0.0, 0.0, 0.0, 2
34.55879, 11.638098, 63.194885, 40.157734, 60.37198, 78.2146, 4.522764, 5.4324365
2.8663108E-4, 0.0, 0.0, 0.0, -34.24257, -17.715172, 48.042255, 3
49.78743, 11.588618, 47.431335, 40.157757, 26.227783, 62.451996, 4.647864, 5.4325233
0.122837394, -27.7145, -23.3415, 48.944, 0.0, 0.0, 0.0, -1
62.88513, 11.372156, 31.562073, 40.157757, 5.186798, 46.5829, 5.2594857, 5.4325633
3.7798831, -34.32265, 5.1196036, 60.557747, 0.0, 0.0, 0.0, 0
101.10771, 10.885875, 15.76152, 40.157883, 69.87105, 29.13591, 7.682251, 5.2530146
8.393066, -24.78211, 29.583826, 45.634064, 0.0, 0.0, 0.0, 0
29.53595, 24.443632, 49.414185, 33.985565, 18.844177, 27.669641, 22.801212, 19.689177
3.5762787E-5, 0.0, 0.0, 0.0, 41.161037, -17.678055, -41.16091, -1
39.214516, 4.5800223, 105.01538, 10.578904, 99.607544, 28.957853, 3.6682167, 4.7748094
8.9645386E-5, 0.0, 0.0, 0.0, 30.253944, 39.492527, -30.253523, 5
22.721405, 35.19883, 82.30632, 60.14581, 81.24649, 80.744675, 60.856735, 57.939255
7.96929, -35.90532, -36.70751, -27.387173, 0.0, 0.0, 0.0, 1
40.728348, 31.094988, 28.624146, 54.91175, 23.959763, 21.809174, 51.065697, 46.82663
5.949677, -37.041172, -39.228935, -23.729893, 0.0, 0.0, 0.0, 1
55.54164, 25.532776, 33.15338, 46.668407, 19.407104, 14.132629, 35.40797, 30.413248
1.5699987, -37.862396, -42.1542, -19.98341, 0.0, 0.0, 0.0, 1
46.994324, 24.817162, 42.776108, 45.88896, 27.269836, 21.32788, 33.442368, 28.571793
0.40563235, -37.5128, -42.23799, -20.249208, 0.0, 0.0, 0.0, -1
8.938171, 14.849049, 85.85806, 33.912148, 108.58186, 85.129105, 5.3314605, 4.970921
1.1563358, 10.925898, 27.175549, -61.898552, 0.0, 0.0, 0.0, 2
160.2048, 54.12017, 19.525833, 0.64090997, 70.158844, 77.391525, 24.466549, 22.91883
3.8212913E-4, 0.0, 0.0, 0.0, 45.24722, 18.99706, -35.75572, 5
152.70978, 54.74015, 66.67796, 0.64110994, 122.1897, 135.65666, 26.278206, 21.875393
2.6268497E-4, 0.0, 0.0, 0.0, 43.748085, -12.5162945, -43.73562, -1
105.64912, 54.741283, 113.75726, 0.6411586, 171.05525, 165.68915, 26.388388, 21.746206
9.104991E-5, 0.0, 0.0, 0.0, 27.87275, -29.699173, -42.428078, 5
42.71083, 54.742455, 176.70343, 0.6411891, 113.32781, 87.92138, 24.733984, 22.935862
9.628333E-5, 0.0, 0.0, 0.0, -14.589911, -47.121574, -38.288517, 4
28.364727, 45.400932, 179.15082, 0.6420342, 35.706577, 30.290989, 46.029587, 41.253593
0.74239236, 39.36007, -29.337788, -31.302143, 0.0, 0.0, 0.0, -1
28.668724, 45.02892, 179.9216, 0.64204, 34.843376, 30.67176, 46.2622, 41.053112
7.4024086, 41.21178, -28.781553, -30.006664, 0.0, 0.0, 0.0, 2
40.716496, 34.711117, 177.45068, 8.868655, 37.615284, 43.171406, 37.2368, 32.70155
9.2611885, 51.876347, -24.714216, -23.409431, 0.0, 0.0, 0.0, 1
56.66097, 27.893711, 179.58981, 16.347355, 48.283108, 60.179585, 28.658455, 26.991516
9.265026, 70.19361, -16.358047, -13.4483385, 0.0, 0.0, 0.0, 1
68.15297, 25.254795, 176.75415, 20.01288, 61.932564, 72.229, 25.303888, 25.096191
8.3799095, 93.05526, -4.308574, -2.6361623, 0.0, 0.0, 0.0, 1
80.347466, 23.863781, 174.70444, 23.63299, 73.71406, 84.87504, 21.887524, 24.048674
6.5270486, 85.10235, 7.2453156, 7.652336, 0.0, 0.0, 0.0, -1
89.52895, 23.85352, 176.11938, 27.400148, 87.44163, 94.74137, 20.704992, 23.714058
4.479022, 67.33043, 18.297977, 14.371601, 0.0, 0.0, 0.0, -1
97.016685, 24.306467, 177.02979, 30.543697, 101.41802, 103.63427, 21.155605, 23.625542
2.221838, 59.76397, 23.381998, 16.854034, 0.0, 0.0, 0.0, -1
84.41495, 24.984543, 163.81906, 33.156803, 91.80925, 92.69963, 21.519695, 23.859823
0.48846808, 56.734966, 25.375021, 17.89001, 0.0, 0.0, 0.0, -1
53.82096, 25.122255, 132.18332, 33.58959, 62.222923, 62.687523, 21.644722, 23.828192
0.05216221, 0.0, 0.0, 0.0, -40.572502, -18.957489, -40.47001, 3
22.422142, 25.139318, 100.66067, 33.64133, 31.809822, 31.948662, 21.673483, 23.608904
3.5762787E-5, 0.0, 0.0, 0.0, -41.4163, -17.167177, -41.41652, 5
54.715927, 4.163552, 51.591553, 44.321365, 55.01129, 54.70331, 4.3621225, 6.8730865
0.44010806, -36.02092, -30.147161, -33.831917, 0.0, 0.0, 0.0, -1
43.207794, 3.8961983, 67.825165, 44.122234, 71.104645, 70.78247, 4.217383, 6.5730667
0.0380407, 0.0, 0.0, 0.0, 49.357452, -3.3987489, -47.243797, -1
27.943745, 3.872214, 83.573364, 44.103073, 86.1705, 83.82776, 4.3628592, 6.4057355
2.9213447E-4, 0.0, 0.0, 0.0, -36.938065, -26.546204, 36.515728, 3

SIGNAL KNOWLEDGE:
0.78948975, 10.407694, 12.800903, 44.331104, 0.6297302, 8.875565, 6.2777762, 4.701432,implicit, 1
4.8881836, 25.39006, 91.41591, 39.953896, 16.626389, 13.283707, 23.588097, 22.745533,implicit, 0
120.805214, 16.513098, 4.685074, 26.801596, 49.73729, 4.7260437, 4.5113926, 5.002091,implicit, 1
49.160942, 11.313731, 173.33052, 27.62892, 96.12039, 150.08273, 3.8548145, 4.3800125,implicit, 0
4.900711, 25.1462, 76.15788, 29.309961, 14.451042, 18.375519, 23.06856, 23.244558,implicit, 0
4.963806, 25.338278, 71.24701, 27.429905, 13.588593, 16.699188, 23.910797, 22.947365,implicit, 0
4.9560966, 25.409445, 34.891315, 22.061989, 13.0194, 11.887709, 22.847172, 24.368164,implicit, 0
98.12605, 18.789915, 102.574295, 53.119495, 108.90166, 103.925766, 44.913425, 53.31007,implicit, 1
9.7751465, 3.2465947, 63.501923, 40.386772, 67.575195, 85.854706, 4.8681984, 6.03584,implicit, 1
50.671844, 3.019818, 129.15067, 40.06822, 165.01196, 114.39816, 3.315129, 5.6005874,implicit, 0
4.969963, 25.426105, 77.1791, 35.89249, 5.327158, 5.9645405, 24.395382, 22.83429,implicit, 0
89.50256, 17.885157, 30.91391, 25.520206, 3.8000488, 28.466278, 7.952196, 4.687717,implicit, 1
4.841797, 22.010056, 1.3302002, 23.506824, 2.0845032, 1.4764099, 14.946255, 22.997398,explicit:callForPass, 0
15.69458, 19.308008, 4.9144897, 48.81264, 4.895172, 4.508375, 35.258465, 25.314068,implicit, 1
4.887497, 22.947649, 87.59422, 36.94976, 18.701004, 15.532639, 21.699495, 20.614784,implicit, 0
98.82912, 4.1154747, 109.08617, 8.406352, 153.84549, 133.30151, 8.44698, 4.0324593,implicit, 1
4.9730377, 25.291245, 78.186646, 35.720806, 4.9115906, 8.094238, 23.506985, 22.590899,implicit, 0
116.6914, 14.382679, 46.527725, 20.480635, 132.52597, 59.43387, 2.781439, 3.2715929,implicit, 1
4.9199524, 24.366234, 42.80545, 22.566414, 3.024994, 2.4681091, 21.793365, 23.370043,implicit, 0
7.365906, 17.10755, 55.803497, 40.452442, 94.734695, 64.8884, 7.8165913, 4.759906,implicit, 1
38.502533, 16.014067, 31.522919, 45.02907, 42.9646, 48.769928, 7.7814198, 4.1150665,implicit, 1
4.931547, 18.852293, 83.94051, 38.223103, 2.3036923, 8.703366, 20.159302, 18.925161,implicit, 0
4.836342, 24.120317, 77.551865, 44.886703, 6.119336, 16.81548, 23.703812, 23.8296,implicit, 0
35.073914, 5.9786186, 134.91058, 10.467211, 152.51921, 135.64694, 7.2392716, 3.4195218,implicit, 1
4.9022827, 16.575907, 85.77347, 42.339382, 10.110214, 16.319916, 17.490324, 19.778633,implicit, 0
4.8656616, 25.431324, 37.212296, 22.425333, 3.4151917, 0.044647217, 24.10536, 23.358673,implicit, 0
4.900055, 27.73371, 37.8649, 22.273355, 3.606842, 1.3616028, 24.2606, 25.514421,implicit, 0
4.863556, 25.104702, 24.925995, 22.146614, 8.138977, 11.2309265, 26.950136, 23.736885,implicit, 0
74.02402, 10.26185, 45.085968, 12.841741, 72.68593, 69.3947, 5.2409487, 7.81099,implicit, 1
34.125748, 11.894523, 125.9796, 40.12615, 109.17085, 177.42754, 4.595065, 2.9625568,implicit, 0
4.835499, 24.314114, 79.490486, 35.997555, 5.3434486, 6.7183547, 23.240307, 21.745571,implicit, 0
0.39302063, 25.50428, 68.207825, 36.452892, 7.54274, 4.340164, 25.621956, 29.274387,explicit:callForPass, 0
97.64934, 8.921639, 3.6943665, 22.447786, 2.464676, 57.709885, 3.550498, 3.110374,implicit, 1
37.15123, 16.439243, 85.51611, 62.24643, 79.604675, 103.85858, 52.4223, 35.796474,implicit, 0
4.199051, 19.742767, 78.50836, 38.959988, 12.032532, 5.338211, 18.954323, 18.921013,implicit, 0
3.1988983, 17.7195, 86.01577, 41.88556, 14.077536, 22.041306, 17.518536, 17.169952,implicit, 0
5.229706, 17.778486, 82.972565, 39.962627, 9.746155, 11.816681, 21.44177, 17.19621,explicit:callForPass, 0
1.2851868, 16.542849, 82.972565, 39.962627, 12.254074, 15.082291, 20.311337, 15.940907,explicit:callForPass, 0
79.86484, 6.3987684, 92.161896, 28.638083, 65.50638, 91.05307, 5.36624, 5.061965,implicit, 1
107.76515, 7.7398386, 87.744064, 55.569416, 125.7672, 115.15111, 47.689915, 40.40404,implicit, 1
37.91751, 6.9642096, 126.27826, 41.629463, 97.7041, 129.84003, 7.052348, 4.816695,implicit, 1
4.9044113, 23.983067, 69.4025, 26.81621, 13.781937, 17.521622, 21.776915, 22.448362,explicit:callForPass, 0
4.9242554, 20.21492, 38.502686, 40.189022, 66.9389, 42.27115, 6.1410184, 4.806874,implicit, 1
4.893257, 24.443665, 74.05695, 33.98553, 5.801732, 6.5022326, 22.802776, 20.402657,implicit, 0
14.343964, 9.165876, 157.06728, 9.597703, 128.3282, 40.134937, 3.0400379, 5.607605,implicit, 1
5.672455, 19.89171, 80.79033, 45.29128, 22.974655, 19.617645, 24.89301, 20.28012,explicit:callForPass, 0
63.86049, 16.641802, 41.0804, 33.913376, 66.38551, 40.361023, 6.083345, 4.9717693,implicit, 1
32.0757, 54.742462, 172.66098, 0.6411858, 99.30469, 73.88194, 24.523815, 23.45632,implicit, 0
4.876053, 6.762635, 47.15901, 24.5982, 50.07521, 39.69664, 3.3995514, 4.8087187,implicit, 1
78.21051, 4.8619804, 19.14331, 44.788013, 15.431, 13.054749, 4.802821, 7.628633,implicit, 1

SHOOT KNOWLEDGE:
51.69037, 10.553265, 29.019073, 26.643322, 44.07721, 28.497986, 14.614154, 13.906204
7.0332155, 14.283631, 38.538963, 19.195393, 6.863517, 5.8078036, 15.954789, 18.092905
8.165466, 8.953465, 16.788422, 16.631313, 24.65503, 19.843475, 15.601023, 16.458242
23.862946, 11.071185, 32.911682, 23.139067, 29.136017, 36.39389, 13.151033, 13.297063
117.37324, 37.8594, 4.837219, 9.575884, 179.36324, 87.67912, 3.4213233, 3.7709625
30.144823, 11.682507, 35.13437, 20.184837, 43.20731, 27.584698, 12.219347, 17.04933
0.50024414, 13.440484, 30.924347, 18.648243, 21.07138, 9.369476, 14.323417, 17.151585
61.44763, 9.479583, 21.39766, 12.840876, 28.584564, 58.49901, 3.7503746, 5.1601877
114.834404, 3.6415365, 4.8960876, 27.529457, 120.15965, 126.634796, 11.450253, 7.0718007
65.10658, 10.190014, 20.02745, 25.844034, 31.892548, 33.671646, 8.474338, 12.060879
116.94054, 15.493867, 4.8722534, 27.296898, 87.15903, 88.261116, 6.009361, 14.308696

