POS KNOWLEDGE:
42.749817, 41.368362, 0.5340576, 58.744785, 26.81723, 2.702942, 73.17651, 43.7227
3.8167558, -38.188446, -35.836903, -25.974651, 0.0, 0.0, 0.0, 0
46.67737, 38.64887, 0.5336609, 54.88367, 28.11583, 2.8634033, 62.23213, 32.32611
3.7786617, -39.132282, -36.45701, -24.410704, 0.0, 0.0, 0.0, 0
49.45041, 36.105988, 0.53359985, 51.12734, 29.630981, 3.0457764, 51.614567, 21.233046
3.6531107, -39.24795, -37.009003, -23.743044, 0.0, 0.0, 0.0, 0
48.222046, 33.357777, 0.53344727, 47.19935, 31.511566, 2.9923096, 40.917347, 9.991158
3.1265733, -63.69937, -35.000423, -1.3002099, 0.0, 0.0, 0.0, 0
100.36505, 32.282345, 56.31427, 43.97102, 90.21048, 70.04591, 28.828857, 4.6864767
3.397639, -52.870632, -24.158728, -22.97064, 0.0, 0.0, 0.0, 0
66.366425, 28.028051, 28.429794, 36.08749, 65.71959, 81.21968, 13.4730625, 2.8594193
3.403999, -51.537167, 31.182146, -17.280684, 0.0, 0.0, 0.0, 0
73.66774, 25.73171, 61.181976, 27.040369, 68.27014, 121.232635, 4.646033, 7.123402
0.520075, -55.617695, 10.1493, -34.233, 0.0, 0.0, 0.0, -1
45.822678, 25.62942, 36.029114, 26.628157, 43.405212, 94.51047, 4.641402, 6.6212006
0.002469647, 0.0, 0.0, 0.0, -29.46833, -28.786554, -41.745117, 5
0.016830444, 24.75251, 4.492935, 26.625814, 0.9664459, 25.70819, 4.8099403, 5.8487163
0.0025207023, 0.0, 0.0, 0.0, 32.668587, -16.351376, 50.980038, 4
3.2028046, 24.191992, 4.493973, 26.625668, 0.97206116, 22.723831, 4.8097644, 6.008552
0.0025247592, 0.0, 0.0, 0.0, 77.90375, 2.4067776, 19.689472, -1
4.9759674, 23.63205, 3.011078, 26.62541, 0.5068207, 21.236252, 4.8094797, 6.149763
0.0022969022, 0.0, 0.0, 0.0, 88.64265, 11.085557, -0.27179527, 5
4.866577, 21.913506, 7.600708, 26.624777, 11.105576, 22.597168, 4.8087635, 6.4438214
4.6962785E-4, 0.0, 0.0, 0.0, 70.94069, 28.6502, 0.40911102, -1
4.962677, 18.558422, 30.644226, 26.624226, 31.698578, 36.00836, 4.504137, 6.04836
0.0, 0.0, 0.0, 0.0, 66.18899, 33.495228, -0.31578088, 5
4.9605713, 17.996193, 34.932434, 26.624226, 33.273987, 40.33026, 4.515112, 5.9774184
0.0, 0.0, 0.0, 0.0, 66.380905, 33.61714, 0.0019525194, -1
5.1229553, 17.39954, 39.46805, 26.624226, 36.15956, 45.15541, 4.577062, 5.9456043
4.4387236E-4, 0.0, 0.0, 0.0, 66.63595, 32.930138, -0.4339162, 5
4.961273, 15.165364, 58.79547, 26.624226, 55.56848, 64.50008, 4.5471206, 5.9142723
0.0020407466, 0.0, 0.0, 0.0, 66.66027, 33.152008, 0.18772309, -1
4.916931, 13.4893055, 75.19165, 26.623957, 71.46896, 80.47327, 4.534342, 5.906637
0.0023993892, 0.0, 0.0, 0.0, 66.279396, 33.507355, -0.21325193, 5
4.8439636, 12.932306, 81.15881, 26.623764, 77.42566, 86.48093, 4.531402, 5.8950815
0.0019206314, 0.0, 0.0, 0.0, 66.871, 33.04576, 0.083239324, -1
3.4749043, 21.098635, 64.54038, 25.897312, 6.4656067, 10.123676, 20.824423, 19.89879
3.6978233, -10.522284, -44.074417, -45.4033, 0.0, 0.0, 0.0, 2
135.7619, 26.52589, 177.9542, 52.0973, 170.1069, 163.9668, 40.663303, 29.157206
0.6053823, 36.166107, 37.73407, 26.099821, 0.0, 0.0, 0.0, -1
162.68576, 26.177895, 146.57721, 53.040237, 158.14374, 163.87238, 38.676735, 27.88924
0.0030700078, 0.0, 0.0, 0.0, -45.489956, -23.180056, -31.32999, 3
156.30513, 25.403164, 99.45079, 53.043995, 110.79784, 116.054306, 34.284008, 23.49583
0.4409414, -40.017414, -38.73743, -21.245155, 0.0, 0.0, 0.0, -1
142.17972, 25.255127, 83.73102, 53.044415, 94.99106, 100.04288, 32.819138, 22.029661
3.1360831, -40.160694, -38.61954, -21.219763, 0.0, 0.0, 0.0, 0
73.92227, 24.103365, 4.983612, 51.090603, 16.300476, 19.714142, 22.081572, 11.282008
3.2689114, -38.036484, -35.716084, -26.247437, 0.0, 0.0, 0.0, 0
77.312744, 23.607096, 4.9836426, 49.59455, 16.592804, 18.845856, 17.683197, 7.8686957
2.449306, -34.342667, -37.36717, -28.290165, 0.0, 0.0, 0.0, 1
71.164856, 23.2111, 4.550476, 48.155598, 7.083252, 5.434845, 13.361787, 5.396035
2.8965251, -30.399158, -25.388544, -44.21229, 0.0, 0.0, 0.0, 2
24.7388, 20.713253, 56.520447, 46.58731, 62.794006, 70.86226, 6.337159, 4.2731757
2.7123065, -66.12469, -18.280169, 15.59515, 0.0, 0.0, 0.0, 0
155.87807, 21.235296, 178.02419, 52.05457, 178.14238, 176.87788, 50.975746, 54.064625
0.61674404, 34.403862, 34.33763, 31.258505, 0.0, 0.0, 0.0, -1
122.17789, 20.389006, 146.38602, 53.026413, 146.5008, 145.26205, 49.010986, 55.037292
0.0033512248, 0.0, 0.0, 0.0, -39.94902, -19.983404, -40.067574, 5
74.33058, 20.064693, 99.17949, 53.031048, 99.29289, 98.05565, 44.612003, 55.041943
0.43480277, -34.657757, -34.653347, -30.688896, 0.0, 0.0, 0.0, -1
58.654785, 20.06531, 83.50458, 53.031483, 83.61743, 82.38074, 43.142117, 55.042374
2.8132565, -34.86356, -34.85921, -30.27723, 0.0, 0.0, 0.0, 0
22.487305, 18.311405, 4.942505, 51.076523, 5.057892, 3.5683594, 32.269463, 47.66429
3.8066359, -35.35916, -35.353252, -29.287582, 0.0, 0.0, 0.0, 0
21.07367, 13.267594, 4.942322, 47.268604, 5.0666504, 3.4731445, 21.010622, 36.40552
3.7558498, -36.035763, -36.028736, -27.935495, 0.0, 0.0, 0.0, 0
28.203125, 10.642205, 4.942749, 44.25595, 5.062378, 3.3831177, 12.123881, 27.5133
3.129776, -36.249596, -36.2629, -27.487507, 0.0, 0.0, 0.0, 1
30.55661, 10.020399, 4.9427795, 43.50326, 5.057495, 3.3589172, 9.903118, 25.28619
2.8828666, -34.731174, -34.562622, -30.706203, 0.0, 0.0, 0.0, 0
33.428223, 9.373424, 4.9429626, 42.69427, 5.057129, 3.3327332, 8.329733, 22.902042
2.1885202, -30.584229, -27.453856, -41.96192, 0.0, 0.0, 0.0, 2
2.4091797, 7.0326533, 51.93924, 40.760506, 59.169952, 52.180878, 4.7579036, 15.092005
0.65919363, -39.46376, -36.043083, -24.493156, 0.0, 0.0, 0.0, -1
55.394165, 5.241096, 15.443298, 40.295715, 20.390076, 17.526886, 4.7843328, 10.342506
1.0829582, -31.837717, -31.765833, 36.39645, 0.0, 0.0, 0.0, 0
88.43576, 5.199215, 16.119263, 40.29518, 12.262695, 11.426788, 4.8267303, 9.680469
1.0602517, -31.360075, -32.273586, 36.36634, 0.0, 0.0, 0.0, 1
111.76518, 5.704167, 33.216537, 39.89809, 37.65526, 28.122421, 4.5247188, 8.803474
0.6024149, -37.499763, -36.529724, -25.97051, 0.0, 0.0, 0.0, -1
104.29286, 5.6730843, 17.858536, 39.75423, 23.235611, 12.158615, 4.6544695, 8.431936
1.2380542, -32.179478, -25.5796, -42.240925, 0.0, 0.0, 0.0, 2
60.792755, 5.5569053, 29.180603, 39.75413, 25.7706, 40.202637, 4.787192, 7.73299
1.2666838, -33.27576, -23.861692, -42.862545, 0.0, 0.0, 0.0, 2
9.916092, 29.450878, 69.62079, 35.054726, 17.468353, 19.657288, 27.72302, 25.838713
4.7314796, -16.214708, -41.475998, -42.309296, 0.0, 0.0, 0.0, 2
8.379603, 28.106758, 69.62079, 35.054726, 17.901062, 19.081085, 27.745445, 26.266193
5.1180944, -20.426224, -40.062447, -39.51133, 0.0, 0.0, 0.0, 1
7.003931, 19.700306, 74.71372, 33.553673, 17.869455, 17.02128, 23.997751, 22.273232
3.1728399, -54.62507, -28.245333, -17.129602, 0.0, 0.0, 0.0, 0
71.17251, 18.024496, 4.9246216, 30.901533, 57.54315, 55.781982, 20.954782, 15.052612
3.7800198, -72.447945, -24.042892, -3.5091639, 0.0, 0.0, 0.0, 0
89.04407, 15.479363, 4.907003, 27.140903, 74.20099, 59.55901, 12.347031, 6.847756
4.4011087, -74.71964, 1.293245, 23.987112, 0.0, 0.0, 0.0, 0
82.424034, 14.92251, 4.9266663, 23.330305, 69.31113, 46.927612, 7.9197288, 2.5743594
0.62063193, -68.55148, -28.17955, -3.2689705, 0.0, 0.0, 0.0, -1
86.54701, 13.465179, 5.8992615, 22.37481, 72.54445, 38.562378, 6.943473, 2.0961876
0.0031588024, 0.0, 0.0, 0.0, 32.43835, 15.103313, -52.45834, 5
1.9264221, 12.370202, 52.366974, 22.368269, 39.30484, 53.198273, 4.948052, 3.56269
2.288444E-4, 0.0, 0.0, 0.0, 61.496742, 33.60014, 4.903119, -1
4.9799557, 10.217286, 72.237946, 22.368269, 58.141087, 81.57938, 3.5618765, 3.9297106
0.0019972948, 0.0, 0.0, 0.0, 64.61327, 22.670633, -12.716094, 5
23.793823, 18.920898, 87.73111, 24.552061, 28.342655, 32.854206, 19.730042, 19.300678
4.9761744, -10.727105, -44.64189, -44.631, 0.0, 0.0, 0.0, 1
4.550682, 21.448639, 92.060715, 49.40369, 29.525414, 17.987335, 21.479523, 19.19231
3.9799683, 4.3520975, -39.695587, -55.952316, 0.0, 0.0, 0.0, 2
3.5953617, 14.559326, 98.71315, 50.78854, 34.25981, 21.141693, 17.155115, 17.145071
0.91591483, -14.175235, -45.61339, -40.211372, 0.0, 0.0, 0.0, -1
12.095066, 13.832424, 83.64569, 50.885567, 19.721165, 6.1395288, 13.971268, 16.52203
2.9234521, -58.185165, -32.879265, -8.935574, 0.0, 0.0, 0.0, 0
102.11334, 16.3639, 0.8840027, 43.704308, 37.55237, 87.248, 2.5711415, 6.0425825
0.7977995, -47.115746, -39.2641, -13.620157, 0.0, 0.0, 0.0, -1
114.50659, 16.81596, 14.92218, 43.269394, 43.99051, 94.176056, 2.5945234, 6.2882066
1.1541815, -24.884598, -40.992847, -34.12256, 0.0, 0.0, 0.0, 1
104.03781, 17.100018, 7.3910217, 43.236736, 25.779724, 75.512634, 3.045952, 6.5984664
1.4338638, -24.207163, -38.815865, -36.97697, 0.0, 0.0, 0.0, 1
86.69615, 17.264576, 8.344269, 43.236763, 2.1678162, 48.979492, 3.6129544, 6.94258
1.4374008, -24.757193, -36.452312, -38.790497, 0.0, 0.0, 0.0, 2
50.745136, 19.375847, 29.78125, 33.721592, 38.328316, 34.184868, 17.741058, 20.70515
3.8106642, -1.3539115, -48.104965, -50.541126, 0.0, 0.0, 0.0, 2
0.91257095, 12.757063, 86.45168, 33.666035, 20.737152, 25.303034, 13.901783, 16.871021
1.3944658, -32.244602, -39.00426, -28.75114, 0.0, 0.0, 0.0, 1
16.385538, 10.60001, 71.907875, 33.689877, 6.3099613, 10.810047, 13.287325, 14.971004
3.1644218, -68.4321, -19.835089, 11.732814, 0.0, 0.0, 0.0, 0
105.31694, 6.3364015, 4.9645386, 31.207767, 55.14023, 58.94099, 6.69384, 8.581283
6.146353, -63.581295, 2.1713994, 34.247307, 0.0, 0.0, 0.0, 0
124.77279, 8.431891, 10.440674, 27.42087, 39.69583, 61.71792, 2.9205568, 6.553068
0.40156385, -47.760834, -21.658794, 30.580372, 0.0, 0.0, 0.0, -1
110.67189, 8.697512, 26.306091, 27.047716, 14.9219055, 38.248497, 2.7888288, 5.903406
0.008898078, 0.0, 0.0, 0.0, 33.93246, 20.284105, -45.78343, 5
2.1610184, 5.7077994, 100.389755, 27.018696, 104.00629, 88.710625, 4.9397035, 7.006868
1.2272068E-4, 0.0, 0.0, 0.0, -68.47233, -30.71743, 0.81024784, 3
4.916075, 8.876309, 56.76366, 27.018637, 66.156395, 48.988148, 4.7719545, 5.300012
6.5323565E-4, 0.0, 0.0, 0.0, -67.49925, -28.357983, -4.142769, 3
90.77726, 22.361471, 116.37559, 53.358997, 125.14451, 138.40833, 44.54472, 33.052467
0.0037570344, 0.0, 0.0, 0.0, -39.837326, -20.197075, -39.965595, 5
74.70703, 21.997938, 100.54138, 53.361053, 109.31018, 122.39671, 44.546932, 31.587526
0.39335054, -35.21234, -33.772606, -31.015053, 0.0, 0.0, 0.0, -1
58.904266, 21.969194, 84.75757, 53.361465, 93.52634, 106.41901, 44.54746, 30.121317
2.78462, -35.444145, -33.87466, -30.681196, 0.0, 0.0, 0.0, 0
32.517487, 15.787714, 4.84729, 46.138588, 14.948578, 23.553162, 24.48287, 6.2486467
2.7327857, -34.7815, -22.534586, -42.683914, 0.0, 0.0, 0.0, 2
11.623383, 12.4187565, 36.736237, 43.932125, 49.212402, 52.802246, 15.157873, 4.4065785
3.2973263, -75.99298, -21.774137, 2.2328756, 0.0, 0.0, 0.0, 0
57.873535, 8.834677, 28.673798, 41.7554, 45.61154, 50.583298, 8.732622, 3.2983744
2.7852702, -62.186836, -10.4832735, 27.32989, 0.0, 0.0, 0.0, 0
67.60644, 8.595757, 27.206818, 41.13781, 44.52945, 51.724762, 7.546366, 3.0178788
0.93623567, -50.492287, -45.050026, 4.4576907, 0.0, 0.0, 0.0, -1
116.06389, 19.870644, 35.88617, 33.969852, 101.34085, 102.792496, 22.221928, 19.828476
3.5597382, -3.0485349, -47.741497, -49.20997, 0.0, 0.0, 0.0, 2
21.409704, 18.688833, 58.7077, 33.97307, 4.399213, 7.284425, 21.677658, 18.85128
4.181509, -4.6634436, -47.068104, -48.268448, 0.0, 0.0, 0.0, 2
114.41982, 8.644286, 4.90115, 27.728544, 62.740246, 50.589508, 9.057171, 4.590527
3.301905, -61.363327, -1.5671065, 37.069565, 0.0, 0.0, 0.0, 0
124.0378, 9.284163, 4.850006, 26.580248, 74.69836, 42.648132, 6.2230344, 2.5030046
0.39934015, -49.146004, -21.73991, 29.114088, 0.0, 0.0, 0.0, -1
109.157196, 9.750843, 13.001251, 25.90774, 50.612427, 14.709534, 5.708263, 2.6155295
0.0015536429, 0.0, 0.0, 0.0, 30.016079, 18.210003, -51.77392, 5
4.915283, 22.248514, 79.572235, 31.456429, 19.274536, 16.553177, 24.387037, 21.72233
4.0751863, -10.401658, -44.546024, -45.05232, 0.0, 0.0, 0.0, 2
4.1792297, 21.767681, 79.572235, 31.456429, 19.04956, 17.288635, 23.31358, 20.871534
4.4785795, -12.563558, -44.033535, -43.40291, 0.0, 0.0, 0.0, 1
13.106461, 12.631513, 70.09778, 30.537127, 4.5590515, 2.9588776, 18.925734, 16.401293
2.8934186, -70.745575, -24.319572, 4.934849, 0.0, 0.0, 0.0, 0
125.29272, 7.692294, 4.941498, 24.884233, 69.60541, 52.71559, 8.021011, 4.245091
2.680857, -39.625526, 20.767002, 39.607468, 0.0, 0.0, 0.0, 0
164.83612, 12.001447, 24.248764, 21.270424, 134.16379, 60.350983, 2.451604, 2.7925422
3.5370116, -27.415163, 30.759773, 41.82506, 0.0, 0.0, 0.0, 0
137.70819, 41.443253, 167.01047, 54.607525, 177.04279, 170.46698, 54.195633, 36.77105
0.6081557, 37.099304, 37.39689, 25.503805, 0.0, 0.0, 0.0, -1
169.52576, 41.827404, 135.57861, 55.57284, 143.35126, 138.96878, 54.60868, 34.71177
0.0020165872, 0.0, 0.0, 0.0, -44.735645, -22.411245, -32.85311, 3
174.63188, 41.828117, 119.73711, 55.573467, 127.153244, 123.10222, 54.522915, 33.24272
0.0017682932, 0.0, 0.0, 0.0, -39.981983, -20.034674, -39.983345, 5
158.96608, 41.828915, 104.07182, 55.57374, 111.462234, 107.40965, 54.420517, 31.77279
0.5753295, -39.156097, -38.923332, -21.920574, 0.0, 0.0, 0.0, -1
127.47766, 41.83056, 72.584564, 55.574295, 79.93259, 75.85898, 51.480038, 28.83149
2.652862, -39.288815, -39.0641, -21.647087, 0.0, 0.0, 0.0, 0
49.579803, 34.521713, 4.9360657, 50.18968, 12.957184, 8.106232, 31.266933, 9.060196
2.416534, -33.748592, -34.518543, -31.732862, 0.0, 0.0, 0.0, 1
48.63495, 33.45673, 4.936157, 49.437225, 13.080841, 7.9793396, 29.056194, 7.590415
2.8862154, -28.691282, -25.664175, -45.644543, 0.0, 0.0, 0.0, 2
11.535065, 30.566021, 55.680878, 47.509136, 49.695984, 66.638885, 19.53445, 4.599187
2.9638996, -33.60318, -25.850933, -40.545883, 0.0, 0.0, 0.0, 2
7.2365417, 29.405554, 37.555267, 46.909393, 33.806488, 53.51117, 15.880354, 4.455669
2.5301914, -36.401142, -29.556307, -34.042553, 0.0, 0.0, 0.0, 0
17.320282, 26.9891, 30.676544, 44.614166, 33.14804, 54.513306, 9.047505, 3.2590282
0.62573355, -35.072395, -25.818317, -39.109283, 0.0, 0.0, 0.0, -1
18.952393, 25.78782, 32.61664, 43.6985, 36.060333, 62.62593, 6.744046, 2.519945
0.0110810995, 0.0, 0.0, 0.0, 63.39603, -7.08004, -29.52393, -1
6.1576843, 25.216822, 48.478516, 43.689117, 53.320618, 71.083954, 6.373691, 2.4093032
0.002255022, 0.0, 0.0, 0.0, 83.73872, -13.750579, -2.5107024, 4
4.9208984, 24.094654, 56.04776, 43.689003, 63.127625, 62.309723, 5.7610297, 2.4463148
0.002432785, 0.0, 0.0, 0.0, 64.623245, 35.12165, 0.25510848, -1
4.9849854, 22.974716, 62.60852, 43.688877, 66.42572, 55.92697, 5.3950033, 2.8041701
0.0021442475, 0.0, 0.0, 0.0, 51.370483, 48.395905, -0.23361039, 5
4.8118896, 22.412949, 66.22821, 43.688843, 70.79996, 57.29944, 4.9181237, 3.0230272
0.0014263003, 0.0, 0.0, 0.0, 48.88252, 50.81566, 0.301818, -1
5.0333557, 21.259438, 73.36398, 43.688686, 77.5199, 76.324036, 4.923705, 3.298673
6.75326E-4, 0.0, 0.0, 0.0, 52.389587, 47.578484, -0.03192585, 5
135.77834, 8.18745, 162.93617, 54.679, 160.06429, 169.01454, 21.529861, 20.054935
0.61857927, 36.525795, 37.134697, 26.339504, 0.0, 0.0, 0.0, -1
127.383026, 8.4233675, 131.68256, 55.578968, 134.29071, 140.52579, 23.246796, 22.870798
0.0013449464, 0.0, 0.0, 0.0, -47.503597, -23.680136, -28.816265, 3
113.95584, 9.292615, 100.02673, 55.58109, 103.54089, 109.30887, 23.432295, 23.257826
0.37230107, -34.737637, -34.489998, -30.772367, 0.0, 0.0, 0.0, -1
106.17639, 10.08057, 84.22385, 55.581112, 87.7377, 93.50549, 23.432655, 23.258028
2.535177, -36.17427, -35.87968, -27.946054, 0.0, 0.0, 0.0, 0
37.50232, 12.9135475, 14.032471, 50.05785, 17.756042, 25.333649, 6.246201, 12.161632
2.8274, -69.87, -26.930592, -3.1994057, 0.0, 0.0, 0.0, 0
83.39285, 13.255692, 54.04416, 48.64368, 68.459625, 84.9427, 4.4582314, 8.029094
0.6891858, -89.71611, -6.546662, 3.7372272, 0.0, 0.0, 0.0, -1
56.27614, 13.261784, 23.84375, 48.16951, 40.38321, 65.71222, 4.4103107, 6.0667896
0.018151443, 0.0, 0.0, 0.0, 14.582069, -33.22696, -52.19097, 5
25.026535, 13.262854, 7.51239, 48.15305, 1.1047668, 29.733673, 4.6262136, 6.086333
0.0025638025, 0.0, 0.0, 0.0, 38.563248, -24.363619, -37.07313, -1
9.216827, 13.262703, 23.323776, 48.152664, 18.516281, 11.260391, 4.771084, 6.127332
0.0025665935, 0.0, 0.0, 0.0, 70.89516, 2.6932187, -26.411625, 5
4.8719788, 13.262557, 27.670319, 48.152283, 23.639374, 4.5448303, 4.8062406, 6.0601983
0.0025637106, 0.0, 0.0, 0.0, 58.325363, 40.945953, 0.7286799, -1
5.1529694, 13.186271, 28.184753, 48.15109, 24.127258, 3.6127625, 4.80523, 6.0624747
0.0012447423, 0.0, 0.0, 0.0, 59.486126, 40.12078, -0.39308566, 5
4.964554, 10.972608, 54.073364, 48.149574, 49.980927, 39.747055, 4.8039174, 6.0725603
3.4869605E-5, 0.0, 0.0, 0.0, 58.13234, 41.641285, 0.22637881, -1
1.9056396, 17.272211, 82.81113, 43.111183, 10.483353, 11.326584, 17.944672, 21.174887
3.9087458, -11.16084, -44.795624, -44.043533, 0.0, 0.0, 0.0, 1
1.8718414, 17.2264, 82.81113, 43.111183, 11.952454, 12.337219, 17.422625, 20.784578
4.0198665, -2.2680101, -48.786404, -48.945587, 0.0, 0.0, 0.0, 2
3.8968506, 16.219404, 82.81113, 43.111183, 13.035339, 10.649277, 16.826967, 19.875296
2.7101665, -18.720951, -43.920967, -37.358078, 0.0, 0.0, 0.0, 1
20.158173, 10.92547, 71.90845, 42.931053, 1.6464386, 3.5870056, 12.934498, 15.539168
2.735066, -75.36914, -21.263863, 3.3669982, 0.0, 0.0, 0.0, 0
88.38548, 10.75311, 9.268173, 41.95618, 55.20247, 78.37306, 8.507253, 13.194323
3.7887597, -73.11142, -2.633779, 24.254797, 0.0, 0.0, 0.0, 0
104.50029, 9.665093, 4.888092, 39.699806, 52.133392, 85.87372, 4.7910953, 9.511581
3.0903776, -40.02782, 24.553469, 35.41871, 0.0, 0.0, 0.0, 0
130.9753, 6.2338767, 47.958435, 34.950233, 78.00273, 153.2531, 3.5598547, 3.472678
3.4465768, -28.383837, 30.668274, 40.94789, 0.0, 0.0, 0.0, 0
146.90942, 6.581937, 31.166351, 33.05608, 57.84439, 100.51374, 4.17235, 1.9166359
0.47330746, -48.647194, -9.504647, 41.84816, 0.0, 0.0, 0.0, -1
163.59091, 6.6813397, 16.222946, 32.843124, 38.52707, 87.20236, 4.252078, 2.0960414
0.0109933615, 0.0, 0.0, 0.0, 41.493042, 2.7019079, -55.805046, 5
88.6375, 5.1136417, 53.09967, 32.81736, 54.90271, 31.034912, 4.9425235, 6.2275925
0.0010894921, 0.0, 0.0, 0.0, 39.52227, 20.939465, -39.53826, 5
1.4378967, 22.87121, 75.15279, 29.037556, 14.0690155, 18.1987, 21.854101, 22.635138
3.9395502, -26.140797, -36.76197, -37.09723, 0.0, 0.0, 0.0, 2
1.340271, 22.80687, 75.15279, 29.037556, 13.877121, 18.391571, 21.51679, 22.292402
4.4791884, -14.265052, -43.221844, -42.513103, 0.0, 0.0, 0.0, 1
143.96936, 32.972904, 138.02048, 52.99525, 134.08817, 138.91473, 49.166264, 49.38544
0.0036844471, 0.0, 0.0, 0.0, -39.99794, -20.003658, -39.9984, 5
112.33702, 32.977356, 106.38869, 52.9989, 102.48503, 107.276505, 46.22721, 46.449368
0.08182358, 0.0, 0.0, 0.0, -40.001194, -20.005224, -39.993584, 3
96.542114, 32.9783, 90.59396, 52.99934, 86.70593, 91.4783, 44.754044, 44.979237
0.69590265, 42.5055, 29.122103, 28.3724, 0.0, 0.0, 0.0, -1
80.850845, 32.979294, 74.90282, 52.999794, 71.03264, 75.78319, 43.18254, 43.40954
3.0664012, -33.648495, -33.611294, -32.740215, 0.0, 0.0, 0.0, 0
17.806192, 33.09397, 6.711416, 50.565956, 3.29736, 7.3194685, 30.340792, 34.460407
3.7956722, -34.826206, -32.48814, -32.685658, 0.0, 0.0, 0.0, 0
22.538124, 28.403767, 4.9909906, 46.70355, 0.804657, 4.590722, 19.564037, 25.57392
3.7301111, -34.479183, -33.546368, -31.974447, 0.0, 0.0, 0.0, 0
35.490044, 24.614662, 4.979563, 44.57244, 0.16760254, 6.5348816, 14.158808, 14.348766
3.2372086, -42.1425, -38.14965, -19.70785, 0.0, 0.0, 0.0, 0
12.817963, 23.569471, 4.9927673, 42.31146, 2.3909607, 8.628143, 8.53365, 8.492737
2.403554, -42.56916, -34.30431, -23.126532, 0.0, 0.0, 0.0, 0
12.539581, 23.513626, 4.9927673, 41.557194, 4.990509, 8.374481, 7.550312, 7.0251803
0.44833645, -33.734543, -33.335815, -32.929646, 0.0, 0.0, 0.0, -1
17.342102, 24.16497, 24.109955, 40.82028, 37.74347, 18.883057, 5.876724, 5.086628
0.0012556571, 0.0, 0.0, 0.0, -41.41756, -23.109676, -35.472763, 3
4.6759605, 23.724594, 79.75217, 34.650314, 9.763679, 11.2899065, 22.240332, 22.140612
4.1574183, -3.0276184, -48.069435, -48.902943, 0.0, 0.0, 0.0, 2
6.3889923, 22.672281, 72.798615, 34.650314, 6.4101715, 9.924484, 22.21582, 21.35962
4.551727, -10.221417, -45.126766, -44.651814, 0.0, 0.0, 0.0, 1
6.412796, 15.547413, 78.77782, 34.092133, 9.121277, 13.1284485, 18.664295, 17.62662
1.5988458, -32.320873, -38.704754, -28.974379, 0.0, 0.0, 0.0, 1
22.223679, 11.394973, 64.21069, 34.023746, 6.0734863, 1.8730469, 16.744217, 16.154676
3.4467075, -70.28802, -8.756649, 20.95534, 0.0, 0.0, 0.0, 0
3.0554047, 15.354335, 92.026794, 48.151653, 22.63655, 39.8125, 17.710197, 13.858966
1.185552, -26.853773, -42.971428, -30.1748, 0.0, 0.0, 0.0, 1
19.013351, 14.656145, 77.068405, 48.175575, 9.327133, 25.929245, 15.715262, 13.325084
3.1653154, -72.03153, -26.972706, 0.99575835, 0.0, 0.0, 0.0, 0
83.25806, 12.868331, 4.862976, 46.67747, 63.56389, 40.044846, 8.902215, 7.8965178
3.2689347, -76.646996, -13.571117, 9.781896, 0.0, 0.0, 0.0, 0
84.561295, 11.858186, 4.8757935, 43.678818, 111.191956, 33.27527, 4.740074, 4.078554
2.4107063, -33.035603, 25.348726, 41.61567, 0.0, 0.0, 0.0, 0
139.70396, 12.580953, 55.693207, 41.137398, 93.566956, 71.84563, 2.011931, 4.178344
0.39204016, -34.879875, -9.8903675, 55.22975, 0.0, 0.0, 0.0, -1
110.13646, 12.339488, 25.110016, 40.80838, 73.92078, 31.841278, 2.2500648, 4.622773
3.231576E-5, 0.0, 0.0, 0.0, 32.07549, 15.223782, -52.70073, 5
0.41923523, 18.141464, 77.6263, 34.962578, 9.294662, 14.580597, 17.482952, 18.58802
4.046147, -45.06614, -31.68139, -23.252468, 0.0, 0.0, 0.0, 0
95.19475, 18.979965, 29.607592, 24.802805, 95.658806, 76.142456, 9.187992, 3.8862193
3.4787624, -30.728382, 34.459827, 34.811787, 0.0, 0.0, 0.0, 0
4.370926, 19.723928, 77.974945, 48.746834, 10.653427, 16.357788, 24.070637, 20.905226
3.9518726, -15.149244, -43.023018, -41.827736, 0.0, 0.0, 0.0, 1
0.6777344, 14.944279, 77.54053, 47.65148, 4.2927246, 15.019974, 19.74128, 15.985588
2.0642064, -47.581715, -31.021872, -21.396418, 0.0, 0.0, 0.0, 0
177.8176, 11.170146, 34.410446, 40.21583, 129.45987, 56.31839, 7.2513227, 3.1037269
3.8034747, -24.961725, 30.412556, 44.625725, 0.0, 0.0, 0.0, 0
167.6414, 10.341224, 64.91119, 31.879944, 147.42174, 79.01183, 6.624351, 4.4611025
3.7814333, -27.497097, 29.281961, 43.220936, 0.0, 0.0, 0.0, 0
145.65038, 21.896456, 64.90184, 26.335922, 143.96777, 71.036316, 5.696205, 4.613848
3.1621077, -42.420925, 28.421795, 29.15728, 0.0, 0.0, 0.0, 0
96.474976, 24.830011, 24.948532, 19.268227, 127.07939, 95.62141, 2.9825802, 2.2207756
0.43191963, -61.278595, 20.214888, -18.506516, 0.0, 0.0, 0.0, -1
80.462654, 24.190691, 9.248245, 18.875387, 126.170074, 80.902245, 3.0999446, 1.9967785
0.0050454848, 0.0, 0.0, 0.0, 46.64112, 6.182179, -47.1767, 5
4.893585, 21.466063, 58.74417, 18.836142, 62.835846, 55.815536, 4.6051044, 3.074561
1.6291935E-5, 0.0, 0.0, 0.0, 66.93204, 32.92771, 0.14024898, -1
4.8764496, 19.976162, 68.71839, 18.83611, 71.46931, 65.985115, 4.425955, 2.8707812
0.0, 0.0, 0.0, 0.0, 66.65691, 33.309864, -0.033221014, 5
4.8467712, 19.416086, 72.704346, 18.83611, 75.83888, 70.36047, 4.376046, 2.8210673
0.0, 0.0, 0.0, 0.0, 66.15772, 33.833168, 0.009106437, -1
4.9679947, 18.818645, 76.93099, 18.83611, 79.962944, 74.34168, 4.317186, 2.7701466
0.0, 0.0, 0.0, 0.0, 66.07341, 33.58013, -0.34645718, 5
166.69063, 40.980606, 172.90279, 52.062576, 174.14467, 173.45647, 50.05884, 54.155075
0.6264528, 33.954872, 33.966515, 32.078617, 0.0, 0.0, 0.0, -1
162.9035, 40.422512, 141.30838, 53.035168, 142.52145, 140.49756, 48.105877, 54.415833
0.005488318, 0.0, 0.0, 0.0, -39.95859, -20.094206, -39.947205, 3
147.22926, 40.39745, 125.6089, 53.038887, 126.8174, 124.785904, 46.643013, 54.42251
0.0022338217, 0.0, 0.0, 0.0, -39.94996, -20.098192, -39.95185, 5
115.76161, 40.398632, 94.14247, 53.03974, 95.3412, 93.26869, 43.70132, 54.394066
0.68987286, -34.215008, -34.208862, -31.57613, 0.0, 0.0, 0.0, -1
99.93631, 40.399372, 78.31796, 53.04019, 79.510956, 77.32211, 42.134964, 54.283863
2.819432, -34.26383, -34.255478, -31.480694, 0.0, 0.0, 0.0, 0
33.170593, 31.515219, 4.98938, 43.260014, 6.2953186, 3.39563, 9.169803, 22.00254
2.4794803, -30.982887, -27.343672, -41.67344, 0.0, 0.0, 0.0, 2
3.060852, 29.772097, 32.947083, 41.340153, 35.822723, 34.82199, 5.2848563, 14.107517
2.7344613, -33.30327, -22.229206, -44.467525, 0.0, 0.0, 0.0, 2
3.2132568, 26.948572, 27.479431, 39.664627, 45.06906, 44.63208, 4.304999, 8.776983
1.506514, -35.59163, -29.067383, -35.340992, 0.0, 0.0, 0.0, 0
1.678894, 26.308847, 29.524231, 39.097855, 48.61258, 52.089493, 3.9860003, 7.7933383
0.5845498, -36.16171, -32.143074, -31.695219, 0.0, 0.0, 0.0, -1
4.9031067, 25.238907, 28.683258, 38.220398, 45.016235, 52.82257, 3.5597112, 6.5944557
0.002323414, 0.0, 0.0, 0.0, 83.69577, 16.145819, 0.15840834, -1
4.997284, 24.647118, 31.893707, 38.217854, 44.073166, 53.357758, 3.8118243, 6.585709
0.0016658697, 0.0, 0.0, 0.0, 83.195114, 16.53626, -0.26862085, 5
4.8176575, 22.969627, 41.8761, 38.218304, 44.990143, 58.111115, 4.611014, 6.0631604
0.0017237621, 0.0, 0.0, 0.0, 83.89371, 15.242551, 0.8637493, -1
4.8502502, 21.84937, 48.797882, 38.218468, 50.09781, 60.718414, 4.6426845, 5.89577
0.0017183551, 0.0, 0.0, 0.0, 81.42187, 18.137901, -0.4402306, 5
4.9474792, 20.72899, 56.023407, 38.218727, 56.11441, 62.897858, 4.5031276, 5.972111
0.0017010225, 0.0, 0.0, 0.0, 79.348564, 20.524918, 0.12651573, -1
5.113861, 20.131945, 59.92508, 38.21889, 59.899445, 64.14279, 4.496426, 6.0354404
0.0016926591, 0.0, 0.0, 0.0, 78.56926, 20.779089, -0.6516467, 5
5.0110474, 19.57796, 63.935333, 38.219017, 65.01611, 66.55798, 4.507285, 6.0875816
0.0013662429, 0.0, 0.0, 0.0, 80.34011, 13.44182, 6.218074, -1
4.5966935, 24.141682, 75.25305, 32.84489, 7.160248, 5.7565613, 21.72344, 23.201628
4.1290164, 0.5811716, -48.938076, -50.480755, 0.0, 0.0, 0.0, 2
16.75063, 14.180791, 73.969666, 32.91973, 0.017181396, 6.2547913, 16.068321, 16.937054
2.417261, -84.422615, -10.3423815, 5.235002, 0.0, 0.0, 0.0, 0
178.9446, 13.350251, 2.5260925, 9.888438, 151.23238, 142.15102, 6.66531, 8.816011
0.6028396, -35.678074, 30.15692, 34.16501, 0.0, 0.0, 0.0, -1
147.06244, 11.349883, 28.563263, 8.939091, 109.89271, 111.541626, 5.866304, 8.461101
0.012891157, 0.0, 0.0, 0.0, 49.7692, 0.9868759, -49.243927, 5
49.99794, 4.8107724, 122.98805, 8.938454, 55.511612, 22.51796, 2.3147194, 7.2685733
0.61124307, 40.167084, 34.51734, -25.31558, 0.0, 0.0, 0.0, -1
34.122883, 4.813179, 138.53758, 8.937197, 88.84343, 48.21849, 2.2315807, 7.1765513
1.6313518, 39.33055, 39.137157, -21.532291, 0.0, 0.0, 0.0, 2
43.83657, 3.8878825, 160.61862, 10.090936, 161.4726, 159.6983, 4.5559273, 8.237736
0.5263604, 40.195213, 41.50494, -18.299839, 0.0, 0.0, 0.0, -1
33.619896, 3.6009219, 177.36395, 10.511839, 175.83829, 153.14633, 4.801873, 8.472929
0.033723984, 0.0, 0.0, 0.0, -68.9038, -0.8415077, -30.254694, 3
0.49767685, 17.166056, 98.66907, 45.354713, 58.26596, 102.03665, 18.346724, 19.264555
3.8228102, 16.467663, -9.827835, -73.7045, 0.0, 0.0, 0.0, 2
0.27991486, 12.763723, 102.295616, 45.999863, 39.393883, 93.23266, 12.98848, 13.321795
0.8601587, -31.097963, -41.65157, -27.250465, 0.0, 0.0, 0.0, -1
31.06105, 11.994647, 71.7782, 46.186234, 10.598633, 66.533844, 12.231207, 10.401216
1.8738048, -52.536827, -45.962788, -1.5003856, 0.0, 0.0, 0.0, 0
74.25909, 9.386806, 24.592072, 45.93345, 25.510223, 20.604675, 8.236884, 7.759653
2.1070566, -36.272976, -42.840855, -20.88617, 0.0, 0.0, 0.0, 1
77.35768, 4.8503327, 36.736664, 44.3855, 6.6957703, 41.907684, 5.9052997, 5.197027
1.7081857, -39.560097, -47.924057, -12.515844, 0.0, 0.0, 0.0, 1
92.12797, 2.8458834, 55.15561, 43.56614, 26.812805, 65.017395, 5.026228, 5.1571445
0.4954571, -45.983578, -53.360897, 0.65552616, 0.0, 0.0, 0.0, -1
87.40288, 2.847456, 69.50397, 43.353188, 46.329865, 80.8147, 4.919656, 5.260387
0.022815825, 0.0, 0.0, 0.0, 40.59745, 19.044315, -40.35823, 5
4.980158, 26.719234, 74.40223, 38.307278, 5.978735, 5.0167885, 24.113907, 25.647898
4.318908, -3.3838134, -47.825726, -48.79046, 0.0, 0.0, 0.0, 2
6.0678406, 25.876152, 74.40223, 38.307278, 5.1050873, 4.1430893, 24.002413, 25.539158
4.6050525, -7.189246, -46.500134, -46.31062, 0.0, 0.0, 0.0, 1
2.904745, 18.06492, 83.438354, 38.02893, 10.931761, 9.488136, 20.35617, 21.860899
2.3862479, -69.51023, -23.944998, -6.544768, 0.0, 0.0, 0.0, 0
67.25389, 16.115423, 21.720367, 37.603874, 50.835297, 54.029526, 17.325724, 20.923174
3.7790554, -76.85687, -8.824423, 14.3187, 0.0, 0.0, 0.0, 0
125.72602, 6.3439507, 4.869293, 29.306713, 59.018547, 81.57691, 3.2392645, 7.319051
2.1786985, -44.86735, 16.335758, 38.79689, 0.0, 0.0, 0.0, 0
151.26895, 7.3676376, 6.7156067, 27.10762, 64.47988, 100.18222, 2.0863578, 5.2321224
1.1023405, -29.895395, 30.121296, 39.98331, 0.0, 0.0, 0.0, 0
168.01741, 7.5535607, 22.437164, 26.878548, 66.071106, 109.09814, 2.1351013, 4.9061475
0.76785207, -26.874586, 29.082832, 44.04258, 0.0, 0.0, 0.0, -1
163.23341, 8.443157, 55.725555, 26.392614, 89.67099, 120.96243, 2.873901, 6.4275875
0.0019590887, 0.0, 0.0, 0.0, 48.035862, 6.550466, -45.413677, 5
88.03539, 9.274552, 149.95901, 26.391668, 149.41568, 159.50763, 5.077879, 7.3950295
7.232741E-4, 0.0, 0.0, 0.0, -27.856838, -24.850441, -47.292725, 5
70.911606, 10.860685, 178.71336, 26.391504, 179.26906, 165.90257, 5.0784945, 6.8425803
1.6223473E-4, 0.0, 0.0, 0.0, -44.377815, -20.722046, -34.90014, 3
25.206974, 15.286103, 115.713715, 26.391481, 117.390015, 102.00839, 5.004603, 5.709911
5.9604645E-6, 0.0, 0.0, 0.0, -49.502903, -19.444807, -31.052292, 3
109.19248, 34.852814, 146.4823, 55.61672, 125.70017, 97.407295, 39.809483, 42.288364
0.0023815571, 0.0, 0.0, 0.0, -43.33705, -19.165367, -37.49758, 3
67.56278, 31.907017, 99.21, 55.61997, 78.022255, 50.187996, 40.115078, 41.933434
0.44303954, -38.05824, -30.010715, -31.931046, 0.0, 0.0, 0.0, -1
54.038177, 30.94302, 83.43082, 55.620167, 62.243103, 34.611145, 40.115364, 40.46625
2.3060682, -37.521614, -29.46276, -33.015625, 0.0, 0.0, 0.0, 0
4.108551, 22.443077, 4.982727, 52.174152, 17.595734, 46.15555, 29.767673, 26.47388
3.7903812, -43.680878, -40.017593, -16.30153, 0.0, 0.0, 0.0, 0
7.1219788, 20.733107, 4.9828186, 49.923573, 18.625092, 48.451813, 23.33677, 20.76291
3.7944896, -44.19321, -38.467194, -17.339598, 0.0, 0.0, 0.0, 0
39.1382, 20.67594, 4.98291, 43.84107, 17.74237, 46.746735, 7.2855573, 6.604259
1.7739751, -40.12962, -28.31518, -31.555193, 0.0, 0.0, 0.0, 0
42.3629, 19.752508, 4.9829407, 42.332893, 11.783539, 50.924255, 5.0337834, 5.653302
0.6416459, -39.88741, -29.316366, -30.796227, 0.0, 0.0, 0.0, -1
27.619293, 19.322966, 10.739166, 41.788994, 20.838379, 70.954956, 4.5688066, 5.3831496
0.0490612, 0.0, 0.0, 0.0, 57.451324, 20.36358, -22.185097, 5
4.8442993, 18.61361, 38.29744, 41.691044, 41.971695, 99.43706, 4.776819, 5.334609
3.517665E-4, 0.0, 0.0, 0.0, 69.2968, -30.700562, -0.0026384797, 4
4.9259796, 22.786663, 81.81151, 36.23564, 6.674225, 11.086304, 20.666618, 20.717474
4.2873254, 0.9006646, -49.070217, -50.029118, 0.0, 0.0, 0.0, 2
132.52008, 11.394485, 4.9226074, 25.68225, 102.91754, 64.79607, 8.192537, 3.0820222
2.769772, -35.66763, 26.528921, 37.803448, 0.0, 0.0, 0.0, 0
148.46631, 11.360488, 53.305878, 19.801485, 82.04139, 87.2617, 1.8387061, 2.9713411
0.43177605, -36.004448, 0.08434753, 63.911205, 0.0, 0.0, 0.0, -1
128.11502, 11.069916, 38.57196, 19.601664, 68.544495, 64.61113, 1.8701102, 3.0017476
0.0047618235, 0.0, 0.0, 0.0, 34.148182, 13.651994, -52.19983, 5
103.1965, 21.854141, 138.9367, 53.03582, 136.14899, 139.26285, 50.49217, 49.235924
0.004351551, 0.0, 0.0, 0.0, -36.399963, -18.201456, -45.398582, 5
83.541336, 21.605967, 123.10402, 53.038357, 120.32564, 123.429, 49.026188, 47.774963
0.015766222, 0.0, 0.0, 0.0, -47.742508, -23.873323, -28.384172, 3
44.357224, 21.403425, 91.75368, 53.039223, 88.99547, 92.07622, 46.086548, 44.828804
0.7749661, -37.64626, -37.626057, -24.727686, 0.0, 0.0, 0.0, -1
24.601898, 21.453514, 75.931046, 53.03968, 73.18266, 76.25227, 44.614914, 43.358147
2.8827298, -40.99215, -40.96717, -18.040684, 0.0, 0.0, 0.0, 0
89.674515, 19.265585, 4.9501953, 41.66717, 15.99118, 5.3154907, 10.242045, 6.93097
0.5821835, -37.312393, -25.070984, 37.616627, 0.0, 0.0, 0.0, -1
116.14783, 17.074604, 30.358612, 40.79509, 67.2744, 33.733276, 6.1619687, 4.8410797
0.0017413403, 0.0, 0.0, 0.0, 26.944721, 11.4974165, -61.557865, 5
1.3418732, 17.043026, 93.544785, 36.667435, 20.38356, 16.548752, 19.25747, 18.1141
1.138013, -24.245804, -41.622353, -34.131844, 0.0, 0.0, 0.0, 1
14.453293, 16.335428, 78.879425, 36.690105, 5.297638, 1.3592224, 18.594215, 17.437376
2.5454478, -75.60475, -16.907204, 7.4880414, 0.0, 0.0, 0.0, 0
144.46405, 7.6139283, 4.9608307, 27.740393, 111.993546, 56.713303, 7.0143194, 2.244861
3.0014677, -26.284132, 35.14212, 38.57375, 0.0, 0.0, 0.0, 0
158.06972, 9.340809, 55.017242, 26.308596, 150.08078, 90.77588, 4.0501175, 2.843902
3.5228977, -26.038748, 30.07398, 43.88728, 0.0, 0.0, 0.0, 0
162.06766, 15.4014435, 55.97325, 23.959875, 81.9736, 87.44269, 2.1358886, 3.2246804
1.3219806, -31.039244, 9.991842, 58.968914, 0.0, 0.0, 0.0, 0
156.01303, 16.956284, 55.0325, 23.58398, 67.15665, 85.57472, 1.9337442, 3.1613207
0.5689933, -31.910397, -7.761214, 60.32839, 0.0, 0.0, 0.0, -1
137.07788, 18.290304, 40.3808, 23.344988, 57.929657, 65.576904, 1.9867646, 3.1295333
0.01615442, 0.0, 0.0, 0.0, 29.300097, 10.963021, -59.736885, 5
100.41568, 7.968145, 4.907135, 39.39051, 61.14766, 47.4637, 9.338693, 4.8462305
2.8578198, -60.93308, -2.2284718, 36.83845, 0.0, 0.0, 0.0, 0
141.27463, 8.220948, 3.128189, 36.38412, 101.20152, 39.735184, 4.7069626, 2.6517136
3.2765121, -26.90712, 34.405205, 38.687675, 0.0, 0.0, 0.0, 0

NONPOS KNOWLEDGE:
4.98349, 12.4578285, 86.67993, 26.62363, 83.26314, 92.18176, 4.5128417, 5.8919353
1.284246, -1.4600769, 9.509134, -89.03079, 0.0, 0.0, 0.0, 2
6.3067627, 8.898929, 94.48303, 26.651274, 100.79756, 108.21034, 4.041807, 6.150031
0.016118452, 0.0, 0.0, 0.0, -36.34576, -21.018782, 42.635456, 3
53.594025, 7.9641995, 47.334732, 26.652542, 28.831161, 61.348312, 4.048465, 6.1628027
0.0024742263, 0.0, 0.0, 0.0, -13.910532, -19.17742, 66.91205, 4
69.2702, 7.963985, 31.66243, 26.652142, 1.8187561, 45.677063, 4.3234916, 6.1629195
0.35533455, -22.667112, -9.696395, 67.63649, 0.0, 0.0, 0.0, -1
84.96484, 6.6722517, 15.971558, 26.65175, 21.976685, 29.987122, 4.662306, 6.1630306
3.729426, -43.700527, 16.146772, 40.152695, 0.0, 0.0, 0.0, 0
171.62999, 12.008072, 77.581345, 25.812983, 147.22444, 136.86778, 10.68959, 5.8395023
6.429312, 7.7154713, 45.7892, 46.49533, 0.0, 0.0, 0.0, -1
174.6143, 20.640385, 98.70152, 26.344028, 161.3614, 159.36641, 19.160313, 16.650608
4.205636, 22.578995, 39.21872, 38.20229, 0.0, 0.0, 0.0, -1
149.68446, 23.588047, 80.04857, 27.399715, 138.26396, 135.96739, 22.458782, 20.88333
0.34387904, 15.48939, 42.083046, 42.427563, 0.0, 0.0, 0.0, -1
118.64122, 23.59645, 49.160507, 27.518269, 107.56108, 105.456985, 22.560652, 21.132664
0.008963987, 0.0, 0.0, 0.0, 19.289656, -23.57642, -57.133926, 5
55.86267, 23.588665, 13.624573, 27.523453, 45.68805, 42.745636, 22.354954, 21.222067
0.0019119052, 0.0, 0.0, 0.0, 48.460518, -7.640364, -43.89912, -1
54.86862, 19.742702, 28.76001, 46.021923, 45.243195, 47.14682, 7.2708197, 4.226665
3.3013809, -13.746728, 15.562412, -70.69086, 0.0, 0.0, 0.0, 2
5.5177307, 13.440981, 84.92282, 44.857338, 119.14476, 121.69008, 7.053538, 4.703514
0.028633054, 0.0, 0.0, 0.0, -36.704437, -8.254628, 55.04094, 3
52.528625, 12.750765, 37.884308, 44.845985, 71.95618, 19.44519, 7.028104, 3.9074652
6.027369, -28.19249, 15.021382, 56.78612, 0.0, 0.0, 0.0, 0
153.09276, 14.817683, 61.833572, 42.658173, 141.0821, 134.59444, 7.6962357, 12.762093
7.389591, -12.739637, 42.004704, 45.25566, 0.0, 0.0, 0.0, 0
157.09763, 21.95577, 69.12935, 39.99638, 157.13962, 144.99437, 17.361937, 19.974068
3.1363986, -9.034856, 40.26289, 50.70225, 0.0, 0.0, 0.0, 0
127.889175, 26.506594, 46.81227, 39.1886, 132.56586, 119.72072, 20.646544, 23.815483
0.2871534, -9.024539, 45.354115, 45.621346, 0.0, 0.0, 0.0, -1
95.65787, 27.089724, 15.854797, 39.13648, 101.1195, 88.024475, 21.793968, 24.27833
0.002567598, 0.0, 0.0, 0.0, 35.812347, -18.59053, -45.597126, 5
9.843567, 29.790588, 63.942566, 39.13585, 13.907349, 9.178253, 27.100567, 27.767418
0.8681993, -29.756248, -35.435028, -34.808723, 0.0, 0.0, 0.0, -1
9.843811, 29.683212, 62.941498, 39.13585, 14.156525, 8.177429, 27.467468, 27.767185
6.7840543, -28.662338, -35.868595, -35.469063, 0.0, 0.0, 0.0, 1
12.325317, 27.070202, 43.70526, 35.50861, 3.7911377, 18.551788, 25.618662, 23.56508
9.323776, -23.315622, -38.620567, -38.06381, 0.0, 0.0, 0.0, 1
10.393691, 23.12648, 48.02536, 32.684837, 7.8530283, 16.279724, 22.398258, 19.67723
6.88995, -27.699896, -38.80814, -33.491962, 0.0, 0.0, 0.0, 1
25.572021, 14.28143, 60.988037, 27.892984, 4.029846, 3.444641, 13.217513, 10.510482
9.169271, -49.84424, -36.389244, -13.766519, 0.0, 0.0, 0.0, 0
68.484146, 10.77231, 46.98242, 24.343685, 41.17166, 36.574463, 8.543571, 6.9005723
5.7414727, -50.786163, 20.102913, 29.110926, 0.0, 0.0, 0.0, 0
147.34325, 12.709073, 32.639984, 17.855185, 145.20709, 152.43094, 8.216563, 6.95465
4.447695, -11.863167, 49.997746, 38.139088, 0.0, 0.0, 0.0, 0
147.60608, 14.998556, 34.754852, 17.992317, 146.4469, 152.9276, 10.875555, 10.0787325
7.7952876, 29.587566, 39.011326, 31.401106, 0.0, 0.0, 0.0, -1
139.73093, 21.959064, 144.19666, 26.493172, 145.83618, 152.45586, 19.640276, 19.655142
4.348304, 26.277536, 38.880783, 34.841682, 0.0, 0.0, 0.0, -1
127.89308, 24.196465, 162.78922, 28.075895, 136.97766, 140.99329, 22.077477, 22.401663
0.48248163, 27.663473, 37.799503, 34.53702, 0.0, 0.0, 0.0, -1
96.90056, 24.616655, 164.98819, 28.481276, 105.863556, 109.79587, 22.551046, 22.889393
0.025662167, 0.0, 0.0, 0.0, -40.380196, -19.782331, -39.83747, 3
6.9448395, 21.302036, 60.014153, 27.7339, 0.7232666, 5.0153656, 20.355844, 20.894396
9.2726555, -27.698782, -39.361008, -32.940205, 0.0, 0.0, 0.0, 1
33.275482, 14.925227, 51.38301, 23.666235, 23.02272, 15.815575, 14.318803, 14.8061
9.34187, -27.588108, -47.56145, -24.850437, 0.0, 0.0, 0.0, 1
62.3114, 8.619798, 63.41617, 20.42274, 37.624535, 26.727081, 8.555056, 8.553237
9.221278, -38.20323, -48.96572, 12.831049, 0.0, 0.0, 0.0, 1
78.6333, 7.178204, 68.20526, 19.646868, 46.604263, 32.936317, 6.877866, 6.6655593
9.205216, -18.2387, 20.37452, 61.386784, 0.0, 0.0, 0.0, 0
136.30368, 6.50185, 84.431076, 18.153793, 104.52606, 94.61321, 4.5109715, 2.9114244
9.208611, 5.1092663, 46.9907, 47.900036, 0.0, 0.0, 0.0, -1
164.24588, 10.3682575, 112.48456, 17.753307, 161.79869, 159.94919, 8.115033, 6.906881
8.695467, 22.164654, 39.170807, 38.66454, 0.0, 0.0, 0.0, -1
170.51605, 24.3729, 136.19833, 23.152985, 174.4415, 178.95187, 20.287909, 21.327534
3.4462104, 27.96463, 36.654026, 35.381344, 0.0, 0.0, 0.0, -1
143.52742, 25.12441, 163.48552, 23.645302, 148.27937, 152.29836, 21.057783, 22.339676
0.554435, 28.910887, 35.881325, 35.207787, 0.0, 0.0, 0.0, -1
111.90396, 25.446125, 164.25266, 23.861536, 117.565765, 120.9931, 21.44557, 22.983616
0.0018428571, 0.0, 0.0, 0.0, -39.842804, -20.315523, -39.841675, 3
17.578796, 25.449913, 69.91974, 23.864395, 25.427155, 25.869385, 21.818254, 23.378714
7.151453E-4, 0.0, 0.0, 0.0, -39.657738, -20.68433, -39.65793, 5
48.87839, 4.972741, 46.00415, 39.40807, 48.824432, 64.970184, 4.50453, 6.813978
0.57554483, -35.830357, -19.955603, -44.21404, 0.0, 0.0, 0.0, -1
21.489695, 4.511932, 78.296295, 39.124805, 81.58453, 99.88336, 4.724693, 6.0176754
0.0013363431, 0.0, 0.0, 0.0, -37.444496, -23.149961, 39.40554, 3
45.73828, 4.061775, 49.592316, 39.124805, 42.147522, 64.24397, 4.729237, 6.0354757
7.447482E-4, 0.0, 0.0, 0.0, -16.519482, -16.464619, 67.0159, 3
63.242035, 3.9030063, 33.80432, 39.124836, 22.220032, 48.458557, 4.769348, 6.0355935
6.3417454, -28.703976, 10.982721, 60.313297, 0.0, 0.0, 0.0, 0
166.1927, 6.814232, 62.151382, 37.71531, 120.6935, 86.43559, 6.354646, 5.5722346
9.265532, -15.142454, 38.12476, 46.732788, 0.0, 0.0, 0.0, 0
173.71855, 18.857742, 82.15251, 34.76534, 159.38406, 157.77267, 17.443579, 15.92092
3.9867623, 2.246939, 48.40729, 49.345768, 0.0, 0.0, 0.0, -1
173.95859, 23.140028, 89.209335, 34.815277, 162.5315, 161.4287, 21.730104, 20.193745
1.7662895, 3.6396697, 47.641075, 48.719257, 0.0, 0.0, 0.0, -1
157.81538, 24.883718, 75.84175, 34.98611, 147.28995, 146.31714, 23.535175, 21.991556
0.5319117, 6.1605787, 46.71601, 47.123413, 0.0, 0.0, 0.0, -1
126.37031, 25.34863, 45.133057, 35.046143, 116.03694, 115.13786, 24.049828, 22.509634
0.03371919, 0.0, 0.0, 0.0, 22.01136, -23.558765, -54.42987, 5
61.401848, 26.019047, 17.439789, 35.05518, 51.987965, 50.955162, 24.289753, 22.751747
4.679833E-4, 0.0, 0.0, 0.0, 40.003433, -15.958662, -44.037907, 5
28.504192, 26.347513, 49.14206, 35.054974, 19.578693, 18.427654, 24.50083, 22.919024
2.5468328E-4, 0.0, 0.0, 0.0, 40.709934, -9.054301, -50.235767, 5
4.8716583, 8.175032, 105.68537, 22.367355, 96.571205, 109.51679, 2.8348994, 4.2007585
0.5993241, 19.858942, 21.288383, -58.852673, 0.0, 0.0, 0.0, -1
4.9720345, 8.046378, 110.716034, 22.366869, 103.62561, 112.3624, 2.7457178, 4.243113
1.4005651, 20.559294, 27.436548, -52.004158, 0.0, 0.0, 0.0, 2
4.788227, 6.447111, 113.79735, 22.546478, 133.1558, 112.94469, 2.8609443, 3.9370582
0.5304487, 21.399178, 33.355858, -45.244965, 0.0, 0.0, 0.0, -1
30.76503, 4.7811823, 147.3165, 22.862635, 175.55188, 147.89377, 3.4701157, 4.0018578
5.298146E-4, 0.0, 0.0, 0.0, -28.373571, -0.35087824, 71.27554, 3
99.66741, 3.9831333, 165.46384, 22.862925, 137.21722, 170.29929, 3.4716907, 3.658219
4.7549953, -25.69518, 11.666549, 62.638275, 0.0, 0.0, 0.0, 0
176.11566, 4.7172427, 89.321106, 22.463018, 89.050415, 137.25058, 4.0224714, 5.0311737
8.300392, -14.040393, 39.978687, 45.98092, 0.0, 0.0, 0.0, 0
176.18706, 8.122892, 82.42445, 21.381325, 136.95174, 147.49469, 4.180016, 7.425265
9.350672, 2.3038077, 48.13121, 49.564987, 0.0, 0.0, 0.0, -1
177.2149, 12.155896, 92.69096, 20.88817, 163.1812, 160.00922, 8.01812, 10.705707
8.038151, 11.831762, 44.917957, 43.250282, 0.0, 0.0, 0.0, -1
143.42407, 25.108252, 87.54465, 24.16026, 134.26549, 135.95743, 22.535414, 23.972143
0.2960012, 20.593376, 39.557396, 39.849224, 0.0, 0.0, 0.0, -1
112.15519, 25.399721, 56.826294, 24.30894, 102.853294, 105.08372, 23.039555, 24.336367
0.0017898709, 0.0, 0.0, 0.0, -11.76258, -28.431997, -59.805424, 5
49.041203, 25.403605, 6.2803955, 24.31094, 39.401882, 42.769142, 23.354715, 24.123
0.0, 0.0, 0.0, 0.0, 40.43102, -19.137957, -40.43102, -1
17.404442, 25.403605, 37.917156, 24.31094, 7.621956, 11.267521, 23.524645, 23.971504
0.0, 0.0, 0.0, 0.0, 41.340435, -17.319134, -41.340435, -1
4.886612, 25.403605, 50.434986, 24.31094, 1.0821419, 2.6152573, 22.869242, 24.329714
5.071068, -36.679726, -33.42693, -29.89335, 0.0, 0.0, 0.0, 0
18.460556, 24.316206, 39.85952, 23.03624, 10.11916, 11.057316, 21.626278, 23.168894
8.521141, -36.541252, -34.06205, -29.396698, 0.0, 0.0, 0.0, 0
39.055298, 21.504854, 29.124535, 19.613197, 29.2952, 31.788548, 18.623133, 19.958042
4.887016, -26.182922, -39.246117, -34.57096, 0.0, 0.0, 0.0, 1
23.982159, 16.38002, 73.65985, 14.254814, 10.724621, 17.049862, 13.395639, 13.906039
0.578852, -15.119854, -44.663227, -40.21692, 0.0, 0.0, 0.0, -1
9.058361, 15.925896, 91.40221, 14.089002, 4.7154274, 2.1258545, 13.063073, 13.319981
0.033199217, 0.0, 0.0, 0.0, 40.44583, 21.164295, 38.389874, -1
22.27835, 15.86903, 123.10218, 14.069121, 33.455017, 27.519394, 13.772561, 12.988605
0.6102086, 34.80477, 35.760437, 29.434788, 0.0, 0.0, 0.0, -1
37.92334, 15.869211, 138.7492, 14.06886, 48.503033, 42.976624, 13.676529, 12.740243
6.026127, 34.295963, 35.077286, 30.62675, 0.0, 0.0, 0.0, -1
134.6137, 23.51261, 165.19685, 22.527788, 141.08217, 145.22862, 21.858234, 21.609598
2.7775812, 30.581057, 34.97931, 34.439632, 0.0, 0.0, 0.0, -1
116.3191, 24.97562, 172.47282, 24.080948, 122.59, 126.33814, 23.264282, 23.640696
0.45518032, 33.91905, 34.42769, 31.653261, 0.0, 0.0, 0.0, -1
85.16661, 25.326189, 140.43753, 24.45182, 90.72661, 93.57666, 23.45812, 24.507954
0.023303192, 0.0, 0.0, 0.0, -39.931576, -20.161512, -39.906914, 3
53.72286, 25.366291, 108.894684, 24.4942, 59.195816, 61.553917, 23.198017, 24.449827
5.722046E-6, 0.0, 0.0, 0.0, -39.92729, -20.145412, -39.9273, 5
22.16671, 25.366295, 77.33855, 24.494198, 27.845901, 29.811096, 22.967434, 24.340559
0.0, 0.0, 0.0, 0.0, -39.699287, -20.60142, -39.699287, 3
4.0329285, 24.75017, 60.01993, 24.494198, 11.417164, 13.386055, 24.287659, 22.916899
0.36816755, 4.5293975, -44.879154, -50.59145, 0.0, 0.0, 0.0, -1
2.8104782, 23.853891, 60.01993, 24.494198, 10.0807, 12.156803, 24.352097, 23.008587
1.9666121, 1.8479353, -46.58488, -51.567184, 0.0, 0.0, 0.0, 2
84.14337, 21.537344, 160.27252, 41.741302, 166.00156, 175.91821, 38.458294, 18.905111
6.4681773, 48.972313, 49.28997, -1.7377158, 0.0, 0.0, 0.0, 2
78.25487, 21.726025, 170.6596, 43.530952, 158.72668, 174.73401, 39.66558, 20.255592
3.5863245, 48.229187, 48.638958, 3.1318526, 0.0, 0.0, 0.0, -1
88.04714, 22.863722, 176.1167, 49.775852, 157.6077, 157.56195, 43.6658, 21.959574
0.627425, 47.18677, 46.85967, 5.95356, 0.0, 0.0, 0.0, -1
58.042225, 22.934784, 152.32834, 50.33128, 125.44031, 123.19891, 42.931355, 21.774069
0.05854608, 0.0, 0.0, 0.0, -37.29666, -25.520388, -37.182957, 3
26.70172, 22.942461, 120.82387, 50.39026, 92.987625, 88.26283, 41.71493, 21.170559
0.002307712, 0.0, 0.0, 0.0, -33.64894, -32.698746, -33.652317, 5
41.00782, 16.195677, 57.110413, 42.670547, 63.768585, 33.82306, 4.53045, 6.374476
1.3517413, -8.059227, 4.8296146, -87.11115, 0.0, 0.0, 0.0, 2
7.3125563, 12.575613, 85.035194, 42.524113, 90.03443, 78.61402, 4.7835093, 6.4284
1.4516413, -10.3806305, -0.6292452, -88.99013, 0.0, 0.0, 0.0, 2
6.301073, 9.088295, 87.439354, 42.37373, 106.421196, 90.59655, 5.0034285, 6.06907
0.030850582, 0.0, 0.0, 0.0, -36.67968, -20.174797, 43.14552, 3
52.4569, 8.373869, 40.250946, 42.366558, 60.098846, 44.12906, 5.02626, 6.06869
1.3509827, -27.404789, -32.145195, 40.45002, 0.0, 0.0, 0.0, 1
63.83163, 8.244824, 24.588867, 42.366455, 44.43985, 28.468689, 5.0262613, 6.0691276
6.7709374, -37.544556, 5.5069146, 56.948532, 0.0, 0.0, 0.0, 0
148.28632, 18.3949, 70.72834, 35.530827, 132.16103, 142.53503, 11.340294, 16.213156
6.2913833, -10.407343, 43.313915, 46.27874, 0.0, 0.0, 0.0, 0
153.63112, 20.057226, 71.41217, 34.219738, 143.657, 139.24669, 15.398871, 19.791328
3.3360002, -11.50351, 42.560112, 45.93638, 0.0, 0.0, 0.0, 0
144.52354, 20.556591, 63.51935, 33.83146, 133.56573, 129.6952, 17.049635, 20.87166
0.36661857, -8.779394, 43.54126, 47.679344, 0.0, 0.0, 0.0, -1
82.192, 19.961578, 1.6583252, 33.721592, 70.735016, 66.338326, 17.8927, 20.93639
0.0, 0.0, 0.0, 0.0, 42.274273, -14.253219, -43.47251, 5
60.76229, 8.6487665, 39.42038, 40.489132, 55.195312, 64.61752, 6.343489, 2.6665952
1.8319203, 0.8395804, 34.26516, -64.89526, 0.0, 0.0, 0.0, 2
15.397332, 8.707029, 86.63449, 40.20257, 92.80301, 91.643036, 5.2835565, 2.5140228
2.23843, 8.32353, 29.150475, -62.526, 0.0, 0.0, 0.0, 2
8.552564, 6.225777, 94.912186, 40.283077, 110.18919, 108.95865, 5.4501166, 3.0920024
0.61902976, 12.351608, 35.414482, -52.233906, 0.0, 0.0, 0.0, -1
43.5549, 3.7538805, 48.97226, 40.461937, 71.41321, 75.937225, 5.929429, 3.597684
2.252691E-4, 0.0, 0.0, 0.0, -17.521582, -29.487165, 52.991253, 4
52.329468, 3.3416226, 33.24475, 40.461937, 47.232803, 60.018784, 5.5661144, 3.6163857
1.9521613, -28.109646, -36.86062, 35.029743, 0.0, 0.0, 0.0, 1
59.098206, 3.0270586, 17.47821, 40.46178, 28.756744, 41.568466, 5.78938, 3.9196463
6.56829, -36.432533, -7.9457, 55.621765, 0.0, 0.0, 0.0, 0
165.32573, 16.613985, 75.011826, 34.443462, 148.80367, 147.43097, 15.838326, 14.122253
6.4163203, -5.9107704, 46.137127, 47.952106, 0.0, 0.0, 0.0, 0
166.31677, 17.82459, 78.04875, 34.168262, 151.65254, 149.73659, 17.378378, 15.88659
4.7539887, -1.7046067, 48.164967, 50.13043, 0.0, 0.0, 0.0, 0
147.64716, 20.063889, 66.91591, 33.947544, 133.44597, 134.37999, 22.018564, 19.781864
0.4474068, 2.904873, 47.680725, 49.4144, 0.0, 0.0, 0.0, -1
4.760559, 5.1111917, 20.315735, 57.170113, 42.839493, 40.628555, 47.645584, 43.890625
7.3822155, -33.35202, -48.702972, 17.945007, 0.0, 0.0, 0.0, 1
118.046265, 4.6953, 50.736694, 54.70167, 28.718292, 32.266815, 38.319263, 33.229095
9.350584, -23.05332, -34.681465, 42.265213, 0.0, 0.0, 0.0, 1
153.73907, 10.799106, 57.73114, 50.840645, 39.406006, 47.319946, 27.00204, 22.163961
8.973643, -20.670303, -26.859613, 52.470078, 0.0, 0.0, 0.0, 1
159.14537, 14.303961, 61.551453, 49.2503, 49.010254, 61.075195, 21.926783, 17.819334
5.8036337, -21.930592, -1.9655337, 76.10388, 0.0, 0.0, 0.0, 0
163.63748, 22.259895, 73.3138, 46.09468, 113.85805, 136.43861, 14.98536, 17.446072
0.5862582, -10.532152, 36.974167, 52.493687, 0.0, 0.0, 0.0, -1
98.92249, 22.286524, 11.3958435, 45.909817, 61.78302, 79.933174, 15.086872, 19.09621
7.9749874E-4, 0.0, 0.0, 0.0, 41.316025, -13.425073, -45.2589, 5
9.87582, 24.157564, 78.89894, 45.909187, 20.443037, 16.14284, 19.96508, 22.540638
0.98354137, -30.11758, -36.442493, -33.439926, 0.0, 0.0, 0.0, -1
9.967019, 24.175455, 77.76111, 45.909187, 19.50085, 15.41415, 20.30388, 22.612698
6.4144535, -31.399294, -35.774406, -32.8263, 0.0, 0.0, 0.0, 1
19.905542, 22.083895, 47.325134, 43.743664, 14.003754, 15.958557, 18.746794, 20.604937
9.338654, -34.189613, -34.38341, -31.42698, 0.0, 0.0, 0.0, 1
26.970448, 20.34905, 42.838074, 42.233284, 21.794342, 23.507965, 17.20495, 18.92681
9.21793, -35.6211, -33.698395, -30.680504, 0.0, 0.0, 0.0, 0
37.5104, 16.969267, 42.28708, 39.261425, 30.547749, 31.620314, 14.335329, 15.959313
9.237294, -31.666296, -38.307705, -30.025997, 0.0, 0.0, 0.0, 1
62.42369, 11.668785, 51.26947, 33.844994, 49.696075, 46.928, 8.221044, 10.147345
9.318042, -35.307472, -38.37758, -26.314947, 0.0, 0.0, 0.0, 1
60.01112, 10.837338, 61.430664, 32.94509, 50.214878, 45.15586, 6.7269816, 8.603523
9.175005, -70.25859, 27.770025, 1.9713806, 0.0, 0.0, 0.0, 0
76.36592, 7.959764, 74.54767, 31.426067, 101.494385, 72.59476, 3.498879, 4.6010556
7.6209445, -25.194967, 42.422474, 32.382557, 0.0, 0.0, 0.0, 0
157.84692, 9.659375, 51.194305, 27.469084, 172.85918, 171.43277, 9.598633, 8.628649
5.0873256, -14.958048, 45.260536, 39.781414, 0.0, 0.0, 0.0, 0
162.46649, 12.012788, 58.45642, 25.129425, 172.29054, 176.02393, 12.615261, 11.369022
7.9361525, 17.736864, 44.750366, 37.512768, 0.0, 0.0, 0.0, -1
144.00691, 21.824863, 130.22449, 28.943916, 159.38417, 155.3437, 22.535875, 19.956266
2.6350913, 25.716484, 38.99489, 35.288628, 0.0, 0.0, 0.0, -1
34.77166, 22.37714, 109.45629, 31.456429, 49.708794, 46.128746, 24.680101, 22.047937
0.0, 0.0, 0.0, 0.0, -39.900448, -19.2533, -40.846256, 5
4.980774, 20.699593, 77.133514, 43.688614, 82.49063, 83.79773, 5.0964046, 3.5056512
0.5608369, -21.5529, -10.409296, -68.0378, 0.0, 0.0, 0.0, -1
10.9568615, 15.719323, 100.77522, 43.52091, 96.16823, 137.72563, 4.1984763, 3.1447983
0.0022108313, 0.0, 0.0, 0.0, -35.764133, -44.89092, 19.344948, 4
4.9542694, 9.862022, 69.02864, 48.14957, 67.38304, 59.21556, 4.608436, 6.012435
1.863106, 9.848452, 18.148907, -72.00264, 0.0, 0.0, 0.0, 2
0.5534668, 6.363593, 93.92857, 48.294106, 106.889206, 102.86882, 4.0167403, 6.341228
0.6017234, 8.110388, 30.330776, -61.558838, 0.0, 0.0, 0.0, -1
31.306961, 4.8980813, 63.464615, 48.393887, 87.320206, 79.398605, 4.4188304, 6.6473703
4.9683258E-5, 0.0, 0.0, 0.0, -23.004995, -7.498884, 69.49612, 3
62.87259, 4.8986855, 31.891418, 48.393883, 49.331604, 29.1333, 2.9860342, 5.7808766
6.0463166, -27.62305, 14.474919, 57.90203, 0.0, 0.0, 0.0, 0
171.25148, 7.3577275, 62.02481, 46.87589, 111.35092, 127.59683, 3.6320336, 6.6542516
9.287765, -12.578104, 42.24651, 45.17539, 0.0, 0.0, 0.0, 0
173.5935, 18.264082, 75.641556, 43.708252, 154.19026, 158.69327, 14.435304, 16.724733
3.6246815, -3.0183535, 48.11596, 48.865685, 0.0, 0.0, 0.0, 0
169.15561, 20.720177, 79.11423, 43.125977, 156.128, 155.80602, 19.870102, 21.750977
0.50881773, -0.66668236, 49.322495, 50.010826, 0.0, 0.0, 0.0, -1
105.9908, 20.335205, 17.305878, 43.11117, 93.19794, 91.85028, 20.004423, 22.220646
1.0871887E-5, 0.0, 0.0, 0.0, 40.782475, -12.637119, -46.58041, 5
57.17085, 5.114535, 84.543686, 32.81666, 86.34476, 64.24365, 4.94281, 5.779713
2.6568753E-4, 0.0, 0.0, 0.0, 45.149597, 23.664967, -31.18544, 5
25.67872, 5.1152883, 116.02721, 32.816242, 117.82776, 96.60019, 4.943381, 5.1027575
0.0, 0.0, 0.0, 0.0, 64.15585, 30.235577, 5.6085663, -1
10.020554, 5.115439, 131.68056, 32.816242, 133.482, 113.78876, 4.943875, 4.784852
0.0, 0.0, 0.0, 0.0, 35.5094, 27.38122, 37.109375, -1
0.09108353, 4.7730803, 139.91924, 32.816242, 148.28906, 124.22476, 4.4614296, 4.405346
0.0, 0.0, 0.0, 0.0, 1.7803633, 31.715727, 66.503914, -1
17.449944, 4.525184, 155.63211, 32.816242, 161.04742, 136.66931, 4.340124, 4.1604977
3.0534156E-5, 0.0, 0.0, 0.0, -56.82758, 5.2432957, 37.929123, 3
48.70636, 3.5334997, 157.0924, 32.816242, 151.03189, 171.25458, 3.6568048, 3.676762
0.63261896, 39.50236, 54.958473, -5.539164, 0.0, 0.0, 0.0, -1
64.458206, 2.9626555, 111.3432, 32.816242, 96.90663, 157.39183, 2.7692487, 1.9194796
1.4640391, 27.458954, 61.615078, -10.925962, 0.0, 0.0, 0.0, 2
76.8984, 2.8867626, 80.43567, 32.970757, 67.4677, 123.73981, 2.591029, 1.5942618
2.8022149, -57.330982, 16.026417, 26.642603, 0.0, 0.0, 0.0, 0
167.46967, 7.2687674, 20.821808, 24.236744, 153.61484, 154.65692, 2.4549446, 3.1528018
7.0916862, -9.72321, 51.333694, 38.9431, 0.0, 0.0, 0.0, 0
137.44415, 9.444347, 53.740738, 22.128635, 153.07991, 135.9393, 4.4297557, 5.2736773
9.317166, 10.942025, 50.40232, 38.65566, 0.0, 0.0, 0.0, -1
152.16844, 23.428625, 132.4515, 27.707636, 163.03009, 164.1616, 20.818895, 22.350714
1.6591462, 25.067127, 38.76459, 36.16828, 0.0, 0.0, 0.0, -1
69.44484, 25.389149, 139.66391, 29.040596, 79.146835, 82.11148, 23.036854, 24.034472
0.00219716, 0.0, 0.0, 0.0, -39.915096, -20.16565, -39.919254, 5
2.9650574, 4.936434, 0.6022644, 56.967056, 19.002869, 15.060257, 28.746271, 32.442543
8.774107, -46.603104, -9.325192, 44.071705, 0.0, 0.0, 0.0, 0
150.43059, 8.482152, 56.220062, 51.309742, 93.89003, 81.45184, 17.321953, 32.14123
8.073307, -23.370192, 21.971947, 54.657864, 0.0, 0.0, 0.0, 0
154.63684, 18.65001, 63.58188, 46.5324, 136.22298, 101.28938, 18.043482, 29.072258
3.9573114, -14.990069, 35.24063, 49.769302, 0.0, 0.0, 0.0, 0
158.6493, 22.232895, 69.731995, 44.891792, 146.78906, 121.739975, 21.297508, 25.955742
1.5679215, -12.775472, 38.602425, 48.622105, 0.0, 0.0, 0.0, 0
149.28848, 22.493515, 60.958862, 44.66415, 137.69499, 115.91637, 21.759888, 25.573881
0.40154728, -12.004961, 39.85573, 48.13931, 0.0, 0.0, 0.0, -1
22.89859, 21.072691, 64.239914, 44.501705, 11.187744, 1.0773621, 21.041811, 23.184631
0.0, 0.0, 0.0, 0.0, 38.048405, 14.650213, -47.30138, 5
0.9427185, 19.02668, 81.90083, 44.501705, 9.305344, 14.677734, 19.663988, 22.297686
0.0, 0.0, 0.0, 0.0, -51.432602, 6.9623313, 41.605064, 3
16.598953, 17.168041, 59.571075, 44.501705, 8.861984, 5.1522064, 18.609898, 21.026024
0.4945571, -45.375957, 22.963663, 31.660372, 0.0, 0.0, 0.0, -1
30.646088, 16.867575, 43.791595, 44.501705, 23.722397, 20.538727, 18.433878, 20.717125
5.205808, -42.923912, 25.502161, 31.573927, 0.0, 0.0, 0.0, 0
87.23326, 16.460299, 19.527725, 44.147427, 84.086624, 82.274734, 18.050152, 19.80391
8.564748, -42.379215, 24.53004, 33.090744, 0.0, 0.0, 0.0, 0
114.62366, 18.06274, 41.934982, 41.45482, 111.45923, 109.543304, 19.279255, 20.723701
6.161914, -32.80557, 32.251957, 34.942474, 0.0, 0.0, 0.0, 0
125.914185, 21.051077, 48.694305, 37.17871, 122.50873, 120.37294, 22.004738, 23.35766
2.8968587, -29.55317, 32.836628, 37.610207, 0.0, 0.0, 0.0, 0
130.34851, 23.066133, 52.929962, 35.114887, 125.75833, 123.60274, 23.509876, 25.478617
0.56822616, -27.030954, 34.77531, 38.193733, 0.0, 0.0, 0.0, -1
68.94287, 23.724562, 8.720932, 34.650345, 63.15265, 60.711563, 23.688227, 25.966785
3.188921E-5, 0.0, 0.0, 0.0, 42.2368, -15.526405, -42.236794, -1
16.030563, 18.962912, 179.96664, 36.135735, 141.58563, 118.98853, 19.547695, 30.310696
6.497115, 66.91283, 18.277378, -14.809792, 0.0, 0.0, 0.0, 2
50.753284, 16.885515, 148.87175, 39.037697, 120.88393, 152.86584, 22.11099, 29.23664
8.175053, 31.017569, 39.520996, 29.461428, 0.0, 0.0, 0.0, -1
122.9291, 20.621851, 125.93626, 44.34398, 117.57365, 178.77425, 21.24597, 31.670122
3.533941, 27.554031, 38.56954, 33.876427, 0.0, 0.0, 0.0, -1
124.05683, 24.197582, 145.43575, 47.82105, 163.86589, 155.98395, 19.26417, 30.728899
0.657814, 28.63113, 40.217224, 31.15164, 0.0, 0.0, 0.0, -1
94.45283, 24.337788, 177.44632, 48.123505, 159.69571, 122.82946, 19.174576, 30.07025
0.08262288, 0.0, 0.0, 0.0, -38.500263, -22.031397, -39.468334, 5
64.39474, 24.16448, 151.06241, 48.174065, 123.8908, 89.76746, 18.86697, 29.005444
0.0, 0.0, 0.0, 0.0, -38.952026, -22.6982, -38.349773, 3
58.953293, 8.089972, 22.59871, 40.80836, 64.70027, 23.290817, 5.084183, 5.047269
1.3620708, 1.0285535, 24.052145, -74.919304, 0.0, 0.0, 0.0, 2
10.295029, 4.927182, 69.878876, 40.741444, 103.20329, 80.538315, 5.385795, 5.082676
0.3123026, -15.118744, 14.860455, -70.0208, 0.0, 0.0, 0.0, -1
25.838135, 4.359092, 54.62767, 40.714386, 91.03294, 69.24049, 5.5974917, 5.145823
0.038492423, 0.0, 0.0, 0.0, -22.035568, -21.629747, 56.33468, 3
41.487152, 4.320687, 38.981445, 40.712017, 75.66098, 53.960052, 5.618908, 5.1533375
2.1550138, -26.06346, -38.46814, 35.4684, 0.0, 0.0, 0.0, 1
72.863495, 4.3201613, 7.609741, 40.712013, 44.28662, 22.58847, 5.6198273, 5.153336
4.9389353, -27.277868, -28.54394, 44.17819, 0.0, 0.0, 0.0, 1
88.64992, 4.3199263, 8.174225, 40.71201, 28.501282, 6.804535, 5.620294, 5.1533356
8.215459, -33.71505, -1.2745044, 65.01045, 0.0, 0.0, 0.0, 0
171.49573, 18.68682, 82.14722, 34.853874, 159.11145, 154.42471, 14.575829, 18.091436
3.9531894, 1.557212, 48.675995, 49.766792, 0.0, 0.0, 0.0, -1
172.65791, 20.913864, 86.501755, 34.81863, 161.48412, 157.12735, 18.215391, 19.896252
1.9073079, 3.3095524, 47.956234, 48.734215, 0.0, 0.0, 0.0, -1
158.84209, 22.689068, 75.41855, 34.91035, 148.74539, 144.79977, 20.45402, 21.139652
0.47807533, 0.60996205, 49.084602, 50.30543, 0.0, 0.0, 0.0, -1
127.57007, 23.186829, 44.914795, 34.95246, 117.8055, 113.91986, 20.921293, 21.591225
0.03646406, 0.0, 0.0, 0.0, 25.017094, -22.247412, -52.735497, 5
64.311134, 23.273718, 18.209747, 34.96065, 54.843353, 51.03354, 20.996986, 21.684519
0.0020519616, 0.0, 0.0, 0.0, 43.84572, -12.302053, -43.852226, 5
0.22807312, 19.745174, 77.6263, 34.962578, 8.093613, 13.827866, 18.060635, 19.19543
0.0, 0.0, 0.0, 0.0, -46.662464, -19.046783, 34.290752, 3
21.687622, 17.927286, 60.81517, 54.026432, 28.179794, 42.111557, 58.95452, 50.08227
4.623992, -24.113733, -40.513626, -35.372646, 0.0, 0.0, 0.0, 1
73.440704, 13.475356, 33.77539, 50.688255, 2.5226288, 13.322815, 53.30002, 45.175655
0.9861512, -24.456484, -42.60946, -32.93406, 0.0, 0.0, 0.0, -1
91.37656, 12.994322, 18.78534, 50.35192, 17.893005, 2.0519562, 52.660187, 43.81895
5.557905, -13.011588, 22.061699, 64.92671, 0.0, 0.0, 0.0, 0
174.7032, 18.052126, 71.451904, 49.21341, 110.68294, 99.21185, 45.500534, 35.06646
3.8146732, -2.2866154, 35.65004, 62.063343, 0.0, 0.0, 0.0, 0
169.74548, 23.588366, 78.87921, 48.742092, 122.191284, 117.62085, 41.28448, 31.178179
1.0232632, 0.28080258, 39.973988, 59.74521, 0.0, 0.0, 0.0, -1
139.02573, 24.07292, 50.428772, 48.74396, 94.673096, 91.42598, 40.4458, 30.569159
0.26107147, 0.6541512, 40.72504, 58.62081, 0.0, 0.0, 0.0, -1
106.2352, 24.088612, 19.203445, 48.746834, 64.443726, 62.30269, 39.351208, 29.759563
2.62723E-4, 0.0, 0.0, 0.0, 42.434555, -2.025741, -55.539703, 5
3.0030365, 17.426811, 95.56717, 18.83611, 96.93251, 93.37741, 4.286097, 2.704646
1.1039089, 9.57629, 26.44611, -63.9776, 0.0, 0.0, 0.0, 2
10.898803, 13.418228, 96.77188, 37.942966, 145.93898, 91.454895, 2.5935915, 4.436636
0.0, 0.0, 0.0, 0.0, -41.14683, -44.63336, 14.219807, 4
26.690256, 13.338746, 112.52665, 37.942966, 161.69376, 107.20966, 2.5935915, 4.436636
0.0, 0.0, 0.0, 0.0, -52.787834, -37.259834, 9.952333, 3
20.138594, 13.338635, 105.97505, 37.942966, 155.14215, 83.712234, 2.5935915, 4.951722
0.0, 0.0, 0.0, 0.0, -50.32069, 2.561653, 47.11766, 3
39.77954, 13.167654, 43.10022, 37.942966, 92.26732, 9.201569, 2.5935915, 8.944816
0.7440031, -32.860943, -18.849756, 48.289295, 0.0, 0.0, 0.0, -1
55.639526, 13.16766, 27.24002, 37.942966, 59.245163, 27.082062, 2.3032634, 9.638851
5.384347, -28.473461, 23.445778, 48.08076, 0.0, 0.0, 0.0, 0
151.27014, 22.545326, 70.49646, 33.390892, 143.57675, 138.76257, 17.347187, 20.76288
2.0139785, -10.944269, 42.936333, 46.1194, 0.0, 0.0, 0.0, 0
152.99992, 24.215416, 73.546295, 32.982105, 145.09305, 141.52676, 19.199108, 22.250795
0.6544072, -10.620295, 43.041813, 46.33789, 0.0, 0.0, 0.0, -1
133.31119, 24.798464, 54.366272, 32.853016, 125.16907, 122.16724, 19.890429, 22.775219
0.012569565, 0.0, 0.0, 0.0, 18.638866, -24.632616, -56.72852, 5
70.57986, 24.819523, 8.350952, 32.846138, 61.34439, 59.447906, 20.205265, 22.793734
0.0024064907, 0.0, 0.0, 0.0, 42.776363, -14.452105, -42.771534, -1
12.814728, 3.5622983, 135.19244, 10.573094, 137.06, 132.06964, 3.9417071, 7.3375225
5.0309306E-4, 0.0, 0.0, 0.0, 56.868237, 24.42913, 18.702633, -1
9.934006, 3.5622377, 138.06836, 10.573273, 139.54306, 149.55414, 3.840608, 6.07735
2.800029E-4, 0.0, 0.0, 0.0, -4.0070276, -31.596783, 64.396194, 4
37.14219, 3.5621204, 174.8615, 10.573536, 175.23784, 152.81554, 3.2910633, 4.54149
3.079349E-4, 0.0, 0.0, 0.0, -38.331623, -23.33484, 38.333534, 3
52.956947, 3.5621204, 159.04674, 10.573536, 174.96153, 126.02098, 3.2720969, 3.6707149
0.9833621, 53.285713, 44.632084, -2.0822043, 0.0, 0.0, 0.0, -1
68.701805, 3.5621204, 143.30188, 10.573536, 165.28638, 93.8239, 3.2517867, 2.6272566
2.6219435, 48.87384, 42.39791, 8.728247, 0.0, 0.0, 0.0, -1
84.47656, 4.6998158, 127.52841, 10.573662, 156.62459, 68.362595, 4.695982, 1.9751023
7.2268662, 18.910662, 38.280487, 42.808853, 0.0, 0.0, 0.0, -1
159.37927, 24.894571, 167.23499, 21.597322, 165.66962, 169.50061, 23.172955, 23.448618
0.53251565, 29.614714, 35.197784, 35.187504, 0.0, 0.0, 0.0, -1
127.96336, 25.360594, 160.68109, 21.984468, 134.15555, 137.72263, 23.55315, 24.109764
0.0664055, 0.0, 0.0, 0.0, -39.866096, -20.298107, -39.835796, 3
64.860016, 25.427061, 97.48433, 22.039686, 70.61368, 72.41804, 23.14525, 24.540829
0.0, 0.0, 0.0, 0.0, -39.940773, -20.118654, -39.940575, 3
33.526447, 25.42705, 66.150696, 22.039686, 39.640137, 41.004295, 22.945372, 24.435776
1.7881393E-5, 0.0, 0.0, 0.0, -39.54493, -19.965809, -40.48926, 5
4.9297714, 25.427082, 37.553963, 22.039686, 11.508171, 12.408604, 22.817902, 24.365032
0.7415485, -35.36006, -33.404694, -31.23524, 0.0, 0.0, 0.0, -1
4.9298096, 25.427107, 37.553963, 22.039686, 12.029932, 12.340506, 22.795729, 24.385155
4.5547266, -35.11748, -33.64581, -31.236708, 0.0, 0.0, 0.0, 0
4.1918983, 24.866287, 37.553963, 22.039686, 13.192108, 11.548872, 22.923815, 24.36588
8.782038, -34.861874, -34.18167, -30.956455, 0.0, 0.0, 0.0, 0
25.815125, 20.773485, 14.424584, 19.352354, 16.273037, 18.18826, 20.232521, 21.65177
9.179966, -34.826035, -34.66732, -30.506649, 0.0, 0.0, 0.0, 0
35.127686, 16.009045, 17.171515, 15.760492, 23.086937, 27.460598, 15.9374, 16.920525
9.250414, -33.967323, -37.27594, -28.756731, 0.0, 0.0, 0.0, 1
49.16682, 11.485236, 22.84879, 12.341532, 31.530247, 38.664726, 11.80181, 12.437302
8.642369, -35.189556, -48.461365, -16.349081, 0.0, 0.0, 0.0, 1
84.58693, 6.396271, 49.540806, 8.1169, 39.986034, 52.848186, 6.5177283, 7.169443
5.817456, -26.290863, -43.647537, 30.061596, 0.0, 0.0, 0.0, 1
107.61836, 5.5331926, 63.736176, 7.1758876, 52.139122, 74.806206, 4.680759, 5.6793494
9.258594, 25.945183, 33.378593, 40.676224, 0.0, 0.0, 0.0, -1
165.19662, 22.226385, 164.38599, 18.7952, 172.70016, 168.77037, 20.211891, 21.272896
3.648308, 33.136513, 34.089504, 32.773983, 0.0, 0.0, 0.0, -1
128.99866, 25.509075, 155.0857, 21.938736, 136.12547, 135.0104, 23.48748, 25.009512
0.19455945, 33.011955, 34.000233, 32.98781, 0.0, 0.0, 0.0, -1
97.59534, 25.677702, 123.4926, 22.101307, 104.96718, 104.176956, 23.571318, 25.127
0.002013747, 0.0, 0.0, 0.0, -39.999794, -19.99961, -40.00059, 5
66.01802, 25.677608, 91.91539, 22.101194, 73.57776, 72.58301, 23.592587, 25.111746
0.0024035117, 0.0, 0.0, 0.0, -39.972313, -19.956236, -40.07145, 5
56.766823, 2.8507094, 101.10046, 43.332462, 83.528435, 106.94982, 5.319776, 5.4587765
0.0021164296, 0.0, 0.0, 0.0, 44.51899, 23.18169, -32.299313, 5
25.387272, 2.8501892, 132.47049, 43.3327, 120.4093, 138.67792, 4.876522, 5.0640597
0.0020754486, 0.0, 0.0, 0.0, 72.06403, 20.974741, 6.9612207, -1
9.858734, 2.8500497, 147.99481, 43.332733, 136.7915, 154.01147, 4.8265915, 5.272368
0.0014999474, 0.0, 0.0, 0.0, 4.8742003, -14.29853, 80.82727, 4
2.0842514, 2.8497493, 155.75757, 43.33296, 142.54489, 161.85477, 4.7117395, 5.2826223
7.583411E-4, 0.0, 0.0, 0.0, -26.489235, -16.22014, 57.290627, 3
29.290771, 2.8497393, 172.88036, 43.333122, 165.98286, 162.20107, 4.4336534, 4.7189026
0.12539645, -36.124866, -26.839993, 37.03514, 0.0, 0.0, 0.0, -1
45.07084, 2.849411, 157.09839, 43.33313, 177.60904, 143.21066, 4.2421618, 4.089523
5.6366553, -28.332197, 20.116652, 51.551144, 0.0, 0.0, 0.0, 0
168.31711, 19.140099, 76.45868, 38.734295, 157.58733, 151.91138, 17.629175, 16.006495
4.9120865, -3.312714, 47.72538, 48.961906, 0.0, 0.0, 0.0, 0
165.4094, 23.338902, 81.49396, 38.371204, 158.55298, 153.50601, 21.602789, 19.81009
2.8151302, -0.69893074, 49.056015, 50.24506, 0.0, 0.0, 0.0, 0
165.24951, 25.348248, 84.29889, 38.30027, 158.61075, 153.71722, 23.783226, 21.923218
1.39221, 0.26210347, 49.197628, 50.540268, 0.0, 0.0, 0.0, -1
150.42017, 26.18948, 70.427826, 38.29864, 143.46173, 139.14496, 24.83671, 22.957695
0.5386323, 0.82896185, 48.89286, 50.278175, 0.0, 0.0, 0.0, -1
119.10318, 26.651937, 39.645325, 38.30579, 111.63666, 108.00668, 25.477722, 23.651596
0.034818158, 0.0, 0.0, 0.0, 26.648327, -22.287746, -51.063927, 5
56.05191, 26.720013, 23.327911, 38.307312, 48.1839, 44.58004, 25.153269, 24.278944
3.6239624E-5, 0.0, 0.0, 0.0, 43.87128, -12.260405, -43.868313, -1
27.276276, 10.345764, 46.27263, 42.20743, 29.08458, 44.788498, 1.660832, 6.7941074
0.4598586, -30.140474, -11.230031, 58.629494, 0.0, 0.0, 0.0, -1
41.45543, 10.154485, 30.733917, 42.445004, 20.879425, 18.323822, 2.1009092, 7.3755593
3.5089698, -34.506386, 21.976318, 43.517296, 0.0, 0.0, 0.0, 0
107.88301, 9.111311, 33.019775, 42.034004, 113.92313, 71.60574, 3.976378, 9.148959
9.287024, -14.412844, 41.006107, 44.581047, 0.0, 0.0, 0.0, 0
159.74225, 17.750828, 69.50021, 37.541443, 153.2957, 142.1324, 13.958285, 16.408321
6.807885, -5.461667, 46.683, 47.85534, 0.0, 0.0, 0.0, 0
162.13422, 20.636871, 74.10086, 36.83902, 154.96483, 147.14706, 16.600262, 19.05566
3.8028467, -5.6382866, 46.26806, 48.093655, 0.0, 0.0, 0.0, 0
164.82333, 22.602808, 78.30951, 36.41738, 154.72, 152.01521, 19.01589, 21.015993
1.6663754, -3.9289427, 47.15194, 48.91912, 0.0, 0.0, 0.0, 0
80.62399, 23.940931, 4.44516, 36.237087, 69.598434, 67.32204, 21.531618, 22.85364
0.0021660884, 0.0, 0.0, 0.0, 42.153748, -15.981512, -41.864742, -1
49.39273, 23.732967, 35.96872, 36.23697, 37.88614, 35.509186, 21.249538, 22.557804
0.0017146408, 0.0, 0.0, 0.0, 43.721687, -13.279831, -42.99848, -1
18.036835, 23.732645, 67.32504, 36.23678, 7.35376, 4.2214966, 21.274023, 22.324127
0.0023532491, 0.0, 0.0, 0.0, 46.38704, 11.63266, -41.9803, 5
29.11287, 10.627501, 55.689713, 19.591059, 92.085815, 56.435852, 2.8751338, 3.526449
1.1820076, 16.027445, 35.23058, -48.741974, 0.0, 0.0, 0.0, 2
66.760254, 19.387083, 129.13971, 33.80002, 73.05255, 131.76038, 18.924511, 25.028788
9.024631, 53.52623, 27.806314, 18.667456, 0.0, 0.0, 0.0, -1
102.40104, 20.019747, 132.9873, 38.702805, 104.439186, 145.80493, 9.228903, 23.86097
4.377167, 33.357014, 40.607025, 26.035973, 0.0, 0.0, 0.0, -1
90.97699, 24.119993, 176.9158, 45.899597, 122.60957, 141.4945, 15.959267, 24.542812
0.15134795, 30.670076, 40.364086, 28.965837, 0.0, 0.0, 0.0, -1
61.00287, 23.974258, 145.18048, 46.01287, 86.81279, 106.61386, 17.061207, 24.044674
2.3841858E-7, 0.0, 0.0, 0.0, -39.810234, -26.669329, -33.52044, 3
4.8171234, 21.804491, 80.02861, 46.01287, 17.19168, 21.37648, 21.885384, 23.1412
0.0, 0.0, 0.0, 0.0, -58.6911, -7.181617, 34.12728, 3
9.365509, 19.226515, 63.2016, 46.01287, 2.9485626, 6.833908, 20.424376, 21.983023
0.6198113, -57.205795, 12.735507, 30.058687, 0.0, 0.0, 0.0, -1
23.969055, 18.884043, 47.48738, 46.01287, 12.142517, 8.146652, 20.157925, 21.770885
4.353718, -51.465893, 16.795578, 31.73853, 0.0, 0.0, 0.0, 0
107.50729, 18.430513, 33.401794, 44.18262, 94.3752, 89.705414, 19.461117, 21.118248
6.886589, -40.120647, 23.62675, 36.2526, 0.0, 0.0, 0.0, 0
120.21176, 20.470772, 40.243103, 41.5031, 106.95805, 102.98726, 20.111153, 21.58958
4.695534, -34.05878, 28.10995, 37.83127, 0.0, 0.0, 0.0, 0
124.264465, 24.760048, 39.750275, 37.551575, 114.37761, 110.42474, 22.912872, 23.03532
0.7341182, -29.770952, 31.548374, 38.680668, 0.0, 0.0, 0.0, -1
93.66324, 25.202826, 9.007172, 37.21419, 84.00255, 80.08925, 23.295626, 23.138956
0.14983805, -29.627201, 31.674776, 38.698025, 0.0, 0.0, 0.0, -1
32.017303, 24.405388, 53.91028, 37.128483, 20.757187, 16.908112, 23.15199, 22.740593
0.0013025617, 0.0, 0.0, 0.0, 47.988144, -5.813587, -46.198265, -1
60.872284, 14.297778, 16.794891, 40.795334, 12.6853485, 13.798004, 6.160717, 4.7466507
1.5755244, -19.317593, -26.28221, -54.4002, 0.0, 0.0, 0.0, 2
18.4039, 8.956666, 82.9041, 40.250538, 72.65477, 133.64851, 4.3130746, 3.0284672
0.0017228121, 0.0, 0.0, 0.0, 64.580574, 5.7957063, 29.623714, -1
31.77002, 8.807047, 98.62344, 40.25085, 88.37735, 149.36441, 4.3139634, 3.0287793
0.0016425794, 0.0, 0.0, 0.0, 33.699444, -19.694002, 46.606556, 4
54.461853, 6.667497, 161.5115, 40.252148, 134.09236, 147.75757, 4.692361, 3.0312142
7.404172E-4, 0.0, 0.0, 0.0, -42.275127, -5.554665, 52.17021, 3
73.66646, 6.4294643, 166.9461, 40.2529, 147.70314, 124.3725, 4.7662964, 3.1220107
4.969043, -20.701162, 21.426487, 57.87235, 0.0, 0.0, 0.0, 0
174.7847, 18.879807, 91.68317, 36.570843, 174.09933, 167.66014, 17.52562, 16.545088
4.876898, 1.5366085, 49.094425, 49.368965, 0.0, 0.0, 0.0, -1
174.8175, 21.38784, 95.613846, 36.5144, 174.3197, 172.48286, 20.363468, 18.898026
2.682407, 3.9917746, 47.925667, 48.082554, 0.0, 0.0, 0.0, -1
157.0148, 24.946959, 119.00731, 36.728104, 168.40442, 167.29655, 23.956297, 22.428719
0.49987844, 4.7866483, 47.436813, 47.77654, 0.0, 0.0, 0.0, -1
125.46384, 25.389334, 151.23676, 36.774097, 137.05334, 135.45349, 24.322046, 22.897493
0.020898629, 0.0, 0.0, 0.0, -35.2456, -21.658348, -43.096046, 5
30.729858, 25.448568, 113.94563, 36.77795, 43.41678, 40.52449, 24.027273, 22.964153
0.0022504916, 0.0, 0.0, 0.0, -39.374016, -19.908588, -40.717396, 5
36.176254, 20.21626, 54.211227, 23.306206, 89.55495, 55.68991, 2.6638956, 3.5483227
11.367615, -63.284866, 35.996742, -0.71838456, 0.0, 0.0, 0.0, 0
1.1884613, 13.20327, 90.54649, 23.410479, 126.530106, 102.21059, 3.3392303, 3.9274006
12.770048, -55.10137, 27.956137, 16.942497, 0.0, 0.0, 0.0, 0
30.970459, 5.951392, 14.967773, 15.05483, 129.28143, 1.1316681, 2.376465, 4.4400086
5.6881084, -54.711884, 28.746996, 16.541122, 0.0, 0.0, 0.0, 0
130.86717, 5.264583, 50.96997, 10.983869, 82.65051, 97.682465, 2.8665018, 4.223926
6.9428706, -17.07185, 37.25208, 45.67607, 0.0, 0.0, 0.0, 0
141.6172, 5.7960844, 51.778717, 9.736422, 92.14303, 108.263596, 2.7333844, 4.58256
8.593918, 23.481546, 36.693954, 39.8245, 0.0, 0.0, 0.0, -1
164.6626, 12.995419, 138.79597, 10.409499, 160.60971, 179.07332, 5.409231, 11.117465
7.907526, 33.916714, 34.416294, 31.666994, 0.0, 0.0, 0.0, -1
160.69821, 24.588402, 171.93373, 21.281906, 170.16302, 168.42801, 21.251204, 23.068546
0.8481894, 32.722282, 34.12164, 33.15608, 0.0, 0.0, 0.0, -1
98.01149, 25.42287, 124.3929, 22.094725, 103.69562, 105.19377, 22.982698, 24.450155
8.0944425E-5, 0.0, 0.0, 0.0, -40.132866, -19.734306, -40.132828, 3
66.656075, 25.422976, 93.03738, 22.094822, 72.43038, 74.53007, 23.151974, 24.48374
3.5762787E-5, 0.0, 0.0, 0.0, -40.109585, -19.78082, -40.109592, 5
4.8742065, 25.422962, 31.255524, 22.094807, 10.596771, 13.48793, 23.267473, 24.293732
0.2477111, -35.243416, -33.407967, -31.34862, 0.0, 0.0, 0.0, -1
4.8742065, 25.422956, 31.255524, 22.0948, 10.466766, 13.646805, 23.283121, 24.168901
5.8021746, -35.021427, -33.69301, -31.285563, 0.0, 0.0, 0.0, 0
20.309937, 21.388073, 11.787476, 20.002693, 11.309113, 7.505493, 20.854677, 21.566332
9.339924, -34.528915, -35.10662, -30.36446, 0.0, 0.0, 0.0, 1
37.761154, 13.962252, 11.962952, 14.415138, 20.566605, 13.281815, 14.520044, 15.089554
8.70681, -35.08715, -40.38514, -24.527714, 0.0, 0.0, 0.0, 1
50.014427, 9.700941, 21.676453, 10.950462, 23.335175, 11.002655, 10.341932, 10.751406
7.1310177, -55.408627, -42.629154, -1.9622164, 0.0, 0.0, 0.0, 0
73.006226, 6.4038243, 38.836624, 7.9173336, 30.619415, 7.2577515, 6.311444, 6.432875
3.7368667, -57.818, -4.842194, 37.33981, 0.0, 0.0, 0.0, 0
160.62956, 5.731547, 19.122559, 4.1192636, 113.13919, 84.28922, 3.953061, 2.272031
1.169555, -33.53456, 35.93157, 30.533876, 0.0, 0.0, 0.0, 0
150.98099, 5.767413, 36.86458, 3.5198095, 107.382126, 83.91285, 4.019982, 2.0232728
0.7068421, 33.004875, 39.867153, -27.12797, 0.0, 0.0, 0.0, -1
101.71533, 5.9570103, 76.796906, 3.1890569, 67.11808, 43.432716, 3.6998875, 1.5952797
2.1628385, 52.289886, -28.598045, -19.112066, 0.0, 0.0, 0.0, 1
67.87075, 4.537961, 139.72684, 4.5178432, 55.77944, 10.06205, 1.5949609, 1.5959626
4.6581154, 49.76226, 30.98713, 19.25061, 0.0, 0.0, 0.0, -1
157.08598, 24.753464, 137.2972, 21.792656, 150.59615, 153.97118, 23.392008, 19.992588
0.37877047, 30.926376, 34.406113, 34.66751, 0.0, 0.0, 0.0, -1
31.468506, 25.39817, 12.257538, 22.361294, 25.167542, 24.811981, 24.018526, 20.91186
0.0021485554, 0.0, 0.0, 0.0, 8.223407, -25.026005, -66.75059, 5
4.913391, 24.465761, 15.529022, 22.359297, 2.5014648, 4.899994, 23.879566, 21.846798
1.477672E-4, 0.0, 0.0, 0.0, -30.056011, 13.2876215, 56.65637, 3
4.9403076, 23.569569, 16.738403, 22.35916, 3.06604, 5.148163, 23.629015, 21.829325
0.0, 0.0, 0.0, 0.0, 9.842006, 23.425777, 66.732216, -1
4.9988403, 21.883503, 19.138947, 22.35916, 3.202362, 5.976349, 22.837105, 21.522606
0.99297535, -65.33727, -12.995882, 21.666843, 0.0, 0.0, 0.0, -1
12.255066, 21.042871, 13.180756, 22.35916, 4.044647, 0.38174438, 22.263418, 21.212557
6.2599444, -39.818985, 13.950581, 46.230434, 0.0, 0.0, 0.0, 0
101.334656, 19.675196, 71.446045, 21.556614, 92.2865, 87.67825, 20.555035, 19.576448
7.2645307, -4.471735, 37.34619, 58.18207, 0.0, 0.0, 0.0, 0
112.86876, 20.197538, 81.09978, 20.957561, 103.563, 99.50539, 20.803865, 19.562363
3.9392915, 12.94202, 38.795654, 48.262325, 0.0, 0.0, 0.0, -1
127.452774, 23.87992, 98.99361, 21.536573, 120.123375, 118.908844, 23.507355, 21.985916
1.0902498, 17.310453, 38.208652, 44.480896, 0.0, 0.0, 0.0, -1
101.41739, 24.428137, 73.62076, 21.743343, 94.2528, 93.0318, 24.009354, 22.501839
0.2872053, 17.934763, 37.998783, 44.066452, 0.0, 0.0, 0.0, -1
70.48761, 24.625422, 42.930634, 21.822905, 63.401096, 62.216927, 24.219416, 22.70538
0.0029441975, 0.0, 0.0, 0.0, -17.531036, -25.692194, -56.776775, 5
38.99047, 24.627174, 11.435608, 21.823563, 31.937973, 30.812927, 24.260725, 22.735329
8.241887E-4, 0.0, 0.0, 0.0, 20.44343, -22.460505, -57.09607, 5
4.881404, 24.626974, 22.673672, 21.823174, 2.1086798, 3.1634712, 24.261425, 22.74013
3.6925533, -34.254723, -33.866695, -31.878584, 0.0, 0.0, 0.0, 0
4.9560833, 23.057417, 24.784246, 21.822788, 2.4584694, 4.3948956, 23.868465, 22.480083
8.29223, -34.17601, -34.33622, -31.487768, 0.0, 0.0, 0.0, 1
21.585442, 19.654905, 13.6555, 19.989363, 12.510723, 10.94607, 21.400427, 19.904638
9.198629, -33.75518, -35.55918, -30.685633, 0.0, 0.0, 0.0, 1
91.211, 4.35633, 70.72479, 7.7548103, 2.9098053, 18.445976, 5.2539406, 3.5790668
4.630994, -41.785404, 13.634004, 44.58059, 0.0, 0.0, 0.0, 0
150.94487, 4.440065, 44.30725, 6.693368, 33.610626, 63.49764, 2.9843814, 1.6026181
7.521586, -7.6078796, 34.622543, 57.769577, 0.0, 0.0, 0.0, 0
157.92126, 6.0017705, 40.472443, 5.0023246, 81.11165, 133.96838, 2.5069902, 2.8145196
8.735037, 31.836084, 34.27638, 33.88754, 0.0, 0.0, 0.0, -1
155.95212, 23.684649, 177.5253, 20.356384, 163.57208, 163.81604, 21.347843, 22.932556
1.7732041, 33.98387, 33.76926, 32.24687, 0.0, 0.0, 0.0, -1
155.33414, 24.54291, 179.15134, 21.255152, 162.73102, 162.92508, 22.282373, 23.871788
0.86723554, 33.843407, 33.782974, 32.37362, 0.0, 0.0, 0.0, -1
92.97566, 25.374216, 117.58392, 22.112823, 100.240906, 100.37784, 23.228151, 24.82001
1.540708E-5, 0.0, 0.0, 0.0, -40.006046, -19.987911, -40.006046, 3
61.465546, 25.37423, 86.07381, 22.112839, 68.74295, 68.93469, 23.291908, 24.871225
0.0, 0.0, 0.0, 0.0, -40.006367, -19.987265, -40.006367, 3
29.798157, 25.37423, 54.406418, 22.112839, 36.776337, 37.312332, 23.349312, 24.919607
0.0, 0.0, 0.0, 0.0, -40.01167, -19.976664, -40.01167, 3
1.4779358, 26.105074, 61.848022, 58.310555, 65.52017, 94.63751, 49.857178, 30.561293
6.814773, -46.72347, -44.27812, -8.998411, 0.0, 0.0, 0.0, 0
71.09473, 25.249708, 0.65179443, 55.49691, 1.0561371, 27.498764, 42.201603, 24.411293
5.7601633, -51.00408, -48.9806, -0.015314806, 0.0, 0.0, 0.0, 0
85.15349, 24.631899, 1.4912262, 49.410954, 8.751663, 19.47017, 31.691006, 14.860519
2.8014033, -47.49251, -46.16597, 6.341514, 0.0, 0.0, 0.0, 0
79.01138, 24.660538, 11.101303, 45.79394, 7.5272675, 5.84256, 24.426825, 8.935724
0.5792807, -47.71705, -44.85265, 7.4303074, 0.0, 0.0, 0.0, -1
47.53224, 24.449728, 42.41043, 45.304173, 20.295792, 26.547562, 23.21624, 8.445674
0.08438778, 0.0, 0.0, 0.0, 45.474094, 1.9784642, -52.547443, 5

SIGNAL KNOWLEDGE:
4.941086, 25.650412, 4.4879913, 26.62674, 0.93803406, 39.242706, 4.8100147, 5.7015886,implicit, 1
4.8746643, 20.804216, 69.15109, 27.523382, 6.486023, 10.169678, 20.561556, 19.625254,implicit, 0
23.596222, 17.656246, 4.942566, 50.334675, 5.0596313, 3.5516663, 30.04653, 45.452385,implicit, 1
60.792755, 5.5569053, 29.180603, 39.75413, 25.7706, 40.202637, 4.787192, 7.73299,implicit, 1
9.915141, 29.451012, 69.62079, 35.054726, 16.779572, 18.973572, 27.627827, 25.677027,explicit:callForPass, 0
42.325294, 12.53907, 25.549133, 22.371054, 19.788452, 19.498383, 6.95627, 3.0260603,implicit, 1
142.87682, 3.859829, 134.03001, 22.863003, 112.97835, 166.04176, 3.8568466, 4.079568,implicit, 0
4.848095, 25.366295, 60.01993, 24.494198, 12.711323, 10.5555, 24.60152, 23.289217,explicit:callForPass, 0
6.3128586, 22.525135, 95.13957, 50.387383, 31.20967, 17.98332, 22.508076, 20.92912,explicit:callForPass, 0
23.96567, 14.579421, 73.22707, 42.525753, 78.64944, 61.420647, 4.201328, 6.7925196,implicit, 1
4.9479866, 18.189362, 75.576355, 33.721592, 9.420923, 13.062105, 17.576834, 20.247318,implicit, 0
2.1610184, 5.7077994, 100.389755, 27.018696, 104.00629, 88.710625, 4.9397035, 7.006868,implicit, 1
24.376862, 19.6253, 4.8470154, 50.71803, 14.061493, 26.658539, 37.825226, 17.36004,implicit, 1
21.409704, 18.688833, 58.7077, 33.97307, 4.399213, 7.284425, 21.677658, 18.85128,implicit, 0
4.9153595, 22.248524, 79.572235, 31.456429, 19.314804, 17.20758, 23.836843, 21.064583,implicit, 0
16.798584, 28.204287, 29.345459, 45.879864, 27.651947, 48.756256, 11.920393, 3.9077954,implicit, 1
0.52789307, 15.102002, 90.199646, 43.520164, 56.403656, 127.15387, 5.1750016, 3.1448793,implicit, 0
88.6375, 5.1136417, 53.09967, 32.81736, 54.90271, 31.034912, 4.9425235, 6.2275925,implicit, 1
4.8652344, 23.724594, 72.798615, 34.650314, 5.7387085, 9.5468445, 22.182283, 22.739632,explicit:callForPass, 0
5.360214, 20.053654, 88.86156, 48.174065, 24.464828, 17.819153, 21.1673, 20.47662,implicit, 0
5.667343, 19.617903, 88.86156, 48.174065, 24.867813, 18.303406, 20.829346, 20.14725,explicit:callForPass, 0
4.7169037, 16.470865, 85.59375, 48.174065, 22.14122, 19.921127, 18.483606, 16.971039,implicit, 0
3.0967255, 20.214474, 88.21214, 48.174065, 28.100006, 51.91281, 25.132324, 16.989676,implicit, 0
76.97691, 9.43557, 6.677841, 40.808365, 63.116913, 7.3707733, 4.0827007, 5.0471063,implicit, 1
4.8876495, 23.275629, 77.6263, 34.962578, 4.2733917, 8.150513, 20.958305, 21.626785,explicit:callForPass, 0
4.370926, 19.723928, 77.974945, 48.746834, 10.653427, 16.357788, 24.070637, 20.905226,explicit:callForPass, 0
26.321228, 27.947155, 56.688293, 40.285675, 70.57391, 65.71002, 4.4646616, 9.658887,implicit, 1
20.138594, 13.338635, 105.97505, 37.942966, 155.14215, 83.712234, 2.5935915, 4.951722,implicit, 0
3.683941, 24.816761, 75.25305, 32.84489, 8.595215, 6.6507874, 21.801264, 23.199291,implicit, 0
114.959946, 8.406418, 59.990448, 8.938213, 66.10425, 76.15224, 3.3334303, 8.252483,implicit, 1
4.9298477, 25.42713, 37.553963, 22.039686, 12.528633, 12.290003, 22.806057, 24.379671,implicit, 0
4.8927765, 25.675568, 30.792328, 22.098818, 12.12059, 11.597626, 23.559084, 25.136332,implicit, 0
1.877079, 17.563778, 98.66907, 45.354713, 65.24844, 107.10666, 20.085958, 21.58531,implicit, 0
4.980158, 26.719234, 74.40223, 38.307278, 6.0103397, 5.0475903, 24.005848, 25.536062,explicit:callForPass, 0
4.9259796, 22.786663, 81.81151, 36.23564, 6.674225, 11.086304, 20.666618, 20.717474,implicit, 0
159.04193, 11.542121, 57.460922, 20.165876, 93.45456, 93.111694, 2.0663023, 2.9382029,implicit, 1
42.468582, 12.976941, 32.528656, 40.795593, 5.4208984, 29.535248, 6.1353574, 4.7468953,implicit, 1
4.8741913, 25.422945, 31.255508, 22.094786, 10.309937, 13.592209, 23.23603, 24.077343,implicit, 0
4.9647217, 25.398474, 14.245026, 22.360119, 1.3345032, 3.6087952, 24.017485, 21.51949,implicit, 0
4.8817453, 24.626905, 22.673428, 21.823046, 2.1585464, 2.8419876, 24.268843, 22.700249,implicit, 0
4.9330597, 25.37423, 29.54132, 22.112839, 12.174149, 12.447189, 23.329592, 24.91616,implicit, 0
6.706543, 19.343573, 80.444626, 45.22067, 20.819183, 20.405807, 21.089186, 19.344975,explicit:callForPass, 0

SHOOT KNOWLEDGE:
51.5524, 16.46179, 29.19571, 27.38557, 48.846954, 28.671082, 14.78244, 14.007562
37.913025, 11.77068, 29.870972, 22.113024, 21.02237, 46.802856, 14.58564, 15.628974
45.00831, 7.108556, 36.673027, 23.40354, 40.1649, 39.927437, 14.501391, 11.531164
91.29172, 7.5210705, 4.9541016, 26.163744, 62.687195, 61.89209, 11.965871, 16.798347
96.06131, 14.056128, 4.9605255, 26.614983, 57.262558, 51.144104, 14.000726, 12.690904
157.57843, 10.153926, 4.893738, 27.314919, 120.93243, 118.257576, 8.679999, 13.2308855
2.1041565, 12.734629, 36.13716, 18.671328, 14.072311, 15.88768, 16.60789, 19.28781
111.14058, 12.582278, 4.850525, 26.776937, 56.168106, 49.222305, 12.896801, 11.559461
1.2752686, 13.763354, 35.778015, 18.530582, 11.872162, 12.119553, 16.52315, 19.007072

