POS KNOWLEDGE:
93.10968, 23.76582, 2.4529555, 41.237923, 6.0927362, 26.195477, 33.42784, 30.844517
3.806067, -49.28213, -46.01493, -4.702939, 0.0, 0.0, 0.0, 0
144.52559, 25.797598, 0.49853516, 37.4371, 5.1162415, 44.80304, 22.198246, 26.33855
3.7874622, -40.801292, -34.066765, 25.131937, 0.0, 0.0, 0.0, 0
148.41983, 27.654963, 0.49798584, 32.874523, 6.190674, 48.698456, 12.572357, 14.552446
2.6216161, -37.611576, -32.414913, 29.97351, 0.0, 0.0, 0.0, 0
140.68613, 27.591972, 10.160889, 29.157803, 4.831665, 35.79709, 5.9595103, 6.7084346
0.5249412, -34.83085, -29.98086, 35.18829, 0.0, 0.0, 0.0, -1
4.8938313, 25.340118, 86.93707, 36.09053, 11.020916, 10.932894, 22.52957, 22.997364
4.1394143, -1.4136198, -48.740967, -49.845417, 0.0, 0.0, 0.0, 2
1.4875145, 16.070044, 92.339935, 36.167816, 17.032036, 15.462509, 18.320452, 19.955133
1.1288602, -24.966684, -41.26341, -33.7699, 0.0, 0.0, 0.0, 1
14.084772, 14.655518, 77.712, 35.003277, 2.0371885, 0.35224915, 13.778561, 17.838638
3.1596253, -74.486115, -18.150274, 7.36361, 0.0, 0.0, 0.0, 0
123.667145, 9.73692, 5.518792, 28.737875, 69.77725, 87.846375, 6.811945, 12.594686
3.4622555, -50.52473, 10.569706, 38.905567, 0.0, 0.0, 0.0, 0
133.7013, 19.335411, 31.9357, 21.417976, 41.45981, 30.855927, 3.231189, 5.924671
0.0018675682, 0.0, 0.0, 0.0, 29.161919, 12.956138, -57.88194, 5
5.0424004, 19.751137, 57.83099, 24.636253, 7.4542694, 9.976118, 20.116123, 22.093422
4.221005, -8.155309, -45.179398, -46.6653, 0.0, 0.0, 0.0, 2
140.99231, 25.504953, 170.91705, 52.04582, 171.9559, 171.34567, 51.491932, 49.108124
0.62630266, 35.05544, 34.634743, 30.309814, 0.0, 0.0, 0.0, -1
106.2221, 25.722355, 139.43945, 53.01575, 140.45981, 139.86404, 52.46282, 47.135567
0.003056572, 0.0, 0.0, 0.0, -39.946926, -20.013933, -40.039143, 5
73.931305, 25.637754, 107.96222, 53.01961, 110.538574, 108.3833, 51.651512, 44.20019
0.03127257, 0.0, 0.0, 0.0, -42.08906, -21.047823, -36.863117, 3
58.149982, 25.638393, 92.17973, 53.019943, 94.8246, 92.59883, 50.245266, 42.73009
0.7902205, -35.5908, -35.576714, -28.832489, 0.0, 0.0, 0.0, -1
42.378326, 25.63903, 76.40689, 53.020267, 79.04233, 76.82376, 48.679314, 41.15982
3.0966363, -36.13203, -36.11373, -27.754242, 0.0, 0.0, 0.0, 0
35.81711, 18.632442, 4.7563515, 48.444763, 6.262597, 4.2997365, 30.895502, 23.276262
3.7973416, -36.93779, -36.560802, -26.501411, 0.0, 0.0, 0.0, 0
46.756775, 18.298231, 4.8962708, 43.120617, 8.012848, 5.30954, 15.213774, 8.391551
2.4750605, -30.64587, -17.825075, -51.52905, 0.0, 0.0, 0.0, 2
0.043182373, 15.27686, 53.21875, 40.44992, 87.85368, 67.782135, 7.504407, 4.4868317
0.57659113, -33.07573, -2.8893228, -64.03494, 0.0, 0.0, 0.0, -1
4.7497864, 13.330571, 48.579926, 40.162987, 65.849976, 52.3479, 6.060293, 4.8217063
0.0019411804, 0.0, 0.0, 0.0, 70.26761, 29.203897, 0.52849346, -1
4.924591, 13.218462, 49.58728, 40.162113, 59.687653, 51.64319, 5.9895024, 4.5765357
0.0016426159, 0.0, 0.0, 0.0, 66.808495, 33.15354, -0.037959695, 5
4.9486084, 12.661948, 55.572998, 40.16185, 62.661255, 56.311035, 6.0241017, 4.5407033
0.0012641941, 0.0, 0.0, 0.0, 64.94766, 34.97065, 0.08168744, -1
4.8606873, 12.109116, 61.88321, 40.161587, 66.29822, 61.782593, 6.0217566, 4.504951
0.0047797635, 0.0, 0.0, 0.0, 54.276382, 31.243187, -14.480429, 5
17.089865, 13.258963, 76.71706, 36.649982, 1.0463014, 0.21851397, 18.64963, 16.737123
3.025099, -73.909744, -10.886476, 15.2037735, 0.0, 0.0, 0.0, 0
167.56161, 11.1829405, 14.657471, 26.432306, 105.34471, 63.80252, 5.5171194, 1.8188729
1.1269542, -26.40083, 31.226257, 42.37291, 0.0, 0.0, 0.0, 0
156.5097, 11.8401165, 53.721054, 26.025908, 124.11445, 87.28325, 6.183906, 2.5854256
0.39269942, -28.618631, 23.439587, 47.941784, 0.0, 0.0, 0.0, -1
125.84597, 11.767052, 85.961075, 25.846128, 146.63774, 113.61662, 6.782922, 2.9632661
0.009486783, 0.0, 0.0, 0.0, -45.91251, -29.021486, 25.066006, 3
148.1973, 7.5157475, 63.739914, 25.832775, 93.06856, 67.297226, 7.69797, 4.5278816
0.0012779911, 0.0, 0.0, 0.0, -54.176743, -28.696663, -17.126598, 3
164.09216, 6.7204337, 47.921616, 25.832598, 69.72026, 47.989395, 7.7714806, 4.9899845
0.052653402, 0.0, 0.0, 0.0, -23.820335, -11.202643, -64.97702, 5
179.96413, 6.3685207, 32.144287, 25.832335, 46.049408, 31.486755, 7.726237, 5.1003456
0.82005996, -46.583828, -50.50585, 2.910316, 0.0, 0.0, 0.0, -1
95.70467, 6.366304, 59.50049, 25.49786, 47.527374, 65.53854, 5.830577, 4.807939
0.6415631, -44.917065, -40.781906, 14.301036, 0.0, 0.0, 0.0, -1
47.29738, 8.766711, 118.19229, 24.998838, 114.292145, 132.08334, 5.0147114, 5.215228
0.013267802, 0.0, 0.0, 0.0, 68.361465, 15.079151, -16.559387, 5
4.905182, 9.072617, 166.08194, 24.974527, 158.2905, 173.73236, 3.1924481, 4.421713
3.217671E-4, 0.0, 0.0, 0.0, 88.219025, 10.934032, 0.84693915, -1
2.0810547, 23.321585, 76.831024, 29.551443, 15.2099, 18.680283, 22.538855, 23.325207
4.6372848, -12.521601, -43.881588, -43.59681, 0.0, 0.0, 0.0, 1
2.01268, 16.127146, 83.55249, 28.749538, 17.777496, 21.807007, 18.709946, 19.56827
1.549523, -33.686916, -37.82049, -28.492594, 0.0, 0.0, 0.0, 1
13.801361, 15.417326, 69.16928, 28.642128, 2.5752869, 6.723343, 18.028494, 18.901781
5.620425, -74.84781, -24.398382, 0.7538036, 0.0, 0.0, 0.0, 0
50.710106, 25.116838, 142.0791, 46.002716, 90.51017, 97.73527, 28.151545, 15.356892
4.923023, 12.023277, -33.377384, -54.599335, 0.0, 0.0, 0.0, 2
4.5086117, 16.331518, 96.87648, 48.35888, 33.523544, 34.540237, 20.627937, 15.604255
0.8317189, -23.493776, -42.918293, -33.587933, 0.0, 0.0, 0.0, -1
11.262199, 14.238502, 81.78345, 47.626984, 18.593569, 19.9451, 19.206316, 15.076465
3.2161958, -64.10129, -35.06464, -0.83406687, 0.0, 0.0, 0.0, 0
113.26637, 4.945134, 4.879547, 45.632835, 65.7165, 62.089798, 15.7023535, 8.623208
3.5154924, -53.746128, -13.571039, 32.682835, 0.0, 0.0, 0.0, 0
143.33264, 6.920665, 20.881578, 41.87415, 58.48529, 48.289307, 7.952643, 3.5958893
2.573489, -45.989887, -15.3349695, 38.67514, 0.0, 0.0, 0.0, 0
135.81772, 8.240437, 17.924652, 40.365543, 54.558582, 29.184448, 6.905638, 2.668627
1.556469, -37.742367, -59.78292, 2.4747138, 0.0, 0.0, 0.0, 1
45.68118, 7.998429, 81.18211, 39.587727, 37.161606, 80.24434, 6.9017234, 3.6160648
1.1763238, -32.654545, -40.932095, -26.413363, 0.0, 0.0, 0.0, 1
18.806015, 9.142905, 86.26403, 39.18176, 72.43987, 90.675804, 6.9357257, 4.8279
0.62188834, -28.269732, -29.113365, -42.6169, 0.0, 0.0, 0.0, -1
4.900614, 11.517849, 94.481575, 38.903732, 82.94428, 99.10844, 6.227523, 4.793431
1.6707139, -28.674625, -22.78897, -48.536404, 0.0, 0.0, 0.0, 2
0.19657707, 8.7137785, 89.22269, 38.481316, 84.77841, 102.68997, 4.9225836, 5.1607065
1.3970482, -32.217907, -18.32027, -49.461823, 0.0, 0.0, 0.0, 2
4.856756, 6.5616426, 89.59524, 37.792976, 89.98989, 105.25344, 4.85417, 5.6353817
0.717423, -31.95815, -20.239223, -47.802624, 0.0, 0.0, 0.0, -1
4.9878016, 6.4997354, 89.91635, 37.75823, 88.912994, 103.40759, 4.9285946, 5.776987
1.1486926, -33.14939, -20.005669, -46.84494, 0.0, 0.0, 0.0, 2
1.5616932, 7.997503, 92.57564, 37.44664, 89.847275, 102.83711, 4.9271116, 5.948345
0.66743684, -29.071976, -23.803358, -47.124664, 0.0, 0.0, 0.0, -1
0.83467484, 15.28477, 82.704865, 29.19663, 9.742376, 12.317173, 16.621817, 18.912136
1.5020461, -35.41172, -36.130962, -28.457317, 0.0, 0.0, 0.0, 1
16.28124, 13.885193, 68.42078, 29.171711, 6.9513874, 2.6875706, 15.796757, 18.257072
7.308563, -79.822235, -11.429151, 8.748611, 0.0, 0.0, 0.0, 0
119.165924, 7.913593, 21.1063, 23.00599, 89.53119, 96.77018, 3.9393551, 9.219355
3.4224243, -30.012894, 26.994097, 42.993, 0.0, 0.0, 0.0, 0
147.81985, 14.323689, 60.38675, 15.013405, 97.132744, 119.75795, 3.1066713, 8.473444
3.4792144, -29.657349, 29.777489, 40.565163, 0.0, 0.0, 0.0, 0
134.24548, 15.660703, 64.884735, 13.130344, 87.65973, 99.76191, 3.0377452, 7.6140532
0.52591646, -7.3245034, 26.366192, 66.3093, 0.0, 0.0, 0.0, -1
102.21535, 15.382015, 36.65985, 12.782114, 43.501865, 53.856003, 3.2893178, 7.1760488
2.602515E-4, 0.0, 0.0, 0.0, 46.260647, 20.598112, -33.141243, 5
2.1823578, 23.515518, 37.533463, 22.075237, 11.440735, 9.779541, 24.191687, 22.678814
3.6780915, -24.42416, -37.663067, -37.912773, 0.0, 0.0, 0.0, 2
120.41355, 19.589754, 141.98712, 53.08444, 141.72852, 140.48227, 47.674175, 53.84606
0.0056999577, 0.0, 0.0, 0.0, -39.985783, -19.987028, -40.02719, 5
104.56967, 19.484186, 126.23288, 53.08829, 125.97531, 124.729614, 46.203083, 53.05966
0.0022942163, 0.0, 0.0, 0.0, -40.004967, -19.99537, -39.99966, 3
73.087036, 19.485027, 94.74655, 53.089184, 94.49118, 93.2525, 43.26355, 50.12414
0.6432382, -34.395954, -34.39075, -31.213295, 0.0, 0.0, 0.0, -1
57.235764, 19.48551, 78.89317, 53.08965, 78.63902, 77.40416, 41.79425, 48.6581
2.7630005, -34.551785, -34.54565, -30.902565, 0.0, 0.0, 0.0, 0
36.05342, 11.03814, 4.581848, 43.355305, 4.3170776, 2.827118, 8.892817, 15.384803
3.059681, -59.89913, -38.62075, -1.4801184, 0.0, 0.0, 0.0, 0
86.84999, 9.3411045, 36.209625, 42.399055, 40.092285, 59.66359, 5.620346, 10.302674
3.007815, -74.2524, -1.0374386, 24.710148, 0.0, 0.0, 0.0, 0
133.60304, 9.441897, 51.26297, 40.40874, 66.60458, 91.427216, 4.415961, 6.8711867
0.39710248, -86.123566, 1.6666418, 12.209791, 0.0, 0.0, 0.0, -1
128.0374, 9.195083, 35.90674, 40.204025, 51.37584, 80.50986, 4.4210668, 6.035782
0.015628211, 0.0, 0.0, 0.0, 39.555447, 1.2781271, -59.16642, 5
14.380112, 10.639034, 79.515335, 37.213608, 0.70155334, 4.05777, 17.051952, 18.349194
3.170688, -74.39712, -10.170292, 15.432586, 0.0, 0.0, 0.0, 0
157.34361, 5.0889187, 4.9274797, 30.569473, 61.348053, 92.93732, 3.6454234, 7.5903826
2.877571, -48.358746, 12.125013, 39.51623, 0.0, 0.0, 0.0, 0
127.56874, 3.531788, 1.5713043, 27.59536, 64.77113, 156.42485, 2.0034845, 4.664424
0.38216323, -58.364616, 15.804254, 25.831131, 0.0, 0.0, 0.0, -1
71.17314, 2.6398277, 11.671082, 27.214487, 45.513397, 171.65918, 2.2383223, 4.09092
0.002284115, 0.0, 0.0, 0.0, -7.474563, -42.281715, -50.243725, 5
55.404892, 3.8696265, 19.752182, 27.213678, 7.157242, 158.50917, 3.2773097, 3.1494102
0.0024295992, 0.0, 0.0, 0.0, 0.32535276, -82.34555, -17.329098, 4
2.2590485, 8.542397, 3.883194, 27.211273, 7.777603, 40.022324, 4.6683125, 5.813291
0.0024026814, 0.0, 0.0, 0.0, 76.292786, -10.804624, 12.902599, 4
3.7236633, 8.69559, 3.8830109, 27.210793, 7.782135, 33.36757, 4.667579, 6.014039
0.0015202301, 0.0, 0.0, 0.0, 72.61476, 26.064106, 1.3211296, -1
4.9289246, 8.250138, 28.111862, 27.208475, 24.19339, 44.590607, 4.66427, 5.993614
2.459795E-5, 0.0, 0.0, 0.0, 77.106544, 22.218258, -0.675201, 5
4.7352295, 24.938297, 60.964523, 26.883938, 7.770355, 4.364044, 23.466599, 22.654316
3.930993, -13.1460085, -43.121613, -43.73238, 0.0, 0.0, 0.0, 2
4.934494, 22.594847, 64.05179, 26.883938, 11.736038, 7.7950287, 22.500734, 21.690891
32.114666, -62.74116, 11.249915, 26.008923, 0.0, 0.0, 0.0, 0
5.0414886, 15.653664, 70.9832, 25.812902, 15.068054, 9.5985565, 18.624504, 17.727276
27.905571, -53.244038, 13.776457, 32.979507, 0.0, 0.0, 0.0, 0
152.04587, 16.510511, 170.63077, 5.7974334, 157.29396, 143.33493, 4.3330736, 12.075964
0.0025140743, 0.0, 0.0, 0.0, -41.489906, -18.239525, -40.270565, 3
136.29001, 15.712004, 154.88007, 5.7981024, 148.66164, 128.98392, 3.8198743, 10.632595
0.51718646, -25.526949, -36.35767, -38.115383, 0.0, 0.0, 0.0, -1
122.87007, 11.411007, 139.1458, 5.421347, 139.28522, 115.00455, 3.145808, 7.2817283
3.4191923, 21.423555, 15.732063, -62.84437, 0.0, 0.0, 0.0, 2
62.21644, 2.670772, 144.43118, 7.534518, 147.20587, 130.40253, 3.9643948, 6.0530314
2.4708602, 45.23388, 45.17369, 9.592428, 0.0, 0.0, 0.0, -1
131.6753, 2.764497, 156.97305, 10.05283, 171.9798, 156.26257, 4.4759607, 7.717704
0.5691614, 40.35603, 42.412285, 17.231686, 0.0, 0.0, 0.0, -1
154.77701, 3.0737782, 173.94928, 10.4816265, 170.84338, 175.78094, 4.4432898, 7.9744177
0.020266721, 0.0, 0.0, 0.0, -43.012135, -24.887207, -32.10066, 3
141.2453, 3.1295254, 122.95416, 10.553321, 119.17459, 112.617615, 3.9682243, 7.255061
0.0, 0.0, 0.0, 0.0, -39.87928, -20.711138, -39.40958, 3
96.69501, 3.162904, 75.5896, 10.553321, 74.02374, 58.968384, 3.9540374, 6.547807
0.0, 0.0, 0.0, 0.0, -40.720474, -6.7756834, -52.503838, 5
4.9185944, 24.43472, 79.90672, 38.034042, 6.5964966, 6.781952, 23.186253, 26.97218
4.5757213, -5.261911, -47.641094, -47.096996, 0.0, 0.0, 0.0, 1
5.0608826, 16.77534, 85.54205, 37.835278, 8.507446, 8.651627, 19.167206, 23.046522
1.4160722, -34.60076, -37.18327, -28.21597, 0.0, 0.0, 0.0, 1
20.763199, 14.602277, 70.93968, 37.8367, 6.6845703, 6.889801, 18.48324, 22.265018
2.1884694, -79.65244, -16.68441, 3.6631477, 0.0, 0.0, 0.0, 0
142.80649, 7.762752, 23.949684, 27.896936, 74.911224, 115.63951, 2.154468, 6.403932
3.263836, -29.830536, 34.895966, 35.2735, 0.0, 0.0, 0.0, 0
97.44031, 4.3347125, 48.177933, 25.901958, 76.622955, 137.03923, 2.6508381, 6.1225033
3.3187015, -32.213074, 37.442123, 30.344803, 0.0, 0.0, 0.0, 0
170.28673, 9.318316, 62.096497, 21.17712, 89.33702, 138.18224, 3.0958025, 3.1591296
3.7924137, -25.076782, 31.176529, 43.74669, 0.0, 0.0, 0.0, 0
4.9057636, 22.148111, 88.26102, 46.051502, 8.672165, 7.4379883, 22.777546, 20.960627
4.094412, 2.1991155, -48.25666, -49.54423, 0.0, 0.0, 0.0, 2
4.926819, 14.820265, 93.55963, 47.905884, 12.106171, 10.7052, 19.927372, 16.98925
1.4418862, -30.75943, -40.33338, -28.907187, 0.0, 0.0, 0.0, 1
20.658234, 10.154102, 78.73595, 47.99667, 2.9873352, 4.3449707, 19.25233, 18.315409
3.4578252, -53.665607, -33.111492, -13.2228985, 0.0, 0.0, 0.0, 0
156.66699, 8.608868, 4.982254, 40.51209, 104.753525, 62.506714, 5.8342266, 2.7585225
2.3309572, -35.254875, 26.556162, 38.188965, 0.0, 0.0, 0.0, 0
172.5405, 6.740003, 30.706436, 37.01314, 88.779305, 65.877075, 2.2169206, 3.2950168
0.4476817, -48.786488, -9.914839, 41.29867, 0.0, 0.0, 0.0, -1
177.75475, 6.5941496, 9.2734375, 36.288513, 74.883286, 29.15274, 3.4406748, 3.3932214
0.0011576172, 0.0, 0.0, 0.0, 38.354645, 18.736904, -42.908447, 5
135.5315, 6.441151, 43.785995, 36.288055, 95.50668, 38.87088, 5.027383, 4.4220724
9.6480304E-4, 0.0, 0.0, 0.0, -58.516685, -26.905462, 14.577858, 3
135.1708, 6.296573, 40.84639, 36.287148, 60.77054, 41.356934, 6.2106805, 5.069996
1.8216383E-4, 0.0, 0.0, 0.0, 26.468096, 11.653423, -61.87848, 5
38.746155, 8.1158695, 62.16501, 36.286655, 72.50319, 56.423508, 4.32473, 5.2063804
2.2628033E-4, 0.0, 0.0, 0.0, 32.19753, 17.565907, -50.236565, 5
0.87442017, 10.406563, 90.25508, 36.286594, 97.15588, 85.1765, 4.330473, 5.477079
1.5759426E-4, 0.0, 0.0, 0.0, -63.992363, -29.922426, 6.085208, 3
129.68137, 3.8717918, 177.32574, 54.650837, 179.6037, 162.04962, 40.73402, 45.478584
0.6110903, 39.27427, 38.976387, 21.749344, 0.0, 0.0, 0.0, -1
169.04295, 4.329196, 145.98688, 55.600166, 148.71597, 166.29172, 42.202427, 46.683464
0.0028630479, 0.0, 0.0, 0.0, -45.00606, -22.503319, -32.49062, 3
175.18103, 4.331217, 130.22937, 55.60222, 132.95856, 150.53342, 42.20457, 46.685238
0.001375081, 0.0, 0.0, 0.0, -36.464058, -18.232092, -45.303852, 5
159.44632, 4.33174, 114.498856, 55.602463, 117.228226, 134.80283, 42.204857, 46.68521
0.580282, -55.359447, -43.95656, -0.68398494, 0.0, 0.0, 0.0, -1
112.238556, 4.3330545, 67.30133, 55.602943, 70.03125, 87.60516, 42.20554, 46.684826
3.1556609, -44.350296, -42.31489, -13.334818, 0.0, 0.0, 0.0, 0
50.460007, 2.5864506, 4.9586487, 51.757103, 8.010895, 26.781784, 29.594896, 37.62297
3.7958674, -45.485924, -43.509796, 11.004282, 0.0, 0.0, 0.0, 0
134.31386, 2.6276107, 4.963684, 47.99746, 8.241425, 28.44757, 18.495558, 26.837515
3.5549247, -37.270123, -35.082615, 27.647266, 0.0, 0.0, 0.0, 0
16.578651, 13.565224, 96.61063, 41.376713, 107.48483, 142.27528, 4.5492587, 5.9429398
0.0020230552, 0.0, 0.0, 0.0, 37.69519, -4.4175434, -57.887268, 5
0.5056896, 16.02593, 107.07679, 41.375313, 110.69831, 142.31483, 4.8198824, 6.053211
5.4362864E-4, 0.0, 0.0, 0.0, -50.823357, -42.221252, 6.955389, 3
4.982935, 14.578526, 102.373856, 41.374336, 106.00209, 127.85863, 4.818945, 6.0777397
3.197674E-4, 0.0, 0.0, 0.0, -54.1477, -43.974186, 1.8781055, 3
4.8855286, 13.123862, 79.58124, 41.374336, 83.20947, 94.83145, 4.818945, 6.010543
0.0012667039, 0.0, 0.0, 0.0, -49.84709, -49.9463, -0.2066149, 4
2.4479141, 19.154877, 89.34094, 35.994392, 10.5254, 5.8970165, 19.336798, 19.600246
3.3877091, 11.1091175, -43.79157, -45.09931, 0.0, 0.0, 0.0, 2
5.4094124, 17.523859, 89.34094, 35.994392, 7.6810894, 3.489088, 18.022923, 18.869022
3.9699578, 11.346777, -44.003872, -44.64935, 0.0, 0.0, 0.0, 2
2.8884544, 12.296835, 100.75952, 36.70052, 4.448532, 1.5908394, 12.957835, 14.8606615
0.88472176, -2.4891496, -50.792618, -46.718235, 0.0, 0.0, 0.0, -1
18.40519, 10.194201, 86.12892, 36.892174, 11.59903, 13.816135, 12.184896, 14.181341
2.5371199, -67.75326, 12.407116, 19.839624, 0.0, 0.0, 0.0, 0
143.52367, 14.324186, 64.00664, 22.132929, 90.06264, 86.06932, 3.0577703, 7.650967
1.7139573, -38.23815, 4.6429796, 57.11887, 0.0, 0.0, 0.0, 0
144.27872, 14.852909, 64.885925, 21.757526, 89.80896, 81.35602, 3.0486717, 7.1955514
0.62267923, -36.906925, -8.863677, 54.229397, 0.0, 0.0, 0.0, -1
111.630585, 14.434673, 41.84085, 21.285221, 55.836884, 45.186707, 3.1519313, 6.1921926
2.4161571E-4, 0.0, 0.0, 0.0, 42.006588, 19.595388, -38.398026, 5
4.9994173, 13.492496, 52.921043, 21.284246, 62.56423, 42.675194, 3.1089041, 4.1080112
0.0, 0.0, 0.0, 0.0, 64.80163, 34.841545, 0.3568344, -1
4.8747883, 12.381959, 65.027504, 21.284246, 76.884865, 55.881325, 3.0812197, 4.018606
0.0, 0.0, 0.0, 0.0, 65.069405, 34.919247, -0.011351308, 5
4.864271, 11.825239, 71.4557, 21.284246, 84.23619, 62.56526, 3.0374644, 3.9520776
0.0, 0.0, 0.0, 0.0, 65.08886, 34.884323, 0.026817407, -1
5.23333, 10.673588, 85.42429, 21.284246, 99.990395, 78.21201, 3.049256, 3.922097
0.0, 0.0, 0.0, 0.0, 65.43271, 33.327557, -1.2397333, 5
0.05517578, 21.67546, 61.700302, 24.542402, 11.227417, 10.999512, 22.18171, 23.778864
4.399063, -16.926016, -41.499775, -41.574207, 0.0, 0.0, 0.0, 2
179.99776, 22.83092, 145.81139, 53.042244, 119.52309, 150.7386, 43.594128, 44.055546
0.003958143, 0.0, 0.0, 0.0, -40.096085, -20.082184, -39.82173, 3
149.55824, 22.755245, 114.35063, 53.04648, 88.29964, 119.2321, 40.663918, 41.108116
0.002291238, 0.0, 0.0, 0.0, -39.98297, -20.029385, -39.98764, 5
133.75502, 21.962452, 98.552505, 53.04693, 72.63292, 103.40877, 39.192867, 39.63267
0.49231532, -36.392757, -34.457054, -29.150188, 0.0, 0.0, 0.0, -1
118.00662, 17.618868, 82.80643, 52.531532, 57.037018, 87.6337, 35.653305, 38.06117
3.2369604, -36.191772, -35.368168, -28.440052, 0.0, 0.0, 0.0, 0
82.38675, 7.607534, 4.9747314, 44.217327, 21.48648, 9.831787, 8.310652, 8.095917
1.4984924, -40.558525, -41.911964, 17.529512, 0.0, 0.0, 0.0, 1
106.98071, 7.401562, 22.976349, 42.954742, 3.2347107, 25.982697, 6.8992496, 5.4913635
0.62704265, -28.12894, -33.576942, 38.294113, 0.0, 0.0, 0.0, -1
81.92616, 7.9783726, 5.5871887, 42.528645, 11.73526, 10.286041, 6.4109197, 4.546815
0.011157647, 0.0, 0.0, 0.0, 39.591488, 17.498642, -42.90987, 5
3.8335333, 24.705345, 79.51337, 37.38024, 11.554494, 8.161224, 22.326508, 22.520416
4.2262073, -1.0863863, -49.13369, -49.779915, 0.0, 0.0, 0.0, 2
4.944168, 15.558838, 88.117905, 36.888626, 9.723679, 13.633911, 17.30121, 18.750137
1.1865152, -29.016468, -39.927624, -31.055912, 0.0, 0.0, 0.0, 1
144.62003, 4.732064, 4.924988, 28.478533, 60.404724, 133.47021, 2.5531056, 5.893556
2.4498477, -43.975586, 32.905342, 23.119074, 0.0, 0.0, 0.0, 0
129.43063, 4.0103965, 5.483429, 27.069544, 66.35484, 169.90533, 1.9507958, 5.5388365
3.387911, -32.083332, 43.376434, 24.540234, 0.0, 0.0, 0.0, 0
124.48421, 11.925796, 109.19057, 55.615204, 110.458206, 125.25838, 56.04903, 42.56517
0.001590442, 0.0, 0.0, 0.0, -39.95207, -20.088282, -39.959652, 5
108.51091, 10.461988, 93.21785, 55.615402, 94.48537, 109.20491, 56.0491, 41.11118
0.74003494, -34.839306, -34.125072, -31.035624, 0.0, 0.0, 0.0, -1
92.72995, 9.095759, 77.4465, 55.61557, 78.72574, 93.351715, 54.597336, 39.638325
2.8496802, -36.157017, -35.40672, -28.436264, 0.0, 0.0, 0.0, 0
23.74823, 6.244813, 4.83197, 54.123558, 6.1303406, 20.91095, 45.660084, 30.76835
3.789763, -41.59021, -40.569653, -17.840143, 0.0, 0.0, 0.0, 0
48.11502, 2.9572546, 4.831848, 50.364464, 6.221039, 22.1633, 34.55177, 19.827642
3.7928843, -46.869896, -45.447594, 7.682512, 0.0, 0.0, 0.0, 0
144.88147, 3.1576483, 4.8319397, 45.791004, 6.3558044, 21.132263, 21.061262, 7.660161
2.4808693, -38.736443, -39.910927, 21.35263, 0.0, 0.0, 0.0, 1
158.77386, 7.3009496, 38.9722, 41.24939, 66.102905, 60.027893, 7.0189657, 4.0433426
0.6234183, -36.645317, -31.541407, 31.813276, 0.0, 0.0, 0.0, -1
127.11298, 8.073836, 70.16095, 40.48501, 95.36516, 87.66339, 6.563469, 3.6735349
0.018124048, 0.0, 0.0, 0.0, 36.986435, 14.417667, -48.5959, 5
63.665848, 8.10729, 133.5285, 40.449764, 154.03937, 143.15237, 6.461886, 4.104825
9.023568E-4, 0.0, 0.0, 0.0, 16.703997, -0.9114424, -82.38456, 5
14.969711, 13.442682, 79.67235, 37.95743, 5.0967407, 0.22306824, 17.99343, 16.876184
2.066226, -72.54681, -25.690773, 1.7624137, 0.0, 0.0, 0.0, 0
119.43024, 4.9267097, 4.843521, 34.04195, 75.94202, 74.81024, 14.000533, 9.063197
3.7926555, -64.35267, -1.5096172, 34.13771, 0.0, 0.0, 0.0, 0
137.31982, 6.303146, 4.84169, 32.811543, 80.80496, 69.44934, 9.682349, 5.2129593
3.2670186, -49.009388, 11.966333, 39.02428, 0.0, 0.0, 0.0, 0
163.28189, 6.2116203, 4.76532, 27.617664, 131.79765, 59.455063, 5.3602858, 2.887405
3.2300055, -29.882284, 35.234978, 34.882736, 0.0, 0.0, 0.0, 0
123.1427, 6.704175, 58.197052, 23.541355, 67.78021, 89.55069, 1.825342, 3.311651
0.7830322, -45.739223, 17.480919, 36.779858, 0.0, 0.0, 0.0, -1
159.4669, 7.230869, 23.164093, 22.987738, 88.206635, 23.706604, 1.595547, 3.3638985
2.064301, -30.051575, 31.028563, 38.91986, 0.0, 0.0, 0.0, 0
173.56139, 7.273394, 6.77771, 22.939505, 101.2637, 1.1219025, 1.5902094, 3.5050752
0.8870931, -36.684147, 27.40224, 35.913612, 0.0, 0.0, 0.0, -1
174.81174, 7.2925243, 5.8852234, 22.920683, 102.99649, 12.989288, 1.8330452, 3.5002127
1.5059823, -36.139515, 22.281162, 41.579327, 0.0, 0.0, 0.0, 0
165.39886, 8.332191, 28.939362, 22.069592, 103.314514, 38.44113, 4.0354896, 3.2303233
0.3981635, -40.933006, 8.710534, 50.35646, 0.0, 0.0, 0.0, -1
169.17075, 8.834953, 29.242767, 21.701002, 100.17966, 36.51303, 4.6178, 3.2387154
0.0021872956, 0.0, 0.0, 0.0, 39.152084, 17.901663, -42.946255, 5
137.6163, 8.835306, 60.79622, 21.700623, 127.6124, 65.82413, 4.701037, 3.31061
0.0019039128, 0.0, 0.0, 0.0, 36.682755, 17.22026, -46.096985, 5
4.616455, 25.002876, 70.43619, 26.955692, 17.712646, 14.716003, 22.45499, 23.493975
27.744987, 26.421188, 36.886703, 36.692104, 0.0, 0.0, 0.0, -1
173.0423, 46.366314, 151.73904, 46.185688, 178.67282, 178.63779, 13.634736, 49.335102
0.575302, 29.512545, 35.21281, 35.274643, 0.0, 0.0, 0.0, -1
155.2606, 44.332844, 120.68953, 46.94791, 144.21797, 149.57301, 11.691798, 47.304577
0.0025999479, 0.0, 0.0, 0.0, -39.93918, -20.119812, -39.941013, 5
139.57652, 42.862892, 105.00618, 46.948288, 126.31941, 133.78624, 10.283804, 45.8408
0.49103025, -36.910587, -33.20519, -29.884228, 0.0, 0.0, 0.0, -1
108.14125, 39.922268, 73.57179, 46.948296, 90.84456, 102.1241, 8.458623, 42.908512
1.1636604, -35.95826, -33.679214, -30.362528, 0.0, 0.0, 0.0, 0
61.162476, 35.386944, 26.456299, 46.796955, 36.854797, 54.710022, 6.363193, 38.401768
2.765135, -26.6859, -29.559063, -43.75504, 0.0, 0.0, 0.0, 2
20.79132, 24.249388, 56.746887, 44.973564, 65.77139, 28.989777, 4.4432387, 27.206322
3.0665164, -31.254238, -24.112091, -44.63367, 0.0, 0.0, 0.0, 2
1.749939, 19.399899, 37.696198, 43.265553, 65.07492, 13.6521, 4.2527847, 16.978104
3.0936813, -36.453815, -26.151318, -37.39487, 0.0, 0.0, 0.0, 2
6.6307373, 18.897959, 29.89151, 42.8047, 57.90027, 6.4969177, 3.9806907, 15.026666
2.6103425, -37.733574, -26.876635, -35.38979, 0.0, 0.0, 0.0, 0
17.050995, 15.862088, 32.011475, 40.975014, 69.27756, 12.960846, 3.091095, 8.966862
1.317696, -38.885628, -28.770641, -32.343735, 0.0, 0.0, 0.0, 0
4.8545876, 25.786884, 62.926018, 28.673832, 6.9142895, 4.6654873, 23.32126, 24.608639
3.9038727, -9.944312, -44.44194, -45.613747, 0.0, 0.0, 0.0, 2
6.1017647, 23.844152, 64.48005, 28.673832, 6.059099, 3.5392838, 23.171473, 24.376719
4.210294, -15.84243, -42.51331, -41.644264, 0.0, 0.0, 0.0, 1
1.0702896, 16.58593, 76.93179, 27.91326, 1.6912346, 5.7371864, 18.389538, 21.05627
9.486956, -84.61788, -15.039, -0.3431206, 0.0, 0.0, 0.0, 0
167.98878, 18.163122, 168.81206, 52.113926, 173.76488, 169.08513, 47.22887, 51.214603
0.62373257, 34.14171, 34.13934, 31.718952, 0.0, 0.0, 0.0, -1
162.14159, 17.13183, 137.52412, 53.0787, 142.34926, 137.79604, 45.25035, 49.23685
0.0019062165, 0.0, 0.0, 0.0, -40.056595, -20.029816, -39.91359, 3
131.09167, 16.75618, 105.94758, 53.081432, 110.73075, 106.21751, 42.30624, 46.299023
0.51787454, -34.75608, -34.704926, -30.538998, 0.0, 0.0, 0.0, -1
99.50256, 16.755978, 74.35925, 53.081406, 79.09259, 74.62671, 39.258385, 43.261345
2.408748, -34.963825, -34.902325, -30.13385, 0.0, 0.0, 0.0, 0
62.14023, 5.110545, 4.8699646, 43.106777, 9.534851, 9.759674, 7.203721, 12.406294
3.1405835, -51.137077, -9.185727, 39.677197, 0.0, 0.0, 0.0, 0
169.74203, 3.7151005, 48.875824, 41.839348, 55.306, 74.24625, 4.7665324, 8.7808
2.780705, -45.660378, 8.058487, 46.28114, 0.0, 0.0, 0.0, 0
147.87703, 5.3048778, 68.00043, 41.120304, 81.49689, 109.30209, 4.499508, 6.6406727
0.38405785, -39.927475, -1.2689342, 58.803593, 0.0, 0.0, 0.0, -1
112.46859, 5.78977, 100.040146, 40.940292, 113.31453, 144.25644, 4.500299, 6.064444
0.024097698, 0.0, 0.0, 0.0, 30.846483, -6.629931, -62.523586, 5
4.928192, 24.94207, 68.52046, 30.398565, 4.7569733, 8.449036, 23.041656, 23.566597
4.206119, -9.259686, -45.013275, -45.727036, 0.0, 0.0, 0.0, 2
4.8600616, 23.596403, 70.432556, 30.398565, 7.3663483, 11.256119, 22.94574, 22.549358
4.6401954, -14.786924, -43.237335, -41.975742, 0.0, 0.0, 0.0, 1
4.9152374, 16.146378, 77.38133, 29.652548, 10.222885, 14.925095, 19.140957, 18.774664
1.8381666, -39.47586, -35.602715, -24.921425, 0.0, 0.0, 0.0, 0
121.911514, 15.768039, 139.59236, 53.06053, 140.2765, 136.06929, 49.364094, 49.5913
0.012511492, 0.0, 0.0, 0.0, -39.923237, -19.942936, -40.133827, 5
73.55893, 15.492531, 92.36017, 53.065163, 93.03668, 88.87598, 44.95648, 45.186367
0.7887638, -34.352974, -34.321156, -31.32587, 0.0, 0.0, 0.0, -1
57.89073, 15.492696, 76.69238, 53.065598, 77.36606, 73.22284, 43.486404, 43.71291
2.6649172, -34.502922, -34.46869, -31.028389, 0.0, 0.0, 0.0, 0
41.278656, 6.9133725, 4.9657593, 43.182545, 7.221344, 1.4887085, 9.938591, 10.3564
3.0188255, -60.944206, -37.565174, 1.4906226, 0.0, 0.0, 0.0, 0
51.76059, 5.9726586, 4.9657593, 41.678204, 9.151978, 0.40472412, 7.360295, 8.294775
1.8899169, -53.542984, -38.063183, 8.393831, 0.0, 0.0, 0.0, 0
65.05444, 5.619251, 2.351715, 40.9784, 4.4338684, 5.7921753, 6.4255376, 7.466686
0.7093197, -36.242554, -36.19918, 27.558262, 0.0, 0.0, 0.0, -1
93.62511, 5.299671, 12.333405, 40.31946, 15.2221985, 13.861877, 4.4632363, 6.357856
0.011145955, 0.0, 0.0, 0.0, 44.419712, 23.320309, -32.259983, 5
168.50221, 9.09225, 172.61604, 52.120285, 163.60173, 168.93138, 13.813471, 12.805221
0.61954355, 34.311974, 33.980003, 31.708027, 0.0, 0.0, 0.0, -1
145.7152, 10.822109, 141.17522, 53.081417, 132.85493, 142.85457, 14.757076, 13.127123
0.0033012587, 0.0, 0.0, 0.0, -41.150326, -20.701666, -38.14801, 3
109.18704, 9.966408, 93.97223, 53.08583, 87.0719, 95.39981, 11.060165, 10.383239
0.6624614, -34.69075, -34.48574, -30.823511, 0.0, 0.0, 0.0, -1
46.320633, 9.96737, 31.111862, 53.087612, 20.080826, 32.098312, 9.3692465, 7.237959
1.3961023, -33.168903, -21.518072, -45.313023, 0.0, 0.0, 0.0, 2
1.2064476, 14.3663225, 97.71572, 44.713028, 5.9969177, 3.0263271, 16.334108, 18.136654
0.97218484, -11.333238, -46.123947, -42.542812, 0.0, 0.0, 0.0, -1
16.531002, 12.189388, 82.88127, 44.874123, 9.223443, 12.362506, 15.640684, 17.436535
2.3191643, -79.8483, 5.187491, 14.964217, 0.0, 0.0, 0.0, 0
154.9361, 5.3759394, 4.9016724, 37.687027, 66.77944, 102.7009, 2.712575, 7.846016
2.7905107, -35.8575, 30.441574, 33.700928, 0.0, 0.0, 0.0, 0
157.7727, 9.326651, 20.829681, 30.859787, 46.119568, 81.94034, 3.328351, 7.95773
1.6967218, -32.595997, -47.42593, -19.97807, 0.0, 0.0, 0.0, 1
52.032, 11.941152, 57.66394, 30.048052, 66.72229, 25.038696, 4.4394374, 6.9847865
0.62870324, -29.421177, -34.98065, -35.59817, 0.0, 0.0, 0.0, -1
18.150694, 12.3808365, 89.919556, 29.781654, 100.32703, 70.7587, 4.110534, 6.85634
0.08919099, 0.0, 0.0, 0.0, 29.92467, 32.01995, -38.055378, 5
3.1329536, 12.938151, 102.37176, 29.738937, 104.184685, 99.27593, 4.066493, 6.666046
0.002259808, 0.0, 0.0, 0.0, -53.508926, -39.92698, 6.5641017, 3
0.9239807, 12.323104, 102.37322, 29.738466, 108.219444, 96.800316, 4.6391993, 6.2389426
0.70295453, -30.416466, -27.459877, -42.123657, 0.0, 0.0, 0.0, -1
4.9933434, 11.608854, 100.26578, 29.738255, 105.354614, 92.899994, 4.8481016, 5.9523115
1.4641966, -29.549637, -24.906694, -45.543667, 0.0, 0.0, 0.0, 2
4.9882355, 24.49093, 63.315502, 27.56146, 6.8409176, 6.2338104, 22.025724, 23.59911
4.0616574, -10.617199, -44.100693, -45.28211, 0.0, 0.0, 0.0, 2
4.931526, 23.706617, 64.47031, 27.560558, 7.8259277, 6.6305504, 21.904865, 23.425468
17.981329, -65.48747, -23.803303, -10.709218, 0.0, 0.0, 0.0, 0
120.33325, 6.9437323, 20.56253, 10.523095, 110.132095, 73.39862, 5.40369, 7.189036
2.0262666, -60.949455, 1.502147, 37.548393, 0.0, 0.0, 0.0, 0
153.24304, 6.5892005, 27.350494, 8.998984, 152.23547, 60.733917, 4.284875, 3.3172476
1.71059, 16.97027, -51.09896, 31.930769, 0.0, 0.0, 0.0, 1
141.81613, 7.7160983, 63.239025, 8.391811, 134.23471, 12.247208, 4.7866445, 1.860163
2.4622355, 77.1984, 0.41979054, 22.381805, 0.0, 0.0, 0.0, -1
127.99979, 7.811528, 79.03612, 8.391402, 118.44643, 26.138134, 4.7870865, 1.797197
2.8838434, 39.005997, 30.809868, 30.184135, 0.0, 0.0, 0.0, -1
139.70093, 8.35331, 122.62418, 9.667579, 116.817406, 129.44293, 5.1176486, 4.1028786
1.9587507, 3.7933874, 38.329826, 57.876785, 0.0, 0.0, 0.0, -1
148.2456, 8.918952, 121.14812, 10.132463, 136.62021, 129.12196, 4.382715, 4.3443565
1.570228, -16.947975, 28.496243, 54.555786, 0.0, 0.0, 0.0, 0
164.85506, 9.836891, 78.93742, 10.073287, 156.72734, 87.205765, 4.5096087, 3.56407
1.2181486, 19.931599, 37.830612, 42.23779, 0.0, 0.0, 0.0, -1
176.4361, 10.334544, 91.6609, 9.784737, 170.31268, 100.49485, 4.975628, 3.3653014
0.97666025, 38.27574, 36.324383, 25.399872, 0.0, 0.0, 0.0, -1
151.60565, 10.475822, 124.008606, 9.710161, 155.33003, 130.29251, 4.7385783, 3.36853
0.6463456, 40.901436, 35.865265, 23.233303, 0.0, 0.0, 0.0, -1
164.75615, 9.187658, 110.189224, 10.585895, 176.70963, 114.29811, 4.7318716, 3.9115958
0.004662278, 0.0, 0.0, 0.0, 33.55288, 15.3018875, -51.145237, 5
129.1806, 8.0920725, 130.92174, 10.594256, 170.83867, 134.1067, 4.9128265, 3.8157656
8.4877014E-5, 0.0, 0.0, 0.0, -7.8887486, -7.016754, -85.0945, 5
169.2542, 41.373646, 169.88182, 52.07348, 169.71516, 171.36403, 49.123833, 52.9948
0.733038, 33.401943, 33.42267, 33.17539, 0.0, 0.0, 0.0, -1
134.7929, 40.366497, 138.4152, 53.029255, 138.25899, 139.86256, 47.13775, 51.05459
0.03272003, 0.0, 0.0, 0.0, -37.864235, -19.754484, -42.38128, 5
82.17966, 37.6232, 91.0195, 53.033005, 90.86542, 92.45279, 42.634216, 47.634586
0.8214743, -33.53174, -33.525276, -32.942986, 0.0, 0.0, 0.0, -1
64.57361, 36.814533, 75.25928, 53.033447, 75.10596, 75.87198, 41.162575, 47.127563
3.0703702, -33.938046, -33.918823, -32.143135, 0.0, 0.0, 0.0, 0
19.815521, 30.797453, 4.957947, 50.700226, 4.8007507, 1.3078613, 30.007524, 38.071953
3.7897449, -33.940212, -33.90137, -32.158413, 0.0, 0.0, 0.0, 0
25.28154, 27.064047, 4.9765725, 46.886806, 4.9789124, 1.0212097, 18.785349, 28.083187
3.6883967, -34.3289, -34.28275, -31.388355, 0.0, 0.0, 0.0, 0
30.07103, 26.178328, 4.9580994, 43.87053, 4.8581543, 0.7805176, 9.93237, 19.215736
2.6424103, -53.610462, -41.54293, -4.846606, 0.0, 0.0, 0.0, 0
96.771835, 33.210117, 55.1821, 41.007256, 63.5531, 70.23923, 4.5973635, 9.622454
1.4003808, -57.40634, -18.057516, 24.53614, 0.0, 0.0, 0.0, 0
90.19748, 34.93701, 47.801025, 40.28391, 63.756195, 80.04274, 4.4013104, 7.368377
0.32715377, -62.791996, -8.347977, 28.860027, 0.0, 0.0, 0.0, -1
74.96713, 35.77729, 32.39563, 40.126232, 47.44574, 68.69849, 4.4297686, 6.292173
0.0027306688, 0.0, 0.0, 0.0, 29.77474, -12.255041, -57.97022, 5
4.886856, 35.77362, 37.480515, 40.123287, 36.984634, 27.547348, 4.6332216, 5.9688053
0.0012739273, 0.0, 0.0, 0.0, -85.62111, -14.3151045, 0.063793875, 3
4.9956512, 21.65431, 75.47699, 43.32763, 34.362427, 9.751022, 32.339577, 21.995472
3.9552026, -8.9050255, -43.590992, -47.50398, 0.0, 0.0, 0.0, 2
4.992279, 19.362934, 75.47699, 43.32763, 28.242294, 9.446884, 27.293478, 20.609146
4.3799205, -13.607396, -43.258038, -43.134563, 0.0, 0.0, 0.0, 1
118.9266, 4.468518, 4.9481964, 38.964977, 39.85469, 50.584595, 7.2564554, 4.898733
0.46501303, -47.584324, -29.611843, 22.803833, 0.0, 0.0, 0.0, -1
98.27864, 4.8121877, 33.90767, 38.201084, 9.060074, 11.353973, 6.7267833, 4.013145
1.1985339E-4, 0.0, 0.0, 0.0, 35.553688, 28.905102, -35.541206, 5
55.320587, 4.8114552, 76.87573, 38.20121, 41.535507, 62.17363, 6.8207583, 4.306638
6.653581E-5, 0.0, 0.0, 0.0, -39.9611, -14.820968, 45.21793, 3
97.309326, 4.810669, 34.899414, 38.201153, 14.893677, 35.939255, 5.9793124, 5.065107
3.5762787E-6, 0.0, 0.0, 0.0, -41.04142, -17.917099, 41.04148, 3
144.6705, 4.810667, 12.461716, 38.201153, 23.95639, 11.314636, 6.0840955, 5.0641804
0.0, 0.0, 0.0, 0.0, 34.534664, 19.265348, -46.19999, 5
112.869514, 4.810667, 19.339264, 38.201153, 11.922501, 24.130386, 5.784438, 4.638476
0.0, 0.0, 0.0, 0.0, 39.798653, 20.402699, -39.798653, 5
97.21726, 4.810667, 34.991516, 38.201153, 27.79036, 40.29915, 5.730206, 4.590818
0.0, 0.0, 0.0, 0.0, 39.75502, 20.489956, -39.75502, 5
4.8721313, 24.31521, 66.65793, 28.402754, 6.8332825, 9.3428955, 23.54493, 22.312298
4.601427, -17.710684, -41.91951, -40.36981, 0.0, 0.0, 0.0, 1
161.93814, 38.397755, 156.96198, 52.783943, 156.77115, 158.26657, 48.276985, 51.150066
0.62289786, 33.384056, 33.285736, 33.33021, 0.0, 0.0, 0.0, -1
145.60033, 37.235855, 141.18547, 53.052006, 140.99763, 142.48067, 47.075203, 50.452564
0.003824391, 0.0, 0.0, 0.0, -39.22783, -19.746609, -41.025566, 5
113.00476, 34.38519, 109.78693, 53.05597, 109.60068, 111.07944, 44.136715, 49.834427
0.0022876905, 0.0, 0.0, 0.0, -39.129505, -19.697706, -41.172787, 5
96.52377, 32.987495, 93.97049, 53.056396, 93.785126, 94.73956, 42.66735, 49.37877
0.6904598, -33.43231, -33.430183, -33.137512, 0.0, 0.0, 0.0, -1
79.994934, 31.57428, 78.175934, 53.056843, 77.991486, 78.94171, 41.197857, 48.00623
2.7577407, -33.462494, -33.449863, -33.087646, 0.0, 0.0, 0.0, 0
1.7749939, 16.24586, 4.994385, 46.3601, 4.7940063, 5.856476, 16.663614, 23.469614
3.6952338, -33.893177, -33.89067, -32.216152, 0.0, 0.0, 0.0, 0
137.07797, 8.67378, 56.20401, 40.8165, 68.23746, 69.52066, 4.4893084, 9.238325
2.745304, -46.591915, 9.511675, 43.896404, 0.0, 0.0, 0.0, 0
140.88992, 8.708592, 49.277405, 40.4619, 65.05426, 72.20256, 4.4043565, 7.990346
0.96586645, -34.966557, -7.266433, 57.76701, 0.0, 0.0, 0.0, -1
136.4276, 8.602225, 35.1716, 40.222202, 52.169937, 64.9982, 4.3874073, 6.808848
0.48148406, -34.563168, -4.4829226, 60.953915, 0.0, 0.0, 0.0, -1
125.16264, 8.4833555, 14.77179, 40.010483, 32.360535, 44.860184, 4.3842745, 6.9032364
0.050867125, 0.0, 0.0, 0.0, 41.304943, 10.439289, -48.255768, 5
12.726669, 15.106645, 79.377075, 36.73446, 2.4133453, 3.4862366, 17.63345, 19.270815
1.7471488, -77.6879, -20.476397, 1.8356985, 0.0, 0.0, 0.0, 0
143.7068, 5.230372, 2.7337189, 27.022823, 59.62378, 139.98415, 2.088684, 3.8824477
2.0648003, -40.129414, 46.18098, 13.689602, 0.0, 0.0, 0.0, 0
118.76584, 4.822931, 13.091827, 26.53154, 66.983444, 176.02109, 1.9370029, 3.2679389
1.7308947, -40.2555, 49.055756, -10.68874, 0.0, 0.0, 0.0, 0
44.122528, 2.672432, 46.570435, 25.7447, 82.91733, 138.18137, 2.9431646, 3.137865
0.530461, -80.79815, 10.750945, 8.450909, 0.0, 0.0, 0.0, -1
37.908966, 2.9629347, 15.823334, 25.585707, 34.746796, 138.13919, 3.5823338, 2.5009823
1.15891, -50.861023, 17.996769, 31.142208, 0.0, 0.0, 0.0, 0
93.850296, 3.5537543, 37.41159, 25.199167, 43.491776, 109.453964, 4.753748, 4.8500147
0.40498614, -49.45917, 17.013166, 33.52766, 0.0, 0.0, 0.0, -1
83.264206, 3.73826, 22.440536, 25.01634, 28.146744, 94.423416, 4.744661, 5.3471856
0.016346466, 0.0, 0.0, 0.0, 8.580515, -76.37344, 15.04604, 4
36.63382, 3.7540562, 24.513947, 25.00199, 20.650818, 18.257202, 4.8180304, 6.7162805
0.001937486, 0.0, 0.0, 0.0, -19.011532, 4.209348, 76.77912, 3
62.303238, 3.7547846, 1.1420441, 25.001328, 5.016098, 12.031357, 4.817472, 7.303351
6.977278E-4, 0.0, 0.0, 0.0, 30.290062, 16.309095, -53.400837, 5
4.8650513, 24.617306, 56.557434, 25.483353, 5.5048523, 7.765686, 23.59993, 22.28581
4.0544443, -13.326627, -42.55098, -44.122395, 0.0, 0.0, 0.0, 2
179.8512, 25.581688, 141.18475, 53.09693, 143.3277, 139.89502, 53.88745, 49.721703
0.003959083, 0.0, 0.0, 0.0, -40.0978, -20.042238, -39.85996, 3
133.30043, 25.499857, 93.74977, 53.101635, 95.91939, 92.47432, 50.992477, 45.316998
0.6897035, -36.259808, -36.24286, -27.497334, 0.0, 0.0, 0.0, -1
117.57509, 25.500162, 78.02515, 53.10209, 80.18771, 76.754974, 49.526497, 43.845146
1.8171816, -36.40828, -36.39084, -27.200886, 0.0, 0.0, 0.0, 0
58.176834, 20.27623, 4.9811707, 45.587997, 7.4513245, 3.5343933, 22.73605, 17.027308
3.5549104, -40.2086, -40.163685, -19.627718, 0.0, 0.0, 0.0, 0
63.636047, 19.009497, 4.9813538, 43.32941, 9.543671, 3.5682373, 17.812078, 10.364886
2.8650749, -45.38016, -44.617252, -10.002583, 0.0, 0.0, 0.0, 0
65.76312, 18.601797, 4.9813843, 42.52101, 9.580017, 3.5970764, 15.437867, 8.642122
2.8177445, -41.60222, -31.051115, 27.346668, 0.0, 0.0, 0.0, 0
114.84329, 18.38517, 48.62445, 40.56202, 68.75592, 55.604736, 9.932901, 5.1608853
1.700156, -40.773567, -9.977846, 49.248585, 0.0, 0.0, 0.0, 0
122.01253, 19.291502, 54.00879, 39.812485, 90.417206, 67.684814, 7.841784, 4.665542
0.5755508, -43.15807, -3.0642927, 53.77764, 0.0, 0.0, 0.0, -1
107.4084, 19.59749, 38.891785, 39.5703, 81.34653, 53.583862, 6.767344, 4.597259
0.013356604, 0.0, 0.0, 0.0, 36.25534, 15.118387, -48.626274, 5
4.7965393, 22.807133, 80.68953, 35.11114, 10.846115, 8.009933, 22.60206, 21.219227
4.4197526, -4.554246, -47.827374, -47.61838, 0.0, 0.0, 0.0, 1
137.97499, 7.377929, 4.936661, 28.628765, 81.04695, 64.31, 9.074587, 4.3923106
3.5133708, -50.761215, 8.431294, 40.807487, 0.0, 0.0, 0.0, 0
163.11551, 8.204712, 40.796234, 23.833256, 120.55665, 71.93201, 3.0047517, 2.0965478
1.8896238, -28.894007, 18.015003, 53.09099, 0.0, 0.0, 0.0, 0
152.32239, 11.894407, 53.41638, 22.718826, 69.02564, 83.482574, 2.1652067, 2.7377615
0.41284224, -31.894436, -9.970619, 58.134945, 0.0, 0.0, 0.0, -1
134.99211, 12.557358, 38.56601, 22.530706, 56.853546, 61.273193, 2.2894437, 2.8701196
0.008047453, 0.0, 0.0, 0.0, 28.529898, 12.025666, -59.444435, 5
4.077133, 10.782524, 70.78113, 22.517828, 100.43286, 72.21811, 2.8987343, 3.5700908
3.2401548E-4, 0.0, 0.0, 0.0, 71.224045, 25.448328, 3.3276305, -1
4.961212, 10.336702, 75.81578, 22.517828, 91.571884, 69.85199, 2.9127176, 3.8809996
0.0014351867, 0.0, 0.0, 0.0, 66.20076, 33.423233, -0.3760044, 5
2.414627, 23.60802, 66.32037, 25.76954, 13.714264, 17.479858, 22.120216, 22.72062
4.2237616, -15.593115, -41.796783, -42.6101, 0.0, 0.0, 0.0, 2
157.50272, 33.968304, 151.34756, 52.796368, 151.8807, 146.94608, 50.479134, 51.406273
0.2735517, 33.38048, 33.176075, 33.443447, 0.0, 0.0, 0.0, -1
140.91072, 33.598656, 135.64809, 53.062496, 136.17891, 131.27016, 49.274902, 51.66883
0.0038498288, 0.0, 0.0, 0.0, -39.953926, -19.97688, -40.06919, 5
109.01065, 33.301434, 104.17792, 53.066475, 104.704834, 99.800385, 46.352234, 51.672745
0.56145185, -33.477394, -33.433586, -33.08902, 0.0, 0.0, 0.0, -1
77.49808, 33.302464, 72.665375, 53.067352, 73.18808, 68.2879, 43.413425, 51.6736
2.7766395, -33.484512, -33.432316, -33.08317, 0.0, 0.0, 0.0, 0
11.896881, 23.322578, 4.986603, 43.036026, 5.5759277, 0.29742432, 9.786216, 22.275135
2.4404922, -33.482185, -32.31002, -34.207794, 0.0, 0.0, 0.0, 2
11.301636, 22.66492, 4.514618, 41.480717, 5.0383606, 0.9142761, 6.7451515, 17.68891
2.8359756, -35.666546, -24.609201, -39.72425, 0.0, 0.0, 0.0, 2
38.235107, 23.829866, 43.439453, 40.593285, 49.020325, 49.851868, 4.7352567, 12.472378
2.6920118, -37.62305, -23.38026, -38.996693, 0.0, 0.0, 0.0, 2
27.249023, 23.661959, 29.888947, 39.267315, 47.75157, 49.789, 4.3854337, 8.860652
1.5771706, -35.866222, -28.394163, -35.739613, 0.0, 0.0, 0.0, 0
27.285309, 23.074541, 29.67044, 38.693497, 48.974854, 56.238617, 4.0663705, 7.6382937
0.63072604, -35.02809, -30.43323, -34.538685, 0.0, 0.0, 0.0, -1
4.6833572, 14.6044855, 86.00945, 46.272987, 24.549768, 20.37713, 16.181673, 17.69533
1.3483443, -35.092377, -37.395363, -27.512259, 0.0, 0.0, 0.0, 1
10.853769, 13.89976, 71.06405, 46.22814, 8.452261, 2.0672593, 15.190891, 16.05446
2.5585444, -73.99085, -21.294563, -4.7145863, 0.0, 0.0, 0.0, 0
110.08255, 13.543104, 4.9159546, 38.36037, 112.935104, 116.581085, 5.3044753, 10.469548
2.9976168, -41.20921, 32.65537, 26.135422, 0.0, 0.0, 0.0, 0
116.408936, 11.645013, 3.991394, 34.61176, 82.34592, 130.00822, 1.5956508, 6.9642916
3.1159577, -33.80811, 31.423416, 34.76848, 0.0, 0.0, 0.0, 0
108.33518, 10.82426, 31.74469, 31.243975, 70.34015, 109.02151, 2.901781, 6.8572273
2.588778, -58.951164, 19.697697, 21.351137, 0.0, 0.0, 0.0, 0
85.38068, 10.766685, 28.652191, 28.518362, 59.644867, 91.40818, 3.626073, 7.6091146
1.2729713, -30.22952, -36.205795, -33.564682, 0.0, 0.0, 0.0, 1
71.39899, 10.536245, 13.251923, 28.04155, 36.96704, 68.96924, 3.471535, 7.623461
1.9348701, -23.241276, -34.693367, -42.06536, 0.0, 0.0, 0.0, 2
22.888386, 11.074413, 34.247314, 27.8963, 33.828186, 6.7920837, 4.728362, 8.015687
1.5523627, -25.229856, -27.423489, -47.346657, 0.0, 0.0, 0.0, 2
3.6502075, 12.058581, 58.7619, 27.155373, 68.79013, 55.23224, 4.153627, 6.8094964
0.44446343, -26.68578, -22.167448, -51.146774, 0.0, 0.0, 0.0, -1
4.8459473, 12.534654, 59.421112, 26.93672, 68.02051, 51.13748, 4.704439, 5.3241997
0.0011960255, 0.0, 0.0, 0.0, -71.34994, -28.060133, 0.5899383, 3
4.929901, 8.825924, 49.267334, 26.93566, 61.279327, 43.15103, 4.8972125, 5.1183605
0.0, 0.0, 0.0, 0.0, 66.69188, 33.187504, -0.12062631, 5
4.9296875, 8.825765, 49.267334, 26.93566, 61.544006, 43.456238, 4.9218197, 5.1125817
0.0, 0.0, 0.0, 0.0, 67.30012, 32.57042, 0.1294615, -1
4.929657, 8.825542, 49.267334, 26.93566, 61.777466, 43.73111, 4.9121037, 5.123888
3.8146973E-6, 0.0, 0.0, 0.0, 67.437325, 32.42596, -0.13671513, 5
3.5774841, 8.306556, 49.267334, 26.93566, 61.706665, 43.7511, 4.9195957, 5.1253467
5.565218E-4, 0.0, 0.0, 0.0, 65.979515, 31.675947, 2.3445396, -1

NONPOS KNOWLEDGE:
98.960945, 26.434793, 53.00656, 28.683704, 57.24814, 11.484253, 4.6816425, 6.347724
1.9382697, 33.439857, 27.07063, -39.48951, 0.0, 0.0, 0.0, 2
4.0216827, 18.227562, 148.63356, 30.210293, 159.39528, 131.02965, 4.4372935, 7.824861
0.0021281391, 0.0, 0.0, 0.0, -34.08652, 1.6090817, 64.3044, 3
44.91732, 16.52789, 164.24965, 30.209217, 73.71852, 147.90623, 4.4187913, 4.787665
1.2220649, 35.53581, -7.892701, 56.57149, 0.0, 0.0, 0.0, 1
61.478558, 15.9284115, 148.4303, 30.208778, 57.89325, 144.79086, 4.4187512, 4.331138
3.9850097, 29.66905, 13.505284, 56.82567, 0.0, 0.0, 0.0, -1
94.54535, 14.812624, 116.91469, 30.20788, 2.2227325, 140.11531, 2.8819342, 4.9424806
8.19244, 16.651667, 45.648113, 37.700222, 0.0, 0.0, 0.0, -1
128.2486, 14.68537, 102.60591, 30.893661, 137.13226, 152.38882, 5.1637774, 9.319818
7.1589627, 14.757124, 44.623722, 40.619156, 0.0, 0.0, 0.0, -1
157.3712, 21.039358, 120.59665, 33.7332, 153.80568, 159.67242, 15.723688, 18.67574
3.7165728, 14.225228, 43.36937, 42.4054, 0.0, 0.0, 0.0, -1
127.683464, 24.971857, 149.34442, 35.876064, 138.43019, 138.44167, 20.88751, 22.939468
0.36600298, 13.259906, 44.026337, 42.713757, 0.0, 0.0, 0.0, -1
96.520676, 25.313173, 178.62654, 36.077003, 107.61196, 107.14662, 21.45117, 23.304163
0.029275578, 0.0, 0.0, 0.0, -40.00027, -20.027922, -39.971806, 3
65.15054, 25.34046, 147.18802, 36.093117, 76.53005, 75.76604, 21.713537, 23.33328
0.0020723105, 0.0, 0.0, 0.0, -39.595566, -20.14519, -40.259247, 5
102.20214, 19.335588, 0.4363098, 21.41774, 1.1522522, 3.4410095, 3.4725087, 5.519995
0.91865695, 0.7236544, 8.849996, -90.42635, 0.0, 0.0, 0.0, -1
4.978985, 19.336662, 96.788216, 21.416363, 98.725105, 88.481636, 3.3481205, 4.771974
0.9186212, 0.7588046, 4.5550456, -94.68615, 0.0, 0.0, 0.0, -1
5.429802, 15.680936, 98.8784, 21.424644, 114.3701, 98.169754, 3.3883832, 4.5480604
0.0020438933, 0.0, 0.0, 0.0, 42.036774, 5.376659, 52.586575, -1
27.613956, 14.762225, 130.25623, 21.424126, 145.7518, 108.13959, 3.3876505, 4.3740926
0.0020549803, 0.0, 0.0, 0.0, 16.420658, 13.936493, 69.642845, -1
45.05307, 14.363701, 145.95786, 21.423758, 161.45206, 106.067604, 3.3872366, 4.781543
0.0014025872, 0.0, 0.0, 0.0, -17.090443, 20.546295, 62.363266, 3
79.75113, 13.7218895, 177.48279, 21.42301, 167.02585, 115.24118, 3.3863926, 6.6954994
5.8098803, 4.9408383, 42.75052, 52.308643, 0.0, 0.0, 0.0, -1
144.04082, 24.36102, 87.96956, 24.480764, 146.55182, 137.09143, 21.031511, 23.179426
0.36290604, 21.61877, 39.226482, 39.154747, 0.0, 0.0, 0.0, -1
112.73269, 24.671919, 57.23239, 24.632395, 114.49079, 105.82947, 21.138817, 23.46731
0.0041219667, 0.0, 0.0, 0.0, -7.0013103, -29.918224, -63.080467, 5
49.82226, 24.679499, 5.663971, 24.636253, 49.94283, 42.922348, 20.802639, 23.47413
0.0, 0.0, 0.0, 0.0, 41.592575, -16.81974, -41.587685, -1
4.9057617, 10.458999, 82.726654, 40.160908, 81.53909, 84.533844, 6.078338, 4.5155687
1.7621661, 2.666485, 15.326767, -82.00675, 0.0, 0.0, 0.0, 2
2.9475596, 7.0033374, 95.74096, 40.184296, 111.12978, 134.09566, 3.980602, 4.2912545
0.48979795, 5.3600945, 36.9372, -57.70271, 0.0, 0.0, 0.0, -1
0.97361207, 6.043492, 100.59998, 40.21867, 121.07522, 142.42694, 4.1453404, 4.594835
0.05454914, 0.0, 0.0, 0.0, -42.02242, -20.518862, 37.458717, 3
14.820873, 5.850856, 84.94443, 40.223064, 106.01074, 127.15169, 4.1684036, 4.633872
8.599637E-4, 0.0, 0.0, 0.0, -32.187355, -24.212936, 43.59971, 3
68.448975, 4.399535, 36.77997, 40.223248, 4.5556335, 53.809692, 5.0358386, 5.633007
0.86160296, -32.458954, -11.432337, 56.108707, 0.0, 0.0, 0.0, -1
83.58066, 4.328926, 21.09372, 39.635937, 23.817871, 25.92154, 5.313359, 6.301377
6.239068, -37.495293, 12.59465, 49.91006, 0.0, 0.0, 0.0, 0
170.99329, 8.603197, 65.13861, 38.388405, 136.73074, 118.8168, 8.212162, 7.8049583
9.099762, -10.737994, 42.99829, 46.263718, 0.0, 0.0, 0.0, 0
173.9961, 15.537114, 76.08804, 36.884964, 155.25966, 150.95761, 14.1311035, 14.210682
6.85869, -5.697359, 46.709072, 47.59357, 0.0, 0.0, 0.0, 0
175.80327, 22.384468, 88.40863, 36.15627, 164.3863, 163.44202, 21.39947, 19.847078
2.8725705, 3.088387, 48.299053, 48.61256, 0.0, 0.0, 0.0, -1
153.27577, 24.087831, 68.62396, 36.298153, 142.61118, 141.88869, 23.083248, 21.517057
0.40440258, 5.2792706, 47.306164, 47.414562, 0.0, 0.0, 0.0, -1
121.810616, 24.463398, 37.758728, 36.339977, 111.40221, 110.2023, 23.448889, 21.928658
0.010516044, 0.0, 0.0, 0.0, 27.974527, -21.693249, -50.332226, 5
58.740692, 24.490614, 25.268799, 36.343063, 48.31756, 47.156723, 23.479464, 21.953325
0.0020742984, 0.0, 0.0, 0.0, 44.54244, -12.483181, -42.97438, -1
4.9130554, 10.350691, 179.92532, 24.974335, 176.9578, 179.01407, 2.9936018, 4.58137
2.707447, 36.464256, 38.813396, -24.72234, 0.0, 0.0, 0.0, 2
55.180283, 6.265265, 130.91258, 26.712645, 167.3668, 97.38902, 4.059147, 3.6290653
6.27197, 26.60965, 50.86639, 22.523964, 0.0, 0.0, 0.0, -1
85.78462, 4.38682, 125.0907, 28.623014, 178.52148, 115.26657, 6.0595517, 3.1414664
8.671871, -7.1994305, 43.38747, 49.4131, 0.0, 0.0, 0.0, 0
172.02477, 13.818691, 97.31636, 25.353598, 166.86365, 165.87114, 13.434744, 11.511402
6.6760645, 12.289141, 44.17566, 43.5352, 0.0, 0.0, 0.0, -1
173.96938, 20.64481, 104.506195, 28.410564, 169.09096, 173.71552, 18.940071, 18.446585
3.8505943, 17.005995, 41.942398, 41.051605, 0.0, 0.0, 0.0, -1
148.31245, 25.070368, 139.1525, 29.462414, 161.56282, 158.30989, 22.420362, 23.338562
0.29798242, 13.077593, 43.246033, 43.676373, 0.0, 0.0, 0.0, -1
116.93737, 25.36048, 171.05972, 29.547562, 129.76312, 126.9755, 22.561394, 23.688335
0.004936007, 0.0, 0.0, 0.0, -37.99341, -20.59902, -41.40757, 5
85.4371, 25.36712, 157.42648, 29.549667, 97.79793, 95.60953, 22.404137, 23.733608
0.003775794, 0.0, 0.0, 0.0, -40.196125, -19.61321, -40.190666, 3
22.30989, 25.367527, 94.29523, 29.550245, 32.551804, 32.937393, 22.58818, 24.170177
5.924965E-4, 0.0, 0.0, 0.0, 22.902456, -10.430213, -66.66733, 5
29.636337, 15.1425295, 53.902542, 28.603935, 13.004257, 8.809387, 17.762444, 18.641611
25.536348, -57.570232, 13.706886, 28.722889, 0.0, 0.0, 0.0, 0
87.91624, 9.453712, 87.95656, 3.689413, 98.2011, 78.15115, 4.110254, 4.749397
8.776161, 36.498978, 35.606388, 27.894634, 0.0, 0.0, 0.0, -1
158.09126, 14.907359, 156.16122, 10.7447405, 162.23792, 162.19781, 13.255426, 11.680731
7.021713, 29.266783, 35.941635, 34.791573, 0.0, 0.0, 0.0, -1
157.72914, 20.976376, 173.40715, 17.405859, 166.28143, 169.46242, 19.96655, 18.400648
3.593359, 31.958818, 34.633812, 33.407368, 0.0, 0.0, 0.0, -1
67.40379, 25.409376, 95.627884, 22.083714, 74.19905, 75.22326, 24.893812, 23.361637
6.7593274E-4, 0.0, 0.0, 0.0, -39.74835, -20.28792, -39.96373, 5
4.974758, 25.408934, 33.199356, 22.082916, 11.80389, 12.509241, 24.926535, 23.383846
4.489086, -34.204693, -33.968216, -31.827085, 0.0, 0.0, 0.0, 0
7.570694, 50.763542, 76.20956, 26.459873, 52.322636, 4.27573, 40.909485, 8.313046
9.270765, 37.0689, 8.398496, -54.532604, 0.0, 0.0, 0.0, 2
27.645359, 38.17599, 127.51804, 33.942566, 85.058174, 92.59315, 35.072426, 8.991602
7.919965, 42.681087, 18.26964, -39.04927, 0.0, 0.0, 0.0, 2
44.952827, 27.069721, 140.1354, 43.743267, 92.16386, 104.484535, 30.460176, 13.841945
4.12084, 49.697247, 17.43676, -32.865993, 0.0, 0.0, 0.0, 2
4.9109135, 8.013414, 91.64035, 37.13908, 91.95993, 93.306854, 4.5075545, 6.0733595
2.6155162, 5.9138956, 22.63295, -71.453156, 0.0, 0.0, 0.0, 2
7.5144405, 6.087847, 93.86077, 37.215717, 123.00013, 90.45248, 4.69126, 4.519314
0.7047125, 17.231188, 29.065884, -53.702934, 0.0, 0.0, 0.0, -1
26.340912, 4.891878, 63.794525, 37.368473, 99.28735, 65.122284, 5.299732, 4.670178
2.603531E-4, 0.0, 0.0, 0.0, -43.65621, -15.805494, 40.538292, 3
35.154232, 4.849024, 48.005768, 37.36853, 83.49509, 45.189148, 5.299786, 4.718904
5.4993057, -63.802017, -6.710499, 29.487482, 0.0, 0.0, 0.0, 0
172.72665, 6.6490917, 55.003357, 28.775808, 107.504974, 162.27129, 4.603625, 4.115821
9.260195, -8.429781, 40.62539, 50.944828, 0.0, 0.0, 0.0, 0
177.74057, 10.31577, 75.837845, 27.94309, 158.90408, 170.43555, 5.4254627, 7.8824897
8.594128, 4.140252, 48.139526, 47.720226, 0.0, 0.0, 0.0, -1
178.06696, 23.518353, 102.54819, 28.933203, 170.24295, 170.81812, 18.506525, 21.381556
2.7011404, 17.106464, 41.59802, 41.29552, 0.0, 0.0, 0.0, -1
149.56525, 25.151293, 77.27353, 29.463213, 139.13837, 139.64996, 20.724903, 23.00373
0.3056168, 14.435384, 42.81988, 42.74474, 0.0, 0.0, 0.0, -1
117.86018, 25.448126, 46.133972, 29.564123, 107.1996, 108.069565, 21.328423, 23.298492
0.0101833325, 0.0, 0.0, 0.0, 17.024624, -26.126953, -56.84842, 5
54.698925, 25.455532, 17.012268, 29.565798, 43.58512, 44.845573, 21.90266, 23.417812
0.0023119599, 0.0, 0.0, 0.0, 34.4178, -19.448906, -46.133293, 5
23.33603, 25.45546, 48.374573, 29.565462, 12.270181, 13.399714, 22.16715, 23.698273
0.0018955992, 0.0, 0.0, 0.0, 45.79375, -9.6707735, -44.535473, -1
4.915657, 12.788242, 86.582115, 12.782007, 89.56594, 80.33716, 3.4804218, 4.9272823
2.1444576, -17.941051, 1.3468679, -80.712074, 0.0, 0.0, 0.0, 2
4.8582077, 12.362453, 93.81786, 12.782007, 96.16415, 89.44332, 3.0130496, 4.5462594
7.8899937, -45.176804, 54.199303, 0.62388474, 0.0, 0.0, 0.0, 0
100.79559, 5.7312407, 76.833435, 9.44677, 165.27603, 137.43463, 4.0312366, 5.0245085
9.242565, 13.790202, 44.952408, 41.25739, 0.0, 0.0, 0.0, -1
165.55513, 23.86304, 159.30548, 20.643595, 173.23712, 178.11337, 22.23367, 23.402222
2.9701028, 25.459198, 37.8035, 36.737305, 0.0, 0.0, 0.0, -1
156.83237, 24.74802, 169.40741, 21.45626, 164.24231, 168.91673, 23.130217, 23.955292
0.49814498, 29.612709, 35.647587, 34.739708, 0.0, 0.0, 0.0, -1
94.38658, 8.338713, 13.429077, 40.19014, 5.8103333, 26.283264, 4.654768, 6.0642257
0.9326931, 32.75113, 14.675054, -52.57382, 0.0, 0.0, 0.0, -1
66.009964, 8.22221, 45.02466, 40.19003, 40.85147, 7.978409, 4.7939796, 6.104567
1.7989899, 29.398424, 18.190847, -52.41073, 0.0, 0.0, 0.0, 2
17.166855, 5.099522, 131.04887, 40.95282, 141.75056, 115.13368, 4.402691, 6.187493
0.5441041, 28.62383, 28.265324, -43.110844, 0.0, 0.0, 0.0, -1
33.1062, 4.8345876, 147.16678, 41.07253, 157.254, 129.55363, 4.1135416, 5.951399
0.0022851245, 0.0, 0.0, 0.0, -29.833641, 10.669005, 59.49735, 3
76.949646, 4.0520577, 165.77115, 41.07387, 171.19415, 157.96753, 2.9455698, 5.151572
0.49039567, -32.82687, -9.640764, 57.53237, 0.0, 0.0, 0.0, -1
91.25812, 3.9150243, 150.04567, 41.07385, 158.1921, 169.74307, 3.2986004, 4.994612
5.7463026, -20.983883, 29.956415, 49.059696, 0.0, 0.0, 0.0, 0
171.93568, 23.283875, 91.172226, 37.021454, 168.46184, 166.71681, 20.415068, 21.595041
2.7555041, 6.6070414, 46.873184, 46.51977, 0.0, 0.0, 0.0, -1
153.12984, 24.993933, 122.34401, 37.29243, 162.24258, 164.81465, 22.070438, 23.29517
0.41096103, 6.2221656, 46.7968, 46.981033, 0.0, 0.0, 0.0, -1
121.61403, 25.375887, 154.44427, 37.3315, 130.42334, 133.37328, 22.486038, 23.552164
0.0045391996, 0.0, 0.0, 0.0, -34.2472, -21.870565, -43.882236, 5
4.9283905, 6.262434, 66.89357, 27.20838, 58.179703, 77.210846, 4.81374, 4.4755635
0.81718147, 0.584946, 10.204634, -89.21042, 0.0, 0.0, 0.0, -1
4.8582153, 5.9995093, 73.03969, 27.20838, 63.430634, 81.2887, 5.0757256, 4.532272
1.1497725, 0.17728962, 7.1309247, -92.69179, 0.0, 0.0, 0.0, 2
12.794052, 5.0785494, 94.49307, 27.212543, 73.43088, 107.46185, 4.822297, 4.842756
0.33600968, -1.3883704, -6.36345, -92.24818, 0.0, 0.0, 0.0, -1
6.183029, 4.6267576, 79.458496, 27.211565, 58.31819, 95.42554, 4.9434385, 4.9228773
0.0077875564, 0.0, 0.0, 0.0, -30.86038, -19.122343, 50.01728, 3
46.39534, 4.240817, 47.74817, 27.209639, 20.1212, 61.040375, 5.333665, 5.16858
0.0024084223, 0.0, 0.0, 0.0, -13.8526325, -11.611305, 74.536064, 3
67.66991, 4.022493, 32.094803, 27.20915, 0.8614502, 42.467255, 5.3874326, 5.385793
6.2042794, -23.123852, 17.57639, 59.299763, 0.0, 0.0, 0.0, 0
171.02455, 8.122893, 70.17572, 25.485867, 134.89912, 114.42943, 7.761538, 7.068325
9.2561655, -2.6519814, 46.715286, 50.632732, 0.0, 0.0, 0.0, 0
172.24983, 11.780459, 78.38658, 24.803919, 147.48517, 136.37946, 10.825837, 9.436336
8.365057, 7.613185, 45.784508, 46.60231, 0.0, 0.0, 0.0, -1
173.62325, 23.287544, 104.36824, 26.108566, 160.40912, 164.07607, 21.628529, 20.795845
2.1544662, 17.22113, 41.235855, 41.543015, 0.0, 0.0, 0.0, -1
25.589066, 25.403427, 39.51512, 26.88398, 13.813675, 17.272125, 23.557688, 22.799858
0.0011290567, 0.0, 0.0, 0.0, 44.784386, -13.420971, -41.794643, -1
3.6193466, 7.3082848, 142.84152, 46.265587, 138.8598, 114.99186, 36.738396, 51.819237
0.0, 0.0, 0.0, 0.0, -26.327805, 10.143414, 63.52879, 3
48.337067, 7.8291035, 170.00682, 46.265587, 174.06444, 161.68648, 36.34827, 47.42567
6.1405163, -14.809553, 12.58368, 72.606766, 0.0, 0.0, 0.0, 0
148.8713, 10.972544, 85.939514, 45.54036, 95.39491, 116.1084, 27.298082, 39.72828
8.856445, -3.0848994, 26.226484, 70.688614, 0.0, 0.0, 0.0, 0
155.36786, 14.37819, 90.57474, 45.108086, 105.88805, 122.16022, 24.92492, 38.38719
4.3510756, 5.7790637, 36.68817, 57.532764, 0.0, 0.0, 0.0, -1
148.04135, 23.107264, 130.79077, 45.619907, 179.8924, 172.06633, 22.724455, 33.474575
0.329211, 8.649918, 41.4531, 49.896984, 0.0, 0.0, 0.0, -1
118.03465, 23.233938, 162.59103, 45.67461, 144.49426, 154.68297, 22.655575, 32.543648
0.008674414, 0.0, 0.0, 0.0, -32.034805, -24.3805, -43.584694, 5
88.09247, 23.06319, 166.05351, 45.67612, 110.82623, 121.75366, 22.486866, 31.369923
0.0, 0.0, 0.0, 0.0, -80.03473, -19.627771, -0.33748963, 3
4.883438, 19.366812, 79.42035, 45.67612, 18.67456, 15.733688, 20.509247, 23.612894
0.0, 0.0, 0.0, 0.0, -41.355873, 16.70459, 41.939537, 3
18.187927, 18.138716, 56.345184, 45.67612, 3.8478699, 8.1577, 19.821165, 22.689917
0.61909044, -43.358612, 22.601072, 34.040314, 0.0, 0.0, 0.0, -1
33.99138, 17.543192, 40.540787, 45.67612, 19.37613, 25.224594, 19.488613, 21.941587
6.2421155, -34.045288, 29.138569, 36.81614, 0.0, 0.0, 0.0, 0
149.6612, 19.197664, 61.520115, 41.828106, 135.95647, 138.89665, 19.804615, 24.025433
3.465951, -15.394772, 40.613026, 43.992207, 0.0, 0.0, 0.0, 0
140.6861, 23.565569, 56.621643, 38.838737, 129.1301, 126.3853, 22.133123, 26.758333
1.7549014, -23.12626, 35.193817, 41.67992, 0.0, 0.0, 0.0, 0
137.89374, 24.319096, 53.814545, 38.416412, 126.77104, 123.39076, 22.772966, 27.29405
0.5281269, -22.569778, 35.517235, 41.912987, 0.0, 0.0, 0.0, -1
76.121826, 25.035666, 7.8815613, 38.035297, 65.39021, 61.847183, 23.389791, 27.872965
0.0015061172, 0.0, 0.0, 0.0, 42.964874, -14.515811, -42.519314, -1
18.488052, 20.846922, 102.60968, 52.692593, 59.30806, 70.471954, 44.123516, 32.12324
4.567007, 27.634638, -14.637205, -57.72816, 0.0, 0.0, 0.0, 2
12.963745, 14.2991495, 68.64572, 55.500523, 26.603119, 36.874924, 38.472195, 25.40633
0.3599995, -40.10066, -38.729305, -21.17004, 0.0, 0.0, 0.0, -1
43.195496, 13.498721, 37.676285, 55.736877, 4.9790344, 2.9664307, 35.3422, 22.717897
6.681352, -34.65445, 15.984203, 49.36135, 0.0, 0.0, 0.0, 0
145.51294, 15.001758, 53.664673, 52.48877, 106.50058, 115.574585, 26.672335, 16.76428
5.016218, -20.013912, 34.726818, 45.259266, 0.0, 0.0, 0.0, 0
155.43115, 21.912281, 62.00177, 47.920128, 137.97435, 143.10454, 25.335875, 21.337414
0.5522249, -16.189049, 39.95658, 43.854374, 0.0, 0.0, 0.0, -1
93.152084, 22.44407, 0.04612732, 47.6063, 80.77214, 81.05197, 25.206005, 21.417698
0.0013775973, 0.0, 0.0, 0.0, 41.3527, -17.253946, -41.393356, 5
61.68631, 22.444649, 31.419952, 47.60623, 48.86502, 49.459305, 24.994488, 21.0755
0.0018714849, 0.0, 0.0, 0.0, 44.45537, -12.0846195, -43.460007, -1
4.8349304, 8.519247, 67.70572, 41.372913, 68.992676, 69.13077, 4.511881, 6.1006327
0.84992886, 27.735842, 33.173492, -39.090668, 0.0, 0.0, 0.0, -1
4.8333435, 7.0499306, 67.706024, 41.372597, 69.979675, 67.38229, 4.529, 6.102708
3.5800188, 31.838318, 47.037975, -21.123707, 0.0, 0.0, 0.0, 2
20.723297, 3.3122776, 87.432556, 41.706142, 99.72246, 88.90625, 5.177272, 6.3512783
3.399087, 34.457867, 54.863243, -10.678885, 0.0, 0.0, 0.0, 2
32.440277, 2.4497132, 73.68118, 42.33179, 94.25606, 82.9554, 6.5170565, 7.3967705
1.7902069, 36.83805, 60.142166, 3.0197847, 0.0, 0.0, 0.0, -1
41.82318, 2.357608, 59.22998, 42.765614, 82.494354, 71.44614, 7.526623, 8.202939
0.44089693, 33.509094, 52.94532, 13.545587, 0.0, 0.0, 0.0, -1
27.064209, 2.5675297, 28.717255, 43.088882, 50.805542, 40.07483, 8.491614, 8.54563
0.002210388, 0.0, 0.0, 0.0, 41.253544, 14.410334, 44.336124, -1
19.985596, 2.5669696, 18.336365, 43.088924, 2.0363464, 13.002106, 8.866811, 7.9776583
2.2400148, -45.56431, -53.172565, 1.2631221, 0.0, 0.0, 0.0, 1
51.466934, 2.5666196, 49.818253, 43.08895, 36.52083, 47.78621, 8.624401, 7.7333436
7.7570457, -46.872417, -8.023812, 45.103775, 0.0, 0.0, 0.0, 0
177.43771, 19.228495, 90.92943, 35.918854, 168.27837, 168.90927, 16.992256, 18.572203
6.509806, -14.582615, 41.217457, 44.199932, 0.0, 0.0, 0.0, 0
177.28217, 20.51629, 92.9843, 35.84964, 169.43863, 169.8874, 18.081936, 19.66639
4.151306, 1.7550223, 48.80706, 49.43792, 0.0, 0.0, 0.0, -1
118.37476, 24.42006, 157.8738, 35.996567, 130.68208, 128.02612, 22.453064, 23.633755
0.004640893, 0.0, 0.0, 0.0, -28.493427, -24.100056, -47.406517, 5
86.828186, 24.424593, 170.57246, 35.996964, 99.15618, 96.061554, 22.361557, 23.36871
0.0020948385, 0.0, 0.0, 0.0, -39.723896, -20.248692, -40.027412, 5
5.0513573, 10.119666, 93.079895, 21.284246, 108.5809, 85.63516, 2.9764671, 3.8348603
0.42105594, 10.193902, 18.777292, -71.02881, 0.0, 0.0, 0.0, -1
4.8687973, 9.767838, 99.36977, 21.284246, 115.985886, 92.740616, 3.0061238, 3.8255692
2.3521333, 9.071682, 29.518429, -61.40989, 0.0, 0.0, 0.0, 2
2.2853775, 6.2287803, 106.79651, 21.340118, 129.6123, 96.80524, 3.277163, 3.2480974
8.450727, -22.038136, 54.393272, 23.568592, 0.0, 0.0, 0.0, 0
140.75963, 6.25503, 79.069115, 18.518536, 179.97589, 165.70114, 7.4947414, 4.7663345
9.304331, 10.474247, 46.91288, 42.612873, 0.0, 0.0, 0.0, -1
130.51549, 25.1602, 172.56905, 24.475418, 141.22481, 137.33516, 23.407602, 23.477665
0.04941106, 0.0, 0.0, 0.0, -38.55502, -20.439415, -41.00557, 5
36.070847, 25.256044, 92.78081, 24.543037, 45.48076, 42.28151, 22.968359, 23.88024
0.0015194947, 0.0, 0.0, 0.0, -23.675406, -23.677423, -52.647175, 5
30.543106, 8.051885, 41.53012, 42.512978, 50.827362, 37.21527, 6.397235, 4.7430115
0.90794045, -16.824553, -6.755629, -76.419815, 0.0, 0.0, 0.0, -1
14.75087, 8.051466, 57.320847, 42.513023, 69.037125, 53.008743, 5.778432, 4.7430353
1.7338202, -10.522267, 4.0786514, -85.399086, 0.0, 0.0, 0.0, 2
0.10722351, 5.9119463, 74.01369, 42.33806, 93.38713, 75.41576, 4.727615, 5.142867
0.571476, -33.86625, -15.056941, -51.076817, 0.0, 0.0, 0.0, -1
101.84442, 4.001079, 19.285706, 42.139996, 5.129608, 37.022125, 3.2737362, 5.2059746
8.86879, -21.245935, 30.676905, 48.07716, 0.0, 0.0, 0.0, 0
145.2889, 25.116198, 61.360016, 36.919334, 136.26578, 133.42322, 22.25141, 23.347124
0.30536914, 2.4399476, 48.41062, 49.14943, 0.0, 0.0, 0.0, -1
82.28462, 25.421429, 1.210846, 36.93552, 73.42761, 70.576416, 22.518488, 23.615025
0.0024098838, 0.0, 0.0, 0.0, 41.98129, -16.040243, -41.97847, -1
19.451508, 25.422686, 64.04492, 36.934677, 10.536438, 7.840164, 22.493206, 23.660875
0.002262584, 0.0, 0.0, 0.0, 51.33236, 0.53272253, -48.134914, 5
4.841507, 8.107079, 167.65323, 40.449757, 155.40671, 165.44556, 5.9946938, 4.703811
3.4918677E-4, 0.0, 0.0, 0.0, 13.089472, 15.615699, 71.29483, -1
4.9985504, 7.5280037, 166.8718, 40.44984, 156.62912, 165.233, 5.932047, 4.542884
4.6878205E-5, 0.0, 0.0, 0.0, -32.88329, -5.733169, 61.38354, 3
29.353706, 4.206568, 172.15358, 40.449795, 175.12206, 176.18336, 6.022508, 3.4196641
0.40616143, 19.860119, 30.139881, 50.0, 0.0, 0.0, 0.0, -1
42.08152, 3.9402475, 156.38187, 40.449795, 161.89905, 166.29501, 5.945067, 3.3664074
4.9087744, -27.71963, 21.155266, 51.12511, 0.0, 0.0, 0.0, 0
94.03215, 3.2256165, 93.60431, 40.355213, 113.76639, 121.88927, 5.31115, 2.6683586
9.03841, -13.967362, 42.211517, 43.82112, 0.0, 0.0, 0.0, 0
164.40244, 14.855858, 90.44772, 37.240475, 172.39305, 176.47662, 13.950668, 12.666597
6.350744, 2.8235018, 49.144924, 48.031578, 0.0, 0.0, 0.0, -1
127.431046, 25.298887, 147.98747, 37.91422, 139.77252, 136.65446, 23.699682, 22.725008
0.12898855, 9.154282, 45.748657, 45.09706, 0.0, 0.0, 0.0, -1
64.49549, 25.426594, 148.85303, 37.940468, 76.55346, 73.46255, 23.798317, 22.820332
7.067647E-4, 0.0, 0.0, 0.0, -39.955177, -20.091064, -39.95376, 3
32.85163, 25.426266, 117.20861, 37.94034, 44.8825, 41.79708, 23.736086, 22.763851
0.0013547761, 0.0, 0.0, 0.0, -39.300266, -19.00462, -41.69511, 5
74.63811, 8.836135, 123.77205, 21.699728, 177.42175, 128.79953, 4.872789, 3.3097236
1.8970973, 37.891308, 26.03673, -36.07196, 0.0, 0.0, 0.0, 2
0.08375549, 6.422805, 162.23334, 22.69169, 127.27313, 179.63295, 5.69465, 3.5100243
0.5929248, 36.75556, 31.71126, -31.533176, 0.0, 0.0, 0.0, -1
31.54483, 4.8784156, 165.54901, 23.576187, 165.79892, 129.51532, 6.275943, 3.1421313
4.4114146, -22.687151, 15.404336, 61.908512, 0.0, 0.0, 0.0, 0
94.44414, 4.8798895, 102.62485, 23.574284, 125.495316, 89.4646, 5.8063316, 2.8584714
9.252116, -5.257036, 43.6978, 51.045166, 0.0, 0.0, 0.0, 0
142.34238, 7.467624, 85.56723, 22.721622, 131.4893, 149.24031, 6.650321, 3.5587437
9.347168, 4.64136, 47.50157, 47.857067, 0.0, 0.0, 0.0, -1
165.49825, 24.383932, 127.05443, 26.45151, 178.66951, 176.61101, 20.009695, 22.318441
0.54093343, 22.380222, 39.392136, 38.227642, 0.0, 0.0, 0.0, -1
76.0812, 25.288618, 141.52289, 26.956165, 89.97024, 86.78869, 21.797243, 23.23631
9.739333E-4, 0.0, 0.0, 0.0, -39.806087, -19.99421, -40.199703, 5
24.722748, 14.845712, 30.651459, 40.422512, 71.137726, 13.478485, 2.8893363, 7.70992
1.3358537, -34.51434, -12.934629, -52.551033, 0.0, 0.0, 0.0, 2
1.4964604, 10.35212, 63.64496, 39.034233, 115.316376, 65.0444, 4.1831355, 5.1621675
0.0012770019, 0.0, 0.0, 0.0, -28.141645, -10.331776, 61.526577, 3
33.22905, 9.995845, 31.881927, 39.033028, 83.563385, 33.295837, 4.1837564, 5.1619544
4.1779556, -72.195915, -23.34385, -4.4602337, 0.0, 0.0, 0.0, 0
80.50404, 9.997828, 15.397003, 39.033028, 34.217316, 18.743256, 3.7217636, 5.387183
5.342702, -41.003258, 20.197144, 38.799606, 0.0, 0.0, 0.0, 0
130.39375, 11.5173235, 57.53009, 33.834167, 116.76064, 116.17289, 4.6929493, 9.714356
9.017546, -18.969654, 40.411617, 40.61873, 0.0, 0.0, 0.0, 0
142.68, 19.076744, 68.055374, 29.970833, 150.25903, 130.41597, 15.968493, 17.328182
6.6665196, -18.582468, 38.827103, 42.590427, 0.0, 0.0, 0.0, 0
144.75249, 22.180204, 73.574936, 29.244127, 149.51523, 133.02089, 18.867208, 20.309488
4.8271923, -14.975816, 40.824696, 44.19949, 0.0, 0.0, 0.0, 0
146.97461, 23.833935, 77.22066, 28.927565, 149.84286, 135.23509, 20.589193, 22.041456
3.5890222, -14.629584, 40.853493, 44.516926, 0.0, 0.0, 0.0, 0
147.96991, 24.63819, 79.0096, 28.817202, 150.39513, 136.70175, 21.180141, 22.74629
1.8237816, -4.2641335, 47.06427, 48.671593, 0.0, 0.0, 0.0, 0
147.92368, 25.449636, 79.83272, 28.735308, 147.675, 137.10121, 21.029396, 23.46539
0.7059931, 5.596584, 46.443497, 47.95992, 0.0, 0.0, 0.0, -1
117.05194, 26.05619, 49.647156, 28.691158, 113.66945, 106.54422, 21.019154, 24.007408
0.24044716, -3.7427113, 46.697384, 49.559902, 0.0, 0.0, 0.0, -1
54.070133, 26.270527, 13.088867, 28.676214, 44.89348, 43.67128, 21.342422, 24.20032
0.0019353189, 0.0, 0.0, 0.0, 41.849335, -16.303787, -41.846878, -1
80.13574, 5.840353, 131.62494, 40.928677, 141.04214, 173.56886, 4.6091714, 6.0543833
0.0018623382, 0.0, 0.0, 0.0, 17.910347, -20.301546, -61.788105, 5
48.69438, 5.8404703, 163.06929, 40.92833, 168.62651, 157.41609, 4.7460527, 6.039641
0.0018330138, 0.0, 0.0, 0.0, 14.009484, -25.051743, -60.93877, 5
17.05545, 5.840557, 165.28789, 40.928013, 161.53844, 128.62048, 4.820662, 6.0910177
0.0015939354, 0.0, 0.0, 0.0, 15.484436, 23.528084, 60.98748, -1
4.889328, 5.8407545, 153.11519, 40.927326, 149.3618, 121.44127, 4.8199983, 6.058004
8.4463693E-4, 0.0, 0.0, 0.0, -13.437584, 19.735706, 66.826706, 3
22.67775, 5.2712684, 169.05037, 40.926693, 158.93767, 136.02538, 4.0988994, 5.414573
7.674808E-4, 0.0, 0.0, 0.0, -41.59076, 2.326392, 56.082844, 3
59.343132, 4.161514, 159.58615, 40.926407, 172.70416, 159.27312, 3.297048, 4.224081
1.846242, -27.351765, 20.961573, 51.68666, 0.0, 0.0, 0.0, 0
163.98143, 7.319153, 76.522736, 39.612926, 157.54797, 150.73862, 4.783201, 6.237656
9.241487, -10.219925, 43.6821, 46.09798, 0.0, 0.0, 0.0, 0
168.76277, 12.785255, 84.40765, 38.232075, 172.47711, 167.09177, 10.04862, 11.282339
8.26888, -8.3658495, 45.54681, 46.087337, 0.0, 0.0, 0.0, 0
169.55931, 14.618155, 87.145584, 37.939545, 174.20168, 169.12521, 11.83266, 12.983033
7.0113883, -3.3982196, 47.871693, 48.730083, 0.0, 0.0, 0.0, 0
170.17903, 16.455992, 89.92378, 37.734627, 175.62526, 171.26785, 13.657375, 14.797375
6.017702, -1.5418783, 48.8681, 49.59002, 0.0, 0.0, 0.0, 0
170.67377, 18.295118, 92.72525, 37.61917, 176.77615, 172.70325, 15.470761, 16.581472
5.017073, 2.6891873, 48.701077, 48.609737, 0.0, 0.0, 0.0, -1
166.81494, 22.557304, 107.51369, 37.91601, 177.61467, 179.27232, 20.931604, 22.032423
0.79530585, 6.6172295, 46.78391, 46.59886, 0.0, 0.0, 0.0, -1
72.570595, 21.582655, 156.6442, 38.027058, 84.342766, 87.50439, 20.91117, 22.080845
3.6239624E-5, 0.0, 0.0, 0.0, -41.167267, -19.14127, -39.691467, 3
4.8363037, 18.5708, 86.741425, 36.889282, 17.069656, 21.715485, 19.030157, 20.653082
1.9669533E-6, 0.0, 0.0, 0.0, -63.319893, -3.0939405, 33.586166, 3
22.64598, 16.39067, 52.120132, 38.02702, 12.88826, 7.673065, 17.600695, 19.662516
0.6195781, -38.489716, 25.543621, 35.966663, 0.0, 0.0, 0.0, -1
36.82779, 16.116247, 36.395447, 38.02702, 27.647675, 22.979752, 17.417732, 19.38248
6.0570207, -34.870388, 28.676466, 36.45315, 0.0, 0.0, 0.0, 0
137.24533, 22.67638, 62.848312, 31.34163, 129.28555, 125.573975, 22.38906, 23.968674
3.4403663, -14.892128, 39.724373, 45.3835, 0.0, 0.0, 0.0, 0
139.88802, 24.137823, 65.9892, 30.702017, 131.21802, 127.38631, 23.220295, 24.811434
0.97526234, -16.975101, 38.644188, 44.38071, 0.0, 0.0, 0.0, -1
109.40225, 24.71592, 35.81526, 30.48031, 100.36386, 96.56563, 23.493587, 25.055859
0.2860094, -13.008163, 40.391987, 46.59985, 0.0, 0.0, 0.0, -1
78.40756, 24.941814, 4.958725, 30.398645, 68.818344, 65.13129, 23.438265, 24.959124
0.005989634, 0.0, 0.0, 0.0, 34.298958, -18.326204, -47.374836, 5
46.767487, 24.94207, 26.681168, 30.398565, 36.584152, 33.062653, 23.213099, 24.667604
0.0, 0.0, 0.0, 0.0, 43.58923, -12.821542, -43.58923, -1
59.35446, 4.982452, 71.56175, 40.293144, 61.25139, 79.92827, 4.543246, 4.9316444
1.7880314E-4, 0.0, 0.0, 0.0, 42.48427, 21.624096, -35.891636, 5
27.76773, 4.982809, 103.14415, 40.293262, 91.34801, 110.044876, 4.946717, 4.8539944
1.1003269E-4, 0.0, 0.0, 0.0, 66.42708, 32.25044, 1.3224816, -1
12.092728, 4.983095, 118.81636, 40.293316, 107.45058, 125.18297, 5.163991, 4.8380017
0.07380061, 0.0, 0.0, 0.0, 55.342285, 11.91141, 32.746304, -1
9.983658, 4.983468, 120.922104, 40.29332, 110.07527, 127.07924, 5.3373313, 4.812323
0.5590349, 37.48887, 36.579945, -25.931185, 0.0, 0.0, 0.0, -1
36.133102, 4.411307, 159.44536, 40.36278, 128.97404, 142.67226, 4.278119, 1.5958569
0.500504, 41.6461, 33.528103, -24.825798, 0.0, 0.0, 0.0, -1
8.056824, 6.3416376, 45.370026, 51.99264, 68.94769, 51.670837, 7.2711134, 4.6483707
0.6296665, -32.497284, -13.424252, -54.078465, 0.0, 0.0, 0.0, -1
5.215332, 5.498488, 55.2446, 51.717613, 85.16579, 63.32126, 6.1940293, 4.608832
0.038315192, 0.0, 0.0, 0.0, 39.347546, -39.86381, 20.78865, 4
4.8714294, 5.0079556, 67.41693, 51.68174, 93.184296, 71.00705, 6.1040826, 4.808247
0.0016177983, 0.0, 0.0, 0.0, -39.48799, -20.64805, 39.86396, 3
18.545807, 4.7453914, 49.79077, 51.681023, 70.41339, 41.049347, 6.1173797, 4.780709
0.10270956, -34.6672, -38.206924, 27.125874, 0.0, 0.0, 0.0, -1
34.033997, 4.741479, 34.069946, 51.680958, 54.69574, 22.335632, 6.1178913, 5.013497
6.713817, -37.89228, 3.7450984, 58.36262, 0.0, 0.0, 0.0, 0
155.66257, 8.759655, 58.26819, 48.877018, 99.451385, 122.47763, 4.802903, 8.349391
8.874893, -14.34187, 40.727512, 44.930614, 0.0, 0.0, 0.0, 0
154.40552, 24.72643, 63.640778, 44.16561, 142.75595, 143.27708, 21.683779, 23.258635
0.52371764, -5.0788307, 46.853302, 48.067863, 0.0, 0.0, 0.0, -1
122.98067, 24.592278, 32.716705, 44.120502, 111.38931, 112.473946, 22.161394, 23.69347
0.032384485, 0.0, 0.0, 0.0, 31.840792, -21.05953, -47.099678, 5
60.059288, 23.648691, 30.143188, 44.112133, 48.083286, 49.42621, 21.952616, 23.455849
0.0024219065, 0.0, 0.0, 0.0, 43.06871, -14.453164, -42.478123, -1
4.917345, 10.79094, 88.84999, 29.737783, 94.587845, 78.81929, 4.9006896, 5.576581
2.9986346, -20.68977, 4.4714456, -74.83879, 0.0, 0.0, 0.0, 2
6.5927877, 6.28922, 84.085045, 28.641788, 110.46273, 95.02856, 5.698175, 4.9967275
0.5584362, -3.967743, 29.468483, -66.563774, 0.0, 0.0, 0.0, -1
37.725845, 4.831702, 54.294983, 28.606012, 86.61261, 73.260315, 6.105077, 5.1930494
0.0016537682, 0.0, 0.0, 0.0, -23.790745, -13.212768, 62.99649, 3
53.38252, 4.8313737, 38.63974, 28.60587, 70.956635, 57.60388, 6.1048493, 5.1926274
0.61788815, -21.889261, -39.436855, 38.673885, 0.0, 0.0, 0.0, -1
69.19625, 4.8310943, 22.82901, 28.60555, 55.14479, 32.208344, 6.1044197, 4.953453
2.4626324, -22.363808, -31.986233, 45.649963, 0.0, 0.0, 0.0, 1
84.967415, 4.8308234, 7.0606384, 28.605192, 39.375275, 8.072052, 6.103917, 4.8686213
6.1528845, -25.93945, -6.0785017, 67.98205, 0.0, 0.0, 0.0, 0
163.06584, 8.958496, 68.63002, 27.083872, 96.79375, 128.66783, 4.0497756, 8.039451
9.173983, -5.055811, 44.22598, 50.718212, 0.0, 0.0, 0.0, 0
170.80711, 17.133121, 87.61421, 25.913656, 155.88611, 153.29283, 12.224502, 15.628376
6.1433697, 10.452298, 44.218235, 45.329468, 0.0, 0.0, 0.0, -1
171.50705, 20.49155, 94.96773, 26.279072, 158.32643, 157.10411, 15.814655, 18.796772
4.5313325, 14.052362, 42.55037, 43.397266, 0.0, 0.0, 0.0, -1
122.98142, 24.896488, 55.19229, 27.54392, 111.0605, 111.76151, 21.931887, 23.499514
0.01962566, 0.0, 0.0, 0.0, 12.897466, -26.314026, -60.788506, 5
60.53953, 24.490582, 7.764099, 27.561872, 49.551502, 49.140076, 21.982924, 23.560173
0.0014373172, 0.0, 0.0, 0.0, 42.084564, -16.056637, -41.858803, -1
76.74228, 6.328857, 178.25343, 10.594341, 133.5573, 178.56157, 4.8860097, 3.8158512
1.3828278E-5, 0.0, 0.0, 0.0, -33.310028, -17.765102, -48.924873, 5
18.370987, 4.6525264, 134.41776, 10.594369, 96.26605, 131.23276, 4.8696666, 3.8158789
0.65411025, 43.28594, 35.10841, -21.605652, 0.0, 0.0, 0.0, -1
9.863586, 4.6382885, 126.46423, 10.594369, 91.435196, 123.279236, 4.7736225, 3.8158789
1.3717065, 43.207043, 37.3084, -19.48456, 0.0, 0.0, 0.0, 2
22.068375, 4.157033, 142.50682, 10.594369, 106.849594, 137.79243, 4.8132715, 3.0344698
1.4633001, 43.887627, 36.5774, -19.534977, 0.0, 0.0, 0.0, 2
24.926895, 3.6074417, 140.26097, 11.2199135, 100.77608, 112.28111, 4.0024137, 1.5978763
0.49608108, 48.97268, 33.25679, -17.77053, 0.0, 0.0, 0.0, -1
52.369278, 3.126418, 157.66243, 11.998478, 126.206436, 110.92439, 3.8270948, 2.3911066
7.292613E-4, 0.0, 0.0, 0.0, -34.196346, 19.748611, 46.05504, 3
78.03463, 3.1256065, 170.8779, 11.998001, 158.5773, 134.08444, 3.549447, 2.6476753
4.06351, -8.911943, 43.43937, 47.64869, 0.0, 0.0, 0.0, 0
170.99393, 19.127298, 131.71796, 17.719986, 159.9472, 155.72449, 18.438805, 19.225374
0.39243168, 27.665695, 35.78842, 36.545883, 0.0, 0.0, 0.0, -1
171.21686, 19.614138, 132.90395, 18.121534, 161.87631, 156.3871, 17.934502, 18.458908
3.0245113, 28.63603, 35.52541, 35.83856, 0.0, 0.0, 0.0, -1
174.18645, 21.157093, 138.5885, 20.463129, 165.16699, 164.03627, 21.114681, 19.578812
1.8921651, 29.393133, 35.32917, 35.27769, 0.0, 0.0, 0.0, -1
174.80324, 21.721815, 140.04684, 21.200903, 165.0195, 166.27489, 21.925997, 20.393698
0.63149935, 29.581188, 35.262306, 35.1565, 0.0, 0.0, 0.0, -1
96.20942, 3.6814046, 165.36365, 54.391624, 141.59183, 152.31738, 55.529037, 34.82575
0.48412082, 28.969687, 39.91834, 31.11197, 0.0, 0.0, 0.0, -1
152.74435, 3.0951347, 147.2758, 55.345222, 170.77687, 159.95729, 56.76108, 35.940662
7.2997108, -36.485474, -12.694994, 50.819527, 0.0, 0.0, 0.0, 0
158.74132, 10.563804, 65.75351, 50.611725, 90.431885, 85.71591, 52.920383, 31.65577
7.783214, -31.952635, 3.365776, 64.68159, 0.0, 0.0, 0.0, 0
148.82144, 19.383413, 61.015717, 45.356606, 89.962814, 102.22046, 44.023163, 24.339096
3.123562, -20.694574, 23.436707, 55.86872, 0.0, 0.0, 0.0, 0
120.302216, 23.260084, 39.777542, 43.41407, 75.45967, 100.80972, 37.1399, 23.102024
0.29413807, -17.472637, 30.150322, 52.37704, 0.0, 0.0, 0.0, -1
89.26701, 23.43793, 8.79126, 43.328896, 45.801697, 71.61458, 36.006588, 23.014967
0.0014705819, 0.0, 0.0, 0.0, 43.05245, -10.671908, -46.275642, 5
49.830406, 4.810667, 82.37837, 38.201153, 76.12637, 88.84386, 5.6194134, 4.5065126
0.0, 0.0, 0.0, 0.0, 54.985027, 26.445726, -18.569242, 5
18.26191, 4.810667, 113.94687, 38.201153, 108.04866, 121.36046, 5.5020766, 4.400278
2.3906696E-5, 0.0, 0.0, 0.0, 52.62509, 5.121194, 42.25371, -1
8.541824, 4.638318, 138.75543, 38.201153, 129.61421, 147.7686, 5.0299363, 3.3607004
3.0889933E-5, 0.0, 0.0, 0.0, 14.652848, 11.317054, 74.0301, -1
30.02681, 4.23717, 154.5575, 38.201153, 138.55266, 156.02382, 4.596133, 2.2935605
1.7290255E-5, 0.0, 0.0, 0.0, -29.170862, 11.352523, 59.476616, 3
70.28932, 3.9840117, 169.70273, 38.201145, 147.8551, 154.73825, 4.2281356, 2.1473968
0.61697066, -27.031534, 24.07943, 48.889034, 0.0, 0.0, 0.0, -1
85.617035, 3.9841053, 154.011, 38.201145, 160.45552, 171.33372, 4.2506366, 2.3970463
4.309552, -19.543362, 36.271225, 44.185413, 0.0, 0.0, 0.0, 0
174.66791, 14.598399, 86.3797, 34.865353, 163.38531, 169.04688, 13.279318, 12.312279
6.8863783, -1.1761999, 49.199574, 49.62423, 0.0, 0.0, 0.0, 0
74.74782, 25.460358, 155.61868, 34.945885, 86.33925, 82.96507, 23.704473, 22.893696
0.0, 0.0, 0.0, 0.0, -40.007515, -19.984966, -40.007515, 3
43.39756, 25.460358, 124.268425, 34.945885, 55.11875, 51.683556, 23.638151, 22.893066
0.0, 0.0, 0.0, 0.0, -40.00118, -19.997646, -40.00118, 3
9.964432, 31.294504, 83.466736, 34.945885, 16.678574, 11.9470215, 26.836775, 27.963415
0.12227768, -21.514454, -39.749027, -38.736523, 0.0, 0.0, 0.0, -1
9.97258, 31.819872, 82.96507, 34.945885, 16.448776, 11.961868, 27.154537, 28.413277
5.6218824, -21.635284, -39.815205, -38.54951, 0.0, 0.0, 0.0, 1
8.244507, 31.762775, 66.81099, 33.878925, 1.2528992, 4.8519745, 26.540356, 27.972296
9.260328, -21.446758, -40.482597, -38.07065, 0.0, 0.0, 0.0, 1
16.47467, 27.72092, 66.89491, 31.998774, 6.9834747, 11.262787, 23.242258, 24.772009
9.324212, -22.22212, -40.779736, -36.998142, 0.0, 0.0, 0.0, 1
21.782654, 25.888311, 66.14877, 31.122046, 11.125549, 15.916351, 21.66683, 23.3136
8.741223, -20.561066, -42.662704, -36.776234, 0.0, 0.0, 0.0, 1
38.900093, 21.28953, 66.58028, 28.371744, 26.26625, 29.837875, 17.168087, 18.847492
4.3945384, -1.1863029, -52.832706, -45.98099, 0.0, 0.0, 0.0, 1
30.692497, 16.985851, 99.21237, 26.664692, 21.146622, 17.524124, 12.823486, 14.1055565
1.2024065, 12.115273, -46.36458, -41.52015, 0.0, 0.0, 0.0, 1
19.711456, 16.270765, 113.08424, 26.868084, 9.881699, 5.1875916, 11.913614, 13.134076
0.40272388, 11.922832, -46.742664, -41.334507, 0.0, 0.0, 0.0, -1
4.651985, 15.941551, 129.56915, 26.962303, 4.894104, 10.825348, 11.70185, 12.634844
0.026453651, 0.0, 0.0, 0.0, 16.895418, 30.2883, 52.816284, -1
10.963409, 15.919363, 145.2912, 26.967522, 20.444183, 27.053589, 11.687526, 12.436103
0.73003185, 27.349537, 43.595512, 29.054949, 0.0, 0.0, 0.0, -1
26.642159, 15.919657, 160.97144, 26.967041, 36.108368, 43.195564, 11.676997, 12.253485
6.018194, 27.659533, 41.93392, 30.406553, 0.0, 0.0, 0.0, -1
125.95772, 18.115234, 120.701385, 28.933552, 136.34929, 142.00938, 14.510196, 15.127964
6.505803, 28.164015, 39.37245, 32.46353, 0.0, 0.0, 0.0, -1
142.93419, 22.243683, 133.46579, 34.251476, 153.69107, 157.22543, 20.669062, 21.63165
0.52684516, 28.726643, 38.16395, 33.109406, 0.0, 0.0, 0.0, -1
123.960976, 22.062477, 153.91255, 34.605602, 135.12712, 138.52107, 20.892797, 21.862865
0.0122660715, 0.0, 0.0, 0.0, -27.617395, -23.801508, -48.581093, 5
92.56934, 21.479502, 174.56406, 34.61382, 104.18888, 107.6063, 20.621572, 21.60833
1.8239021E-5, 0.0, 0.0, 0.0, -40.62319, -19.307905, -40.0689, 3
12.130417, 16.171623, 63.662445, 34.6138, 0.78086853, 4.968292, 17.405632, 19.180067
0.0, 0.0, 0.0, 0.0, -32.03386, 21.500137, 46.466, 3
26.5486, 15.81404, 47.948532, 34.6138, 15.634415, 9.801575, 17.177643, 19.036364
0.61994493, -34.497128, 27.240826, 38.262047, 0.0, 0.0, 0.0, -1
40.738953, 15.525946, 32.246796, 34.6138, 30.423096, 24.689468, 16.965042, 18.866453
6.03712, -30.573078, 30.561573, 38.865345, 0.0, 0.0, 0.0, 0
143.47826, 23.670984, 71.79938, 28.793785, 133.46222, 128.98215, 22.528145, 23.831018
1.5019131, -10.596801, 41.566414, 47.836784, 0.0, 0.0, 0.0, 0
55.08348, 25.376534, 15.049622, 28.404423, 44.96051, 41.078156, 23.542456, 24.035389
0.0017308537, 0.0, 0.0, 0.0, 43.02019, -13.959549, -43.020256, 5
23.443466, 25.37657, 46.689713, 28.40435, 13.331772, 9.570877, 23.537207, 23.822554
0.002020281, 0.0, 0.0, 0.0, 49.22011, -1.5576667, -49.222218, 5
11.598312, 8.106333, 111.01329, 39.986233, 107.09392, 87.844986, 4.8127613, 6.106576
1.7240448, 30.985855, 25.996479, -43.017666, 0.0, 0.0, 0.0, 2
15.601639, 5.1375475, 140.3979, 40.949314, 163.04002, 127.709305, 4.2344947, 6.1586185
0.18225537, 29.988623, 32.01782, -37.99356, 0.0, 0.0, 0.0, -1
121.790565, 4.302622, 124.979866, 41.060696, 115.102974, 172.68124, 4.152616, 4.80101
7.4495363, -20.94495, 28.242088, 50.812965, 0.0, 0.0, 0.0, 0
178.58656, 19.848913, 90.04762, 36.98982, 160.47119, 168.24808, 15.537612, 17.716326
4.6648245, -1.139649, 48.57535, 50.285004, 0.0, 0.0, 0.0, 0
178.41174, 20.88469, 91.6517, 36.915848, 161.64717, 169.16023, 16.820328, 18.712156
3.966864, 0.38278884, 49.016113, 50.601093, 0.0, 0.0, 0.0, -1
176.09254, 24.509047, 99.11023, 36.886017, 167.29323, 173.528, 21.569529, 22.225021
0.9139303, 2.2344372, 48.179623, 49.58594, 0.0, 0.0, 0.0, -1
53.238647, 3.7552228, 7.9322357, 25.000874, 4.0509033, 12.843887, 4.8171086, 6.438108
5.5570836E-4, 0.0, 0.0, 0.0, 38.2376, 23.536892, -38.22551, 5
21.647003, 3.755407, 39.528717, 25.00064, 35.250153, 47.390244, 4.7593846, 5.8863864
3.6958067E-5, 0.0, 0.0, 0.0, -31.374355, -17.55907, 51.06657, 3
23.361328, 3.7554388, 37.816376, 25.00053, 27.31984, 48.926544, 4.5827656, 5.060024
0.74005795, -34.101074, -29.606346, 36.29258, 0.0, 0.0, 0.0, -1
39.145172, 3.7554388, 22.032532, 25.00053, 7.980652, 30.816818, 4.7763968, 5.3360662
2.585543, -35.710777, -12.951859, 51.337368, 0.0, 0.0, 0.0, 0
60.379868, 3.6113448, 6.382248, 25.00053, 11.02623, 12.778595, 4.9672914, 5.595983
6.317702, -25.16039, 16.886932, 57.95267, 0.0, 0.0, 0.0, 0
162.84653, 5.4591384, 62.046585, 24.00048, 108.200806, 85.07562, 5.826184, 5.6931934
9.35004, -6.2678905, 41.69548, 52.036633, 0.0, 0.0, 0.0, 0
172.87862, 22.042574, 105.70134, 24.108585, 161.2791, 158.49876, 20.44826, 19.17417
2.4555123, 17.811821, 40.785847, 41.402332, 0.0, 0.0, 0.0, -1
69.2247, 25.404877, 8.846863, 25.484547, 59.304108, 57.059082, 23.747515, 22.434313
0.0015224541, 0.0, 0.0, 0.0, 34.34916, -18.290953, -47.359886, 5
37.775818, 25.404581, 22.602753, 25.484293, 27.848389, 25.561218, 23.747255, 22.44454
0.0015360411, 0.0, 0.0, 0.0, 44.81684, -11.744177, -43.43898, -1
4.932617, 19.653183, 63.66652, 39.529266, 36.34288, 59.733658, 6.1226287, 4.8536444
0.7930287, -0.5701421, -15.168552, -84.26131, 0.0, 0.0, 0.0, -1
0.30387878, 14.777828, 80.81967, 39.52498, 72.735504, 85.28238, 5.932997, 4.850807
0.0019002066, 0.0, 0.0, 0.0, -32.265778, 14.591887, 53.142334, 3
153.01562, 16.324024, 64.61038, 37.29918, 143.42725, 159.62099, 13.228776, 10.969331
6.130974, -11.786687, 44.285812, 43.927498, 0.0, 0.0, 0.0, 0
157.198, 19.728132, 70.09375, 36.17375, 146.13226, 163.49815, 17.2887, 14.559604
3.8919516, -8.284221, 45.565205, 46.150574, 0.0, 0.0, 0.0, 0
160.074, 23.39106, 76.07611, 35.37819, 148.04965, 155.36533, 21.460323, 16.940699
1.8630359, -7.05038, 45.646164, 47.303455, 0.0, 0.0, 0.0, 0
160.6294, 24.269085, 77.53354, 35.247303, 149.11021, 151.6936, 22.272554, 17.976673
0.9553695, -7.0327306, 45.284035, 47.68323, 0.0, 0.0, 0.0, -1
130.11436, 24.947016, 47.736755, 35.15726, 118.96002, 117.825226, 22.902199, 19.262693
0.2551244, -8.7709055, 43.88089, 47.348206, 0.0, 0.0, 0.0, -1
35.686874, 25.190983, 46.456924, 35.113773, 24.65715, 21.727646, 23.126041, 20.944519
0.0024460945, 0.0, 0.0, 0.0, 43.819817, -12.370367, -43.809814, -1
4.982086, 8.825579, 99.58499, 22.517889, 113.787384, 93.358734, 2.8155718, 3.894124
0.97040254, 24.287935, 30.699703, -45.01236, 0.0, 0.0, 0.0, -1
4.842331, 8.671948, 104.56697, 22.517977, 118.94545, 99.21214, 2.8070366, 3.907135
1.972746, 24.770151, 33.819855, -41.41, 0.0, 0.0, 0.0, 2
16.390076, 5.230951, 132.10025, 23.299295, 163.077, 142.44772, 2.6168513, 4.7431483
1.9565679, 34.471954, 39.706196, -25.82185, 0.0, 0.0, 0.0, 2
87.537605, 3.805423, 162.64294, 24.419666, 178.53616, 170.21747, 1.7612113, 4.7947373
0.9088875, 3.1781907, 33.542973, 63.278835, 0.0, 0.0, 0.0, -1
108.87346, 3.3148153, 146.02477, 24.916908, 166.42802, 157.92596, 2.2899232, 5.0067945
6.7296524, -16.656595, 33.66372, 49.67969, 0.0, 0.0, 0.0, 0
148.04004, 25.134684, 150.06268, 25.635927, 156.60085, 159.87143, 22.436241, 23.341301
0.29011562, 18.963982, 40.390907, 40.645107, 0.0, 0.0, 0.0, -1
116.58089, 25.421272, 177.92188, 25.767918, 125.071106, 128.29369, 22.708952, 23.6235
0.0034856652, 0.0, 0.0, 0.0, -40.001602, -19.999207, -39.99919, 3
4.756256, 5.2491446, 13.30188, 57.276993, 18.260712, 27.731476, 53.301495, 46.164127
8.465059, -31.352674, -40.1548, 28.492529, 0.0, 0.0, 0.0, 1
160.15091, 9.169416, 59.280685, 51.549637, 54.355392, 43.606247, 47.38844, 40.36743
8.58566, -18.089573, -26.690704, 55.219727, 0.0, 0.0, 0.0, 1
166.8352, 16.397953, 67.0905, 48.78743, 63.25276, 54.223923, 42.684853, 33.278454
5.472837, -14.50149, -20.65998, 64.83853, 0.0, 0.0, 0.0, 1
168.66191, 21.019087, 72.436264, 47.55435, 72.281784, 66.39049, 37.158157, 27.354292
4.2148876, -12.973944, -15.267963, 71.758095, 0.0, 0.0, 0.0, 1
168.92847, 21.921658, 73.50804, 47.36359, 74.83629, 70.16518, 35.694885, 25.922491
2.5525453, -12.620765, -9.096815, 78.282425, 0.0, 0.0, 0.0, 0
163.79771, 24.62233, 70.945755, 46.89298, 77.98079, 78.25166, 31.81394, 22.45967
0.44904757, -13.006947, 0.6295682, 86.36349, 0.0, 0.0, 0.0, -1
101.00023, 25.364775, 8.8785095, 46.785606, 20.091583, 23.790192, 29.669737, 20.89796
0.0018984716, 0.0, 0.0, 0.0, 41.50438, 8.655021, -49.8406, 5

SIGNAL KNOWLEDGE:
4.8938313, 25.340118, 86.93707, 36.09053, 16.069342, 15.167741, 22.488945, 24.039352,implicit, 0
70.742096, 19.335835, 31.024078, 21.417416, 32.35428, 31.625702, 3.5431144, 5.370531,implicit, 1
62.618633, 13.978742, 161.686, 21.423378, 177.1788, 108.41899, 3.3868077, 5.613853,implicit, 0
6.950039, 18.692394, 57.83099, 24.636253, 6.487526, 10.982201, 19.483727, 21.489061,explicit:callForPass, 0
4.74942, 13.330548, 48.5795, 40.163292, 68.728516, 52.349274, 6.033012, 4.8220677,implicit, 1
4.9895935, 10.173076, 88.15924, 40.160908, 85.535095, 91.40274, 6.07709, 4.5801826,implicit, 1
2.9360268, 10.056337, 93.41046, 40.160908, 89.24078, 97.64392, 6.026282, 4.634565,implicit, 1
15.715234, 5.8489614, 84.06235, 40.22307, 67.31061, 126.276825, 4.0910482, 4.6344976,implicit, 0
4.840453, 24.49181, 79.169815, 36.34205, 5.6999083, 6.4906616, 23.478907, 21.916998,implicit, 0
4.8523254, 25.368174, 76.83191, 29.551018, 14.910614, 16.92772, 22.855202, 24.218056,implicit, 0
4.974758, 25.408934, 33.199356, 22.082916, 11.80389, 12.509241, 24.926535, 23.383846,implicit, 0
44.952827, 27.069721, 140.1354, 43.743267, 92.16386, 104.484535, 30.460176, 13.841945,implicit, 0
4.98448, 25.455265, 66.724434, 29.564388, 6.1444283, 4.2853527, 22.12933, 23.538116,implicit, 0
102.21535, 15.382015, 36.65985, 12.782114, 43.501865, 53.856003, 3.2893178, 7.1760488,implicit, 1
4.749771, 25.418041, 37.533447, 22.07524, 11.0383, 13.787659, 24.144491, 23.020523,implicit, 0
88.792114, 19.484594, 110.45375, 53.08874, 110.19722, 108.95491, 44.73325, 51.592987,implicit, 1
94.38658, 8.338713, 13.429077, 40.19014, 5.8103333, 26.283264, 4.654768, 6.0642257,implicit, 1
4.918442, 25.39852, 88.833755, 37.33162, 13.712723, 16.728043, 22.519102, 23.537603,implicit, 0
4.917511, 25.402428, 60.18309, 26.883938, 6.696457, 3.3118744, 23.631268, 22.827457,implicit, 0
122.87007, 11.411007, 139.1458, 5.421347, 139.28522, 115.00455, 3.145808, 7.2817283,implicit, 1
112.503555, 3.162904, 91.39815, 10.553321, 89.83229, 76.85649, 3.9540374, 6.7961864,implicit, 1
4.897156, 25.03704, 79.10756, 38.034225, 5.8315887, 6.776123, 23.390516, 27.33182,implicit, 0
87.716446, 3.3583105, 55.24524, 27.184048, 91.938965, 152.2957, 3.0056443, 5.805517,implicit, 1
4.849991, 22.445734, 88.26149, 47.605133, 9.551727, 7.4382477, 24.09057, 20.960823,implicit, 0
4.8069, 31.630878, 68.660385, 36.28643, 77.805664, 64.687454, 4.198523, 5.3659887,implicit, 1
112.238556, 4.3330545, 67.30133, 55.602943, 70.03125, 87.60516, 42.20554, 46.684826,implicit, 1
4.351059, 23.524227, 89.34094, 35.994392, 16.436342, 12.233795, 21.361902, 21.609447,implicit, 0
5.4094124, 17.523859, 89.34094, 35.994392, 7.6810894, 3.489088, 18.022923, 18.869022,explicit:callForPass, 0
52.249893, 13.676898, 5.26062, 21.284246, 6.1480103, 2.7806702, 3.529061, 5.3731995,implicit, 1
56.02591, 14.178177, 19.686462, 52.55461, 5.749542, 24.45581, 31.335953, 31.716154,implicit, 1
4.874115, 8.050511, 67.19708, 42.512924, 77.62094, 58.89569, 4.798503, 4.941357,implicit, 1
4.950302, 25.424614, 78.547714, 36.93343, 3.945343, 6.4890137, 22.520582, 23.733955,implicit, 0
114.16207, 4.020228, 21.272858, 26.80781, 67.81354, 167.78519, 1.9743625, 5.539635,implicit, 1
108.51091, 10.461988, 93.21785, 55.615402, 94.48537, 109.20491, 56.0491, 41.11118,implicit, 1
4.871887, 25.425177, 89.22803, 37.939762, 16.643097, 13.514267, 23.690033, 22.72288,implicit, 0
42.9854, 8.836567, 155.42377, 21.699272, 149.68677, 160.45184, 4.9589515, 3.3092675,implicit, 1
4.9906616, 25.286715, 70.435425, 26.955784, 17.897095, 15.066895, 22.435322, 23.55212,implicit, 0
21.524841, 22.581846, 57.54358, 44.60887, 70.67346, 30.17154, 4.3663216, 25.132153,implicit, 1
5.3754234, 24.313293, 64.48005, 28.673832, 6.7530537, 4.216032, 23.368431, 24.559753,implicit, 0
6.1017647, 23.844152, 64.48005, 28.673832, 6.059099, 3.5392838, 23.171473, 24.376719,explicit:callForPass, 0
115.30897, 16.7561, 90.16526, 53.081432, 94.92527, 90.43403, 40.833183, 44.829964,implicit, 1
4.889328, 5.8407545, 153.11519, 40.927326, 149.3618, 121.44127, 4.8199983, 6.058004,implicit, 1
4.928192, 24.94207, 68.52046, 30.398565, 4.8863525, 8.747101, 23.108608, 23.391106,implicit, 0
89.25029, 15.492173, 108.05206, 53.0647, 108.73123, 104.55414, 46.42718, 46.661694,implicit, 1
81.64711, 4.768249, 40.085922, 40.293034, 35.64, 44.710556, 4.672691, 6.024314,implicit, 1
93.44864, 9.966522, 78.234344, 53.086243, 71.32294, 79.72266, 10.145436, 9.441657,implicit, 1
4.899002, 23.579489, 85.3083, 44.109913, 7.9195204, 4.6667566, 21.36344, 22.365778,implicit, 0
4.917345, 10.79094, 88.84999, 29.737783, 94.587845, 78.81929, 4.9006896, 5.576581,implicit, 1
4.989212, 24.491274, 63.31471, 27.56099, 6.4689407, 6.3575, 21.979736, 23.573315,implicit, 0
92.456764, 7.782818, 162.53775, 10.594314, 145.9549, 165.72275, 4.895542, 3.8158226,implicit, 1
68.09836, 3.1262972, 173.38864, 11.998341, 142.21002, 121.40544, 3.6719353, 2.549371,implicit, 0
4.8651276, 22.67511, 28.484268, 22.01477, 5.4750977, 2.5115356, 22.317469, 21.210745,implicit, 0
7.282135, 20.825262, 28.892593, 22.015362, 5.940262, 2.523346, 21.864128, 20.88445,explicit:callForPass, 0
4.9931946, 39.02796, 8.290405, 40.122948, 1.4193115, 16.76712, 5.4884496, 4.6676874,implicit, 1
4.9944153, 19.867548, 75.47699, 43.32763, 29.913712, 9.387894, 28.63103, 20.97518,implicit, 0
39.627563, 4.811208, 92.57219, 38.2012, 56.885178, 86.130554, 5.8979063, 4.6323442,implicit, 1
81.4257, 4.810667, 50.78308, 38.201153, 43.814316, 56.34868, 5.691053, 4.5489335,implicit, 1
4.9084473, 25.376793, 65.223114, 28.402754, 4.9025574, 8.167923, 23.597998, 22.71592,implicit, 0
1.1848145, 17.790401, 4.994385, 47.915424, 4.795166, 5.8291626, 21.254444, 28.053703,implicit, 1
43.065445, 8.106236, 79.54784, 39.9862, 73.91676, 53.705566, 4.736285, 6.072269,implicit, 1
70.97912, 4.46432, 172.29077, 41.061733, 150.29285, 158.52646, 3.5064926, 4.9183965,implicit, 0
4.98938, 24.732903, 88.61972, 36.925335, 15.234955, 14.724533, 22.1572, 23.729147,implicit, 0
37.394073, 3.7552228, 23.77681, 25.000874, 19.895538, 31.055054, 4.8171177, 6.109488,implicit, 1
4.8302917, 25.403389, 55.55081, 25.483526, 5.0437927, 7.3193054, 23.761412, 22.457197,implicit, 0
60.167328, 19.65197, 8.432587, 39.529163, 29.263153, 4.394928, 6.064608, 4.8493094,implicit, 1
4.944702, 25.191122, 77.206116, 35.111423, 6.113907, 4.3666077, 23.227444, 21.780596,implicit, 0
13.803482, 10.876564, 63.041718, 22.5176, 101.13512, 64.45528, 3.385751, 3.5685916,implicit, 1
4.9512444, 21.221304, 82.00923, 46.78426, 20.731186, 18.346632, 18.836184, 21.269247,explicit:callForPass, 0

SHOOT KNOWLEDGE:
49.964264, 13.403543, 24.09024, 23.53214, 31.656487, 25.888493, 13.862437, 17.29198
84.053116, 15.04227, 4.982773, 27.157627, 59.774323, 61.299057, 11.89936, 17.448978
21.872437, 12.166865, 24.877518, 18.964167, 3.3994293, 5.333008, 18.664669, 16.264736
54.66185, 13.3092165, 23.36499, 25.591114, 33.563324, 39.2632, 17.76603, 16.843279
52.114044, 12.609553, 20.68042, 22.789877, 36.805237, 37.99231, 15.272107, 18.577847
82.10333, 11.650459, 4.872284, 26.054377, 75.09196, 69.892075, 15.188225, 17.212608
91.75838, 15.171336, 4.898224, 26.223682, 72.32153, 67.393585, 17.189144, 16.58693
64.226616, 13.457165, 14.470062, 26.580025, 55.541813, 52.26768, 17.643831, 19.388924
22.090347, 13.226233, 22.537567, 19.369022, 5.2964325, 9.232193, 17.571232, 16.093302
83.76372, 8.528874, 4.8919373, 25.814402, 64.67638, 62.50438, 18.489525, 17.016382
176.10672, 6.510548, 4.8936005, 9.396579, 112.42961, 128.64534, 9.610068, 8.411776
53.41041, 13.073928, 21.164001, 24.209332, 46.43747, 39.715668, 16.400196, 15.804263
50.014526, 13.877774, 24.498611, 24.218376, 33.778885, 28.880234, 17.121216, 17.702852

