POS KNOWLEDGE:
158.95312, 15.111191, 1.0967407, 54.572937, 38.495056, 19.22525, 46.41494, 58.239876
3.8125472, -36.0974, -30.113956, 33.78864, 0.0, 0.0, 0.0, 0
162.962, 18.766817, 1.0964661, 50.733368, 41.084045, 20.415497, 36.013172, 47.116253
3.7948768, -46.62185, -40.844727, 12.533435, 0.0, 0.0, 0.0, 0
115.90494, 18.85364, 2.7888014, 46.981697, 27.530622, 29.122002, 26.016424, 36.361073
3.6742866, -49.13456, -43.80264, -7.0627995, 0.0, 0.0, 0.0, 0
164.89838, 19.051556, 1.0848694, 43.173866, 47.557922, 23.629974, 16.152462, 25.457699
3.0562732, -49.45957, -43.85505, -6.68538, 0.0, 0.0, 0.0, 0
165.25894, 19.088825, 1.0856628, 41.67153, 48.243073, 24.384003, 12.387926, 21.176702
0.40015236, -36.723755, -28.34392, 34.932327, 0.0, 0.0, 0.0, -1
163.44968, 15.885783, 1.0858154, 41.27138, 29.393738, 20.65857, 6.959817, 13.467902
3.9528162E-4, 0.0, 0.0, 0.0, 47.153015, -3.9955602, -48.85143, 5
162.96169, 15.234482, 1.0858154, 41.271366, 25.285553, 19.348633, 6.4912643, 12.148801
0.55104434, -32.24778, -51.300835, 16.45139, 0.0, 0.0, 0.0, -1
162.61032, 14.774417, 1.0858154, 41.27135, 19.828857, 17.97348, 6.0033, 11.014026
2.0525115, -34.500893, -44.168697, 21.33041, 0.0, 0.0, 0.0, 1
138.50766, 14.729897, 25.160675, 41.27174, 23.592865, 16.578552, 5.0418096, 9.802407
2.5539556, -41.438225, -22.215149, 36.346626, 0.0, 0.0, 0.0, 0
147.14868, 13.376776, 35.14499, 39.317257, 57.144836, 54.423798, 4.337202, 7.0823717
0.54925996, -35.1325, -31.106293, 33.761208, 0.0, 0.0, 0.0, -1
3.9644487, 18.068521, 80.06799, 34.36673, 18.528439, 17.931305, 19.388021, 18.389986
4.0138273, -1.6045756, -48.32039, -50.075035, 0.0, 0.0, 0.0, 2
5.8436737, 13.481631, 88.55339, 38.83542, 28.094467, 23.613007, 15.053684, 13.916018
1.0479118, -21.387243, -43.630436, -34.98232, 0.0, 0.0, 0.0, 1
21.591019, 11.338193, 73.93857, 37.088093, 13.921524, 6.4558716, 14.47264, 11.897411
3.235982, -67.457565, -15.389064, 17.153376, 0.0, 0.0, 0.0, 0
90.447845, 5.642652, 11.332794, 38.319447, 40.737648, 52.98999, 5.767181, 7.3400097
3.3680162, -65.34201, -0.39672485, 34.261257, 0.0, 0.0, 0.0, 0
157.7561, 8.130211, 16.625214, 32.66237, 38.766434, 167.06625, 2.9661665, 3.4358423
2.6160672, -26.548342, 25.064886, 48.386772, 0.0, 0.0, 0.0, 0
176.48209, 10.578776, 57.144653, 31.45795, 74.8168, 110.59251, 4.1015234, 2.24317
0.69616467, -63.91555, 16.735449, 19.349007, 0.0, 0.0, 0.0, -1
122.51013, 8.78289, 1.8343201, 30.98131, 2.3240814, 66.98056, 5.032358, 3.6269803
0.72737503, -57.25907, 3.6909091, -39.050014, 0.0, 0.0, 0.0, -1
0.99028015, 22.596062, 75.1064, 28.79968, 13.715317, 18.020569, 21.481249, 22.292145
3.7923405, -13.679093, -43.616817, -42.704086, 0.0, 0.0, 0.0, 1
0.8424072, 15.6457405, 81.78911, 27.96065, 15.49176, 20.400955, 17.638245, 18.62841
18.568281, -69.9329, -8.813332, 21.253767, 0.0, 0.0, 0.0, 0
167.06792, 31.891111, 172.02574, 52.123203, 168.15523, 172.85759, 51.54645, 51.416195
0.6229094, 33.979336, 33.892746, 32.127914, 0.0, 0.0, 0.0, -1
162.05908, 31.436678, 140.56854, 53.0895, 136.79431, 141.38126, 49.564857, 49.44765
0.005399408, 0.0, 0.0, 0.0, -40.00887, -20.008646, -39.982483, 3
146.33183, 31.36268, 124.78557, 53.093082, 121.02461, 125.59526, 48.098244, 47.991028
0.0022952557, 0.0, 0.0, 0.0, -39.99716, -20.003138, -39.999702, 5
114.78511, 31.36381, 93.240585, 53.093945, 89.5081, 94.04393, 45.15507, 45.04912
0.74448407, -34.259537, -34.22241, -31.518051, 0.0, 0.0, 0.0, -1
99.07907, 31.364483, 77.535614, 53.094402, 73.81998, 78.33539, 43.58219, 43.481346
3.0404673, -34.533516, -34.009933, -31.45655, 0.0, 0.0, 0.0, 0
27.460052, 29.977861, 4.8684387, 51.597115, 1.097168, 5.6790466, 34.7423, 34.63031
3.7781594, -35.63892, -33.468662, -30.89242, 0.0, 0.0, 0.0, 0
32.124176, 25.147072, 4.868561, 46.274586, 0.6799011, 5.769043, 19.122635, 18.925753
3.6695175, -37.95739, -35.144672, -26.897938, 0.0, 0.0, 0.0, 0
35.71219, 22.462254, 4.8684998, 43.204945, 0.90164185, 8.141327, 10.150533, 9.993229
2.064312, -36.776127, -36.355022, -26.86885, 0.0, 0.0, 0.0, 0
37.798706, 21.184673, 4.8684998, 41.700554, 4.888733, 8.299988, 7.904863, 6.992039
0.45154715, -35.686737, -35.315495, -28.997766, 0.0, 0.0, 0.0, -1
4.4826355, 20.569527, 29.57019, 40.96102, 34.97046, 19.48413, 5.4554734, 4.6390376
0.0014603442, 0.0, 0.0, 0.0, 67.9334, 30.529785, 1.5368128, -1
4.869751, 19.788275, 34.555145, 40.961243, 39.163208, 22.819214, 5.3505974, 4.6127114
0.0019019616, 0.0, 0.0, 0.0, 67.07923, 32.830074, -0.09070165, 5
4.9487305, 19.227468, 38.4653, 40.961456, 42.773468, 26.462128, 5.3361797, 4.579436
0.0019204756, 0.0, 0.0, 0.0, 66.87618, 33.100727, 0.023087515, -1
4.9727783, 18.6683, 42.553375, 40.96165, 47.963287, 30.403198, 5.189005, 4.65394
0.0018911643, 0.0, 0.0, 0.0, 66.469025, 33.383236, -0.1477376, 5
4.8408203, 16.962278, 55.95108, 40.962444, 60.370544, 43.762512, 5.3084683, 4.619772
0.0014116713, 0.0, 0.0, 0.0, 66.72086, 33.2435, 0.035634503, -1
4.9563293, 16.407276, 60.4765, 40.962677, 65.13907, 48.25125, 5.275829, 4.6148353
6.3658843E-4, 0.0, 0.0, 0.0, 64.9453, 32.42158, -2.6331215, 5
4.951935, 14.73113, 75.52484, 40.963333, 80.30698, 63.471527, 5.283882, 4.6306334
0.0010505667, 0.0, 0.0, 0.0, 61.013805, 38.81296, 0.17323455, -1
4.8953676, 22.3323, 80.80589, 35.527054, 7.742892, 6.289926, 20.980156, 22.59368
4.0289254, 5.2320495, -46.70949, -48.05846, 0.0, 0.0, 0.0, 2
1.61166, 14.892086, 91.25215, 35.13165, 15.470116, 13.371813, 17.198084, 19.020992
1.2105432, -27.600908, -40.452343, -31.946749, 0.0, 0.0, 0.0, 1
17.36938, 12.738566, 76.70326, 35.21574, 0.65491486, 1.5993695, 16.562277, 17.77809
2.7789268, -73.88916, -15.347173, 10.763665, 0.0, 0.0, 0.0, 0
143.1601, 6.1488805, 4.925995, 30.717684, 62.933823, 81.52008, 5.64764, 11.322851
3.2249737, -58.35027, 1.4678988, 40.181835, 0.0, 0.0, 0.0, 0
154.60544, 8.697132, 4.9259644, 26.907442, 56.859955, 92.19316, 2.418347, 6.6893344
1.6014224, -41.887787, 9.169008, 48.943203, 0.0, 0.0, 0.0, 0
152.31152, 11.593206, 58.614502, 24.676296, 89.70123, 128.66531, 2.5744834, 6.3829765
0.39568168, -28.779999, 22.540573, 48.67943, 0.0, 0.0, 0.0, -1
127.943184, 12.538803, 90.866, 24.494953, 114.25827, 152.07025, 2.755189, 6.6635065
0.0083544105, 0.0, 0.0, 0.0, 7.417433, -14.912701, -77.66987, 5
43.173836, 13.788822, 174.71236, 24.482904, 175.93004, 146.4511, 3.569807, 6.6729183
7.766309E-5, 0.0, 0.0, 0.0, -43.966377, -12.120871, -43.912754, 3
158.60605, 22.554838, 162.13211, 52.37474, 162.14816, 165.92111, 47.760765, 51.431244
0.6096576, 33.577816, 33.706837, 32.715347, 0.0, 0.0, 0.0, -1
171.642, 23.003483, 146.67078, 52.89696, 146.71152, 178.18484, 46.81197, 50.52051
0.006960232, 0.0, 0.0, 0.0, -41.47115, -20.889828, -37.639023, 3
143.92177, 22.96877, 99.376205, 52.88103, 99.41618, 130.5873, 42.3842, 46.100872
0.4533052, -38.05202, -35.317482, -26.630491, 0.0, 0.0, 0.0, -1
128.25873, 22.968328, 83.71286, 52.88075, 83.75256, 114.807556, 40.915764, 44.635483
2.6294572, -37.54139, -35.24186, -27.216747, 0.0, 0.0, 0.0, 0
60.79772, 18.137882, 4.9185486, 44.34475, 4.9648438, 44.641277, 15.014733, 17.34583
3.5482004, -46.941387, -33.111748, -19.946865, 0.0, 0.0, 0.0, 0
76.65521, 16.965038, 4.918579, 41.82873, 4.968109, 40.010376, 7.9255085, 9.352333
2.2560327, -34.189003, -36.54478, -29.266209, 0.0, 0.0, 0.0, 1
74.99402, 16.748678, 0.86203, 41.091595, 0.40231323, 34.999725, 6.579781, 8.023901
1.6558206, -26.2434, -31.328436, -42.428165, 0.0, 0.0, 0.0, 2
30.044067, 15.865631, 47.385376, 40.23465, 54.02585, 21.52893, 4.612945, 7.1058593
0.4737222, -24.949148, -28.248709, -46.80214, 0.0, 0.0, 0.0, -1
161.75975, 8.204545, 7.3554688, 29.03689, 40.085632, 91.901276, 2.5275972, 6.095017
1.2595646, -34.967773, -52.62678, 12.405445, 0.0, 0.0, 0.0, 1
79.70842, 8.860623, 70.03998, 28.55296, 70.62201, 31.364746, 4.3174577, 6.888633
0.6284821, -38.974457, -49.59966, -11.425887, 0.0, 0.0, 0.0, -1
7.8350105, 18.969599, 84.13718, 36.298992, 1.0559673, 3.9378052, 19.066057, 19.281418
4.0858765, 8.047537, -45.837444, -46.11502, 0.0, 0.0, 0.0, 2
0.38658714, 14.518958, 96.84035, 36.794334, 8.662052, 15.744829, 11.337578, 16.24083
0.94353855, -15.354073, -45.015934, -39.629993, 0.0, 0.0, 0.0, -1
15.998918, 13.811421, 82.08481, 36.943214, 2.1559477, 0.8249397, 9.2571745, 15.578489
2.0050278, -76.5549, -11.363127, 12.081972, 0.0, 0.0, 0.0, 0
111.25113, 9.163346, 4.817444, 34.218884, 49.270874, 76.04494, 3.0793512, 7.231513
1.9917904, -60.178978, -19.273083, 20.547949, 0.0, 0.0, 0.0, 0
140.38118, 10.200548, 14.176239, 32.2214, 53.575226, 90.13817, 2.2230656, 6.200481
1.4509199, -30.773252, -52.182693, -17.044054, 0.0, 0.0, 0.0, 1
85.25681, 10.238295, 41.237274, 32.15807, 25.364227, 14.019348, 3.103969, 6.93721
1.4102573, -32.85977, -48.65712, -18.483105, 0.0, 0.0, 0.0, 1
4.857441, 6.504976, 122.15857, 31.344137, 125.8085, 111.84848, 4.6736655, 5.827723
0.001994642, 0.0, 0.0, 0.0, -52.779686, -26.108095, 21.112217, 3
4.960083, 6.385867, 120.81205, 31.343298, 126.42036, 109.494026, 4.8108654, 5.3660784
0.54490995, -33.957176, -35.46348, -30.579334, 0.0, 0.0, 0.0, -1
9.985551, 26.744295, 75.94918, 48.084133, 21.133875, 18.864008, 22.95886, 25.772701
4.393933, -14.99172, -42.232582, -42.775696, 0.0, 0.0, 0.0, 2
9.9887905, 26.744522, 75.94918, 48.084133, 22.169825, 20.114954, 23.925695, 26.184328
4.8822446, -19.444345, -40.67374, -39.881916, 0.0, 0.0, 0.0, 1
5.6655874, 18.669577, 76.08171, 46.730236, 20.616776, 17.835342, 20.389812, 22.434223
3.32205, -42.849846, -32.178055, -24.972095, 0.0, 0.0, 0.0, 0
60.487213, 8.408955, 9.763491, 42.7029, 58.069294, 53.893196, 10.71283, 16.44562
3.6112769, -74.03746, -20.892838, 5.0697045, 0.0, 0.0, 0.0, 0
4.3436203, 24.842157, 56.808468, 25.795689, 3.988861, 6.042225, 22.203835, 23.624973
3.871267, -13.289283, -42.691654, -44.019066, 0.0, 0.0, 0.0, 2
4.863472, 22.471405, 59.628014, 25.795689, 7.8502426, 10.673904, 21.548069, 22.928612
41.32128, -27.879185, 29.007053, 43.11376, 0.0, 0.0, 0.0, 0
177.49536, 29.346188, 157.63963, 15.271985, 172.37332, 116.591095, 24.168142, 4.9982047
0.54704803, 34.00837, 28.76251, 37.22912, 0.0, 0.0, 0.0, -1
171.6443, 9.328089, 168.51155, 54.63335, 157.2122, 154.58698, 52.85289, 38.137306
0.6215675, 35.7593, 31.396051, 32.84465, 0.0, 0.0, 0.0, -1
140.49843, 7.356748, 137.14864, 55.59801, 171.47067, 172.89125, 53.795666, 36.63266
0.0023155757, 0.0, 0.0, 0.0, -47.294174, -24.052294, -28.65353, 3
109.08604, 5.3029613, 105.7566, 55.60079, 140.07645, 141.05008, 53.797745, 33.70799
0.52325356, -38.88994, -32.018112, -29.091953, 0.0, 0.0, 0.0, -1
98.624664, 4.434083, 74.16531, 55.60112, 108.41745, 108.909256, 52.71996, 30.684145
3.0959206, -47.78594, -38.664886, -13.549173, 0.0, 0.0, 0.0, 0
71.079315, 2.7844906, 4.9249268, 53.198624, 40.202637, 40.4001, 42.016293, 19.986704
3.8072033, -46.448597, -35.82911, 17.722301, 0.0, 0.0, 0.0, 0
141.0661, 3.6792872, 4.919861, 49.417603, 42.66147, 40.514526, 31.555838, 9.785861
3.2745347, -43.121807, -20.370546, 36.50765, 0.0, 0.0, 0.0, 0
135.87175, 8.612878, 59.49826, 41.78835, 100.76482, 70.31088, 8.829122, 4.5409503
3.4069166, -57.322346, -5.789867, 36.88779, 0.0, 0.0, 0.0, 0
141.57852, 8.885764, 61.300537, 41.037045, 113.92537, 71.31427, 7.1034822, 4.570872
0.65904903, -39.238224, 4.0704446, 56.69133, 0.0, 0.0, 0.0, -1
101.553604, 8.251104, 19.664581, 40.66472, 79.403076, 23.697906, 5.0783334, 4.793368
0.016202474, 0.0, 0.0, 0.0, 44.43431, 21.025295, -34.54039, 5
58.3703, 6.9572268, 48.86154, 40.635666, 1.0423279, 44.264038, 5.622438, 4.7682476
0.0015775436, 0.0, 0.0, 0.0, 43.701077, 21.857006, -34.441917, 5
15.004684, 13.086726, 81.12753, 36.853233, 6.225525, 1.5933228, 16.370241, 15.305616
2.2312748, -72.84875, -16.401127, 10.750127, 0.0, 0.0, 0.0, 0
113.319885, 9.701267, 4.88895, 31.886805, 77.74466, 72.491684, 11.582117, 6.740864
3.6546223, -65.52691, -5.2853117, 29.18778, 0.0, 0.0, 0.0, 0
126.71524, 11.4338045, 4.916443, 30.249363, 104.83988, 61.03708, 6.5197372, 3.188574
2.5035825, -44.76443, 16.70125, 38.53432, 0.0, 0.0, 0.0, 0
169.84901, 15.537563, 55.120605, 27.268023, 104.36372, 93.47888, 2.850008, 2.8296528
2.2711806, -38.617157, 17.189621, 44.193222, 0.0, 0.0, 0.0, 0
133.82217, 19.290825, 32.38858, 26.162472, 81.87317, 67.662674, 2.356428, 3.558139
0.6741138, -62.20241, -13.373077, 24.424511, 0.0, 0.0, 0.0, -1
117.16815, 20.129562, 15.719315, 25.280228, 71.05237, 39.584503, 3.3325949, 3.451866
0.009546994, 0.0, 0.0, 0.0, 36.125977, 9.055414, -54.81861, 5
43.021698, 19.625023, 56.99417, 25.261295, 99.89346, 55.464752, 5.57685, 4.8298798
7.741321E-5, 0.0, 0.0, 0.0, -35.948597, -18.293274, 45.758125, 3
75.19646, 18.40745, 20.742691, 25.261213, 42.062927, 21.172577, 5.9801955, 5.051513
8.492785E-6, 0.0, 0.0, 0.0, 39.643593, 17.388044, -42.96836, 5
5.555313, 21.960758, 83.76526, 49.81585, 17.48407, 26.952194, 21.8431, 18.070894
4.091573, -7.941465, -45.20882, -46.849716, 0.0, 0.0, 0.0, 2
3.2997131, 15.3622055, 87.33383, 49.264492, 19.905441, 30.139069, 16.809633, 16.610048
1.386997, -33.069588, -38.80891, -28.121504, 0.0, 0.0, 0.0, 1
12.465851, 13.221993, 72.42822, 49.177925, 4.8327026, 15.471573, 16.164106, 16.007097
3.1252255, -70.06415, -28.674374, 1.2614808, 0.0, 0.0, 0.0, 0
108.22836, 10.113218, 4.87677, 44.382618, 73.661575, 40.754684, 8.633359, 4.398575
3.0602493, -62.194748, -3.7883527, 34.016903, 0.0, 0.0, 0.0, 0
126.03214, 11.1667185, 2.4266815, 42.17109, 109.44211, 36.779343, 5.0590878, 2.8948808
3.2193909, -33.208427, 24.355282, 42.436295, 0.0, 0.0, 0.0, 0
150.60489, 15.921361, 57.518036, 38.69969, 160.04344, 77.91403, 5.154579, 4.317129
3.7561057, -28.450024, 28.324635, 43.22534, 0.0, 0.0, 0.0, 0
138.26907, 28.728626, 57.360077, 32.693542, 142.62015, 71.70145, 5.342975, 4.573256
3.5156336, -31.628891, 22.678804, 45.692303, 0.0, 0.0, 0.0, 0
131.00945, 28.338858, 29.478027, 23.744265, 167.41798, 74.824036, 2.9080007, 3.1773875
2.571958, -46.378967, 26.178446, 27.442587, 0.0, 0.0, 0.0, 0
139.13853, 29.572329, 31.053055, 20.820234, 99.39607, 105.8638, 3.1189044, 2.3686237
0.53609467, -61.470787, 16.309647, 22.219563, 0.0, 0.0, 0.0, -1
109.29, 29.894157, 0.20678711, 19.95868, 99.7513, 80.12547, 3.6756408, 1.9964683
0.0023758055, 0.0, 0.0, 0.0, 28.570036, -44.351555, -27.078411, 4
119.13018, 29.894281, 9.636078, 19.95941, 69.091644, 69.80287, 4.3911204, 1.8503313
0.0021553293, 0.0, 0.0, 0.0, 46.54834, 5.2076826, -48.24398, 5
5.7424374, 22.670834, 84.540855, 45.450115, 17.505096, 19.78678, 23.102604, 21.762373
4.097874, -2.00163, -48.12805, -49.870316, 0.0, 0.0, 0.0, 2
2.484373, 14.399003, 88.652405, 45.32568, 17.772226, 20.581135, 18.726748, 17.210598
1.315978, -30.136353, -39.259937, -30.6037, 0.0, 0.0, 0.0, 1
13.2119, 12.530163, 73.66637, 45.323853, 2.6076086, 5.591545, 18.06639, 16.562979
3.203422, -58.949165, -29.271845, -11.7789955, 0.0, 0.0, 0.0, 0
141.97769, 6.6232543, 4.829315, 39.0975, 76.660446, 50.628754, 7.836727, 3.5238273
2.8785913, -57.709164, -0.9834101, 41.30743, 0.0, 0.0, 0.0, 0
152.99658, 8.594037, 2.0481262, 36.848274, 87.883, 46.23294, 5.7357674, 2.271341
0.98309827, -40.442284, -34.557564, 25.000153, 0.0, 0.0, 0.0, -1
169.89279, 9.012865, 13.627594, 36.389282, 95.904976, 52.789856, 5.9811954, 2.2123227
1.1439452, -32.60214, -55.295944, 12.101915, 0.0, 0.0, 0.0, 1
157.9016, 8.995618, 5.168701, 36.326714, 75.738754, 30.701569, 6.3184404, 2.583423
1.2958533, -37.867226, -60.302578, -1.8301951, 0.0, 0.0, 0.0, 1
0.44965363, 9.614997, 118.38225, 35.65772, 106.75008, 121.38933, 6.788784, 4.435025
0.012460404, 0.0, 0.0, 0.0, -67.77645, -30.186956, 2.0365973, 3
4.9250736, 12.941384, 97.82982, 35.65761, 84.49367, 101.81261, 5.6231365, 4.7014556
0.6456084, -27.490604, -28.789265, -43.72013, 0.0, 0.0, 0.0, -1
4.853758, 14.052713, 93.54183, 35.6576, 80.896965, 97.52236, 5.474943, 4.701853
1.8576831, -29.119, -18.204237, -52.67676, 0.0, 0.0, 0.0, 2
3.913035, 20.029724, 80.999725, 34.396214, 84.555786, 101.03696, 4.953765, 5.503894
0.97608703, -29.862516, -13.7420635, -56.395416, 0.0, 0.0, 0.0, -1
2.538024, 19.703766, 80.44433, 34.208595, 85.18951, 101.024345, 4.965227, 5.6156306
1.0595596, -30.318829, -12.661902, -57.019268, 0.0, 0.0, 0.0, 2
4.953392, 29.999348, 93.53588, 39.120457, 74.47103, 31.13262, 27.967035, 37.859646
4.598649, 12.981012, -28.78259, -58.236397, 0.0, 0.0, 0.0, 2
3.8230133, 21.364214, 100.37532, 39.95041, 67.90874, 25.654594, 19.38837, 24.497046
0.89301944, -3.264304, -44.07747, -52.65823, 0.0, 0.0, 0.0, -1
19.529371, 20.632944, 85.59705, 40.133, 55.03556, 11.557078, 17.749762, 22.470877
1.80979, -54.41938, -33.324562, 12.256055, 0.0, 0.0, 0.0, 0
83.21367, 20.471373, 23.050201, 39.898888, 2.4333496, 47.38983, 11.704849, 16.484493
3.251489, -55.57517, -36.113308, -8.311528, 0.0, 0.0, 0.0, 0
97.45002, 18.288374, 4.863098, 37.588654, 18.30249, 67.9032, 6.7557797, 11.553116
1.5923538, -55.538662, -31.325684, 13.135661, 0.0, 0.0, 0.0, 0
90.58109, 16.923477, 8.613281, 36.091736, 6.8057556, 64.0916, 4.7308335, 8.567321
0.47224778, -56.008236, -34.388016, 9.603745, 0.0, 0.0, 0.0, -1
71.911575, 16.222572, 24.392761, 35.66618, 14.35257, 44.771286, 4.4577794, 7.2621603
0.016968304, 0.0, 0.0, 0.0, 41.645527, 10.975, -47.37947, 5
2.247589, 22.64868, 57.471497, 23.782635, 9.820862, 12.7925415, 23.165083, 22.086092
3.7892003, -23.245079, -38.092243, -38.66268, 0.0, 0.0, 0.0, 2
159.03818, 29.041162, 174.1127, 52.099342, 157.68945, 174.02524, 24.589266, 49.7602
0.62799025, 35.30517, 33.429848, 31.264988, 0.0, 0.0, 0.0, -1
171.83545, 28.600565, 142.6439, 53.074596, 168.9381, 142.56084, 22.537708, 47.803898
0.0033816542, 0.0, 0.0, 0.0, -40.309937, -20.154512, -39.535553, 3
125.43745, 28.459291, 95.57049, 53.079327, 120.167625, 95.488304, 18.179005, 43.39302
0.6348271, -35.586502, -33.93244, -30.481052, 0.0, 0.0, 0.0, -1
110.23297, 29.909601, 79.90164, 53.079777, 103.73619, 79.81979, 16.724314, 41.923862
2.7216804, -35.818756, -34.22033, -29.960913, 0.0, 0.0, 0.0, 0
38.177628, 36.007843, 4.9093323, 51.69164, 24.017792, 4.826477, 8.589242, 33.085316
2.8503847, -44.686256, -35.32949, -19.984253, 0.0, 0.0, 0.0, 0
67.81149, 34.54739, 30.771484, 47.984924, 46.876175, 32.52356, 4.303838, 19.112759
2.5149922, -49.976536, -31.252783, -18.770681, 0.0, 0.0, 0.0, 0
71.013306, 30.528765, 27.841156, 43.77964, 65.338394, 34.989563, 2.2770278, 6.691418
0.4193737, -61.941666, -8.685138, 29.373205, 0.0, 0.0, 0.0, -1
58.51277, 30.07034, 12.5147705, 43.587128, 57.188583, 19.525543, 2.696881, 5.897645
0.0063738744, 0.0, 0.0, 0.0, 51.026398, 25.307083, -23.666515, 5
4.864212, 26.683502, 57.731842, 43.572056, 26.503738, 58.240356, 4.577267, 4.951252
8.517358E-4, 0.0, 0.0, 0.0, 66.56009, 33.28586, 0.15405598, -1
4.9107056, 26.123997, 60.628754, 43.57194, 32.026398, 61.14035, 4.8488045, 4.9508276
3.9630302E-4, 0.0, 0.0, 0.0, 66.461235, 33.22756, -0.311209, 5
4.9036713, 25.56438, 63.642883, 43.57187, 37.794357, 64.157196, 5.1058474, 4.950449
0.0, 0.0, 0.0, 0.0, 62.707855, 36.95934, 0.33280802, -1
5.0303802, 14.331093, 89.096756, 34.78433, 18.170868, 12.844208, 16.811584, 16.398235
1.1518137, -32.000896, -40.038437, -27.960667, 0.0, 0.0, 0.0, 1
137.79684, 11.454935, 4.8680267, 26.412476, 73.616806, 117.95244, 5.6025214, 10.726753
3.4445553, -43.54937, 19.44731, 37.00332, 0.0, 0.0, 0.0, 0
143.76056, 12.923971, 4.8680267, 23.349737, 64.95816, 127.20536, 2.3860908, 8.359111
3.1397824, -27.005621, 36.01074, 36.983643, 0.0, 0.0, 0.0, 0
141.18622, 12.642335, 50.6467, 19.409521, 98.630066, 134.07547, 2.7323215, 3.9757044
3.352773, -25.556786, 29.456066, 44.98714, 0.0, 0.0, 0.0, 0
175.77171, 16.676918, 64.87886, 16.749104, 92.39108, 58.108, 3.0222502, 1.9527978
0.40852284, -28.3033, -13.983783, 57.712914, 0.0, 0.0, 0.0, -1
144.4104, 17.559258, 36.730057, 16.408197, 48.673706, 42.10315, 3.1848857, 2.3598273
0.0014437331, 0.0, 0.0, 0.0, 32.806602, 14.843251, -52.350147, 5
1.9468079, 20.611725, 84.17102, 16.409292, 85.183105, 117.39932, 3.5399544, 2.49752
0.0011814728, 0.0, 0.0, 0.0, -43.853226, -54.144745, 2.0020328, 4
1.6355591, 22.157925, 62.38182, 16.41057, 57.391525, 69.50598, 4.164628, 2.7438028
4.9719086E-4, 0.0, 0.0, 0.0, 61.168026, 29.957115, 8.874854, -1
4.979416, 20.5037, 66.37845, 16.41057, 61.42595, 73.58655, 4.175939, 2.754206
0.0013980471, 0.0, 0.0, 0.0, 66.05695, 33.745968, -0.19708306, 5
4.976013, 18.229294, 82.75557, 16.411219, 77.84248, 89.995544, 4.1830864, 2.7636006
0.001376349, 0.0, 0.0, 0.0, 66.476974, 33.51809, 0.00493471, -1
179.80458, 27.10486, 177.64574, 52.1491, 172.75072, 148.82375, 47.65066, 44.328083
0.6245574, 34.400043, 31.447687, 34.152264, 0.0, 0.0, 0.0, -1
148.60333, 25.98221, 146.36829, 53.112125, 155.7201, 118.381775, 45.72851, 42.301826
0.0033429712, 0.0, 0.0, 0.0, -40.082962, -19.831528, -40.08551, 5
101.33943, 25.5779, 99.10936, 53.11661, 108.33632, 71.5396, 41.315155, 37.88957
0.43968642, -34.211475, -32.041275, -33.74725, 0.0, 0.0, 0.0, -1
85.58855, 25.578308, 83.359085, 53.117054, 92.53645, 55.948593, 39.857403, 36.43209
1.9488026, -34.239677, -32.011, -33.74932, 0.0, 0.0, 0.0, 0
7.4093018, 22.349285, 4.996216, 51.161198, 14.358643, 22.814514, 29.097988, 25.82422
3.822658, -34.181614, -32.989906, -32.82848, 0.0, 0.0, 0.0, 0
9.588745, 11.533219, 4.996399, 45.09453, 17.532532, 23.175095, 11.59954, 9.018238
3.267367, -55.06028, -30.542534, -14.39719, 0.0, 0.0, 0.0, 0
12.989716, 7.181612, 4.996399, 43.540047, 29.41986, 21.888855, 8.217585, 6.369683
2.6891418, -44.141037, -28.739082, -27.119879, 0.0, 0.0, 0.0, 0
77.70755, 2.5848188, 49.7619, 41.44439, 47.93988, 85.1888, 4.507255, 6.443585
0.32818347, -70.80748, -27.03574, 2.1567833, 0.0, 0.0, 0.0, -1
68.90929, 2.5937595, 34.3649, 41.288334, 36.05652, 69.27304, 4.5357957, 6.5952415
0.00752564, 0.0, 0.0, 0.0, -1.606575, -35.19168, -63.201744, 5
37.6857, 2.5943484, 2.9088745, 41.28214, 4.3475647, 32.30957, 4.642794, 6.799212
15.335102, 30.78801, 36.29418, 32.917805, 0.0, 0.0, 0.0, -1
153.04214, 14.976307, 123.23129, 51.458935, 177.46658, 142.25479, 5.5475273, 18.291878
0.6478182, 8.42657, 48.854115, 42.719315, 0.0, 0.0, 0.0, -1
107.672714, 11.438495, 77.04509, 51.998577, 125.837875, 95.02168, 4.9493966, 14.694189
1.0922545, -37.89928, -31.87592, -30.2248, 0.0, 0.0, 0.0, 0
60.56018, 8.802522, 29.881714, 51.998253, 52.173218, 43.978058, 4.5350137, 10.251865
1.6528267, -32.469727, -35.60828, -31.921995, 0.0, 0.0, 0.0, 1
47.341522, 8.156853, 14.113983, 51.28395, 30.31427, 27.280487, 4.0506377, 9.138854
1.1226443, -27.743637, -31.63546, -40.6209, 0.0, 0.0, 0.0, 2
30.23758, 6.2733603, 33.256714, 50.851627, 34.90094, 26.66867, 4.962169, 8.410268
0.7512, -42.85541, -43.184372, 13.9602165, 0.0, 0.0, 0.0, -1
84.89099, 5.2466803, 15.486023, 50.390118, 11.515686, 16.061188, 4.8443007, 7.252405
0.5574411, -33.005436, -30.14811, 36.846455, 0.0, 0.0, 0.0, -1
75.566895, 5.7751007, 0.9270325, 50.00171, 0.78692627, 5.013855, 4.532993, 6.4926376
0.0025459817, 0.0, 0.0, 0.0, 43.577423, 20.682129, -35.740444, 5
4.850868, 21.378874, 88.3967, 41.986427, 8.229385, 10.881243, 20.267435, 21.722294
3.8049533, 11.241883, -42.865498, -45.892624, 0.0, 0.0, 0.0, 2
0.85297394, 15.238058, 100.16763, 42.69493, 18.53727, 25.365011, 15.700026, 17.474085
0.896624, -4.9803314, -49.397625, -45.622044, 0.0, 0.0, 0.0, -1
16.433977, 13.080746, 85.22136, 42.888237, 3.7803326, 10.738281, 15.0741, 16.886684
1.8421481, -69.772415, -16.509007, 13.718573, 0.0, 0.0, 0.0, 0
134.20749, 8.950612, 4.9298096, 37.34112, 104.74897, 52.21052, 7.732618, 3.3421798
2.5976436, -32.89615, 27.042044, 40.06181, 0.0, 0.0, 0.0, 0
158.86218, 11.00488, 28.944763, 35.262253, 128.61339, 59.409668, 6.863562, 2.5890977
2.4678342, -25.096495, 28.094896, 46.808605, 0.0, 0.0, 0.0, 0
143.47241, 14.822913, 36.200012, 33.41934, 103.89674, 67.6503, 8.521886, 3.8616052
0.5140485, -53.413303, -37.798977, 8.787729, 0.0, 0.0, 0.0, -1
124.3329, 14.507145, 21.168182, 33.208946, 85.34749, 47.85199, 8.956552, 3.9861047
1.5443264, -25.172285, -40.843147, -33.98457, 0.0, 0.0, 0.0, 1
4.904682, 22.940874, 63.46223, 27.357971, 6.2260857, 9.600124, 23.627337, 22.806215
4.0727816, -9.557295, -44.39461, -46.04809, 0.0, 0.0, 0.0, 2
4.991699, 22.347519, 64.22655, 27.357971, 5.3210335, 9.043961, 23.163345, 22.58654
4.3781896, -15.611698, -42.49011, -41.898193, 0.0, 0.0, 0.0, 1
1.5831413, 15.690354, 74.71344, 26.582115, 7.6632957, 15.061707, 19.739094, 19.3707
2.7983246, -25.86472, -39.37418, -34.761105, 0.0, 0.0, 0.0, 1
135.96837, 18.023779, 140.86674, 53.029675, 136.30931, 141.30028, 48.4888, 49.211506
0.0026436113, 0.0, 0.0, 0.0, -39.99937, -20.001955, -39.998672, 3
120.223, 18.026636, 125.11982, 53.03248, 120.57954, 125.55186, 47.01787, 47.74666
4.9975805E-4, 0.0, 0.0, 0.0, -39.998947, -20.001993, -39.99906, 5
88.737076, 18.026615, 93.63405, 53.03228, 89.129654, 94.06264, 44.07885, 44.805344
0.6889396, -33.683033, -33.626984, -32.689983, 0.0, 0.0, 0.0, -1
73.018524, 18.0266, 77.91562, 53.032166, 73.432434, 78.34219, 42.50857, 43.236397
2.8573248, -33.73512, -33.67879, -32.58609, 0.0, 0.0, 0.0, 0
5.908905, 8.23076, 4.873871, 43.15648, 11.336548, 5.4338684, 10.968164, 9.693755
2.7737336, -34.118782, -35.248524, -30.63269, 0.0, 0.0, 0.0, 1
7.95459, 6.4120536, 4.873993, 41.669765, 24.505066, 5.4644775, 7.5643086, 6.770257
2.667295, -34.172737, -37.739006, -28.08826, 0.0, 0.0, 0.0, 1
23.135284, 4.3449607, 36.66217, 40.88427, 5.4377136, 43.54779, 5.7503514, 5.4518
2.363477, -39.80552, -38.01896, -22.175524, 0.0, 0.0, 0.0, 0
56.862793, 3.4291756, 54.06125, 40.135777, 35.931213, 67.986145, 4.9682155, 5.318386
1.2458568, -44.715057, -38.536823, -16.74812, 0.0, 0.0, 0.0, 0
97.48433, 7.9422426, 8.816864, 23.812862, 51.62001, 39.302658, 6.7300854, 3.1477845
0.4735498, -55.010544, -29.87804, 15.111417, 0.0, 0.0, 0.0, -1
84.59669, 8.072806, 24.6156, 23.38556, 40.965042, 15.427567, 5.5747814, 2.7283082
0.023122132, 0.0, 0.0, 0.0, 37.97502, 24.126657, -37.898327, 5
20.40908, 1.5932978, 113.94473, 25.982004, 107.29907, 145.72195, 4.661162, 7.80749
5.3523464, 28.422583, 55.55438, 16.02304, 0.0, 0.0, 0.0, -1
45.68679, 1.6666704, 103.30569, 29.367842, 122.35879, 138.06226, 7.080838, 13.600887
2.0026042, 7.517731, 87.85065, 4.6316204, 0.0, 0.0, 0.0, -1
81.99418, 1.7744281, 68.37854, 30.08132, 84.91049, 102.479034, 6.513434, 14.758953
1.2642782, -74.793884, -3.114862, 22.091257, 0.0, 0.0, 0.0, 0
111.51436, 1.9354192, 62.714447, 29.709763, 80.43309, 94.4778, 5.8885674, 15.418973
0.5197838, -63.90274, -6.194434, 29.902824, 0.0, 0.0, 0.0, -1
138.40033, 2.1588635, 47.78958, 29.488836, 66.3147, 78.09747, 5.6204524, 15.835312
0.055314604, 0.0, 0.0, 0.0, -28.554207, -64.33933, 7.1064606, 4
155.57445, 2.1942701, 32.0943, 29.45997, 47.96808, 61.55887, 5.4542007, 16.005548
0.753363, -32.54014, -50.490845, 16.969019, 0.0, 0.0, 0.0, -1
171.38608, 2.1942663, 16.28276, 29.459974, 28.787827, 45.716553, 5.3161416, 16.011053
2.6234183, -31.914333, -40.907486, 27.178177, 0.0, 0.0, 0.0, 1
141.20683, 2.5824583, 47.990646, 29.084023, 50.12204, 21.489685, 4.6864266, 12.703154
3.4068456, -31.680187, -23.728462, 44.59135, 0.0, 0.0, 0.0, 0
154.07141, 6.57909, 73.43118, 26.817318, 106.43059, 74.99042, 3.2788064, 6.819029
0.4003041, -32.79745, -10.947151, 56.255394, 0.0, 0.0, 0.0, -1
123.366425, 6.940609, 105.51558, 26.636654, 138.4478, 109.20657, 3.406655, 6.24332
0.009987964, 0.0, 0.0, 0.0, -5.274011, -6.010995, -88.715, 5
28.550243, 6.969784, 159.56062, 26.622196, 142.80936, 156.81453, 2.9745712, 5.7457514
4.9227518E-5, 0.0, 0.0, 0.0, -39.904728, -20.190062, -39.905212, 5
156.42369, 23.951197, 144.04951, 53.093296, 141.48409, 144.19853, 53.22722, 51.947426
0.005727087, 0.0, 0.0, 0.0, -40.02261, -20.011305, -39.966087, 3
140.80894, 23.716412, 128.32228, 53.09719, 125.7646, 128.4713, 51.765175, 51.95132
0.0023049328, 0.0, 0.0, 0.0, -39.99949, -20.00021, -40.000305, 5
109.19533, 23.71789, 96.70915, 53.098083, 94.167984, 96.8582, 48.832047, 51.952217
0.5430262, -33.77737, -33.762066, -32.460564, 0.0, 0.0, 0.0, -1
93.428894, 23.718874, 80.943115, 53.098564, 78.41104, 81.09216, 47.323807, 51.95269
2.4279835, -33.81298, -33.795925, -32.39109, 0.0, 0.0, 0.0, 0
29.531677, 12.327867, 4.9487305, 41.14883, 2.1785889, 3.2717285, 8.2392645, 14.476355
2.6120982, -32.709633, -24.004465, -43.285904, 0.0, 0.0, 0.0, 2
2.6806946, 9.310911, 42.453003, 39.516796, 46.715668, 66.54541, 4.6748047, 9.7688
2.4671624, -33.002655, -16.179205, -50.81814, 0.0, 0.0, 0.0, 2
10.405151, 6.628162, 56.21759, 38.741802, 69.04123, 97.00252, 4.4394975, 7.619391
0.5872805, -36.342476, 3.691348, -59.96617, 0.0, 0.0, 0.0, -1
6.3075647, 23.260456, 71.53301, 30.949036, 4.8445616, 7.0198708, 22.988293, 21.641418
4.3505945, -3.1940055, -47.768623, -49.03737, 0.0, 0.0, 0.0, 2
119.94883, 9.07108, 4.9603577, 25.174738, 76.89845, 55.213776, 9.591995, 4.500493
2.7085118, -42.749302, 17.406652, 39.844044, 0.0, 0.0, 0.0, 0
155.80862, 8.366466, 32.80298, 21.689636, 107.75086, 61.97711, 6.57236, 2.0607724
3.036587, -36.254345, 21.897064, 41.848595, 0.0, 0.0, 0.0, 0
89.91437, 6.8246856, 80.401825, 18.413515, 96.777985, 99.20352, 6.823538, 3.0552845
0.3560674, -51.81024, -15.578316, 32.611443, 0.0, 0.0, 0.0, -1
48.071915, 6.862564, 113.01654, 18.252329, 121.1871, 123.54819, 6.400845, 3.200375
0.01040338, 0.0, 0.0, 0.0, 30.509277, 7.0191035, -62.471622, 5
4.8460693, 7.1039147, 144.4488, 18.248411, 144.45937, 145.88768, 5.952692, 3.4513137
0.0019336495, 0.0, 0.0, 0.0, -59.816803, -35.5227, 4.6604967, 3
5.910721, 22.692005, 40.60962, 22.5516, 5.8769226, 1.9294739, 22.379871, 21.927986
4.0121646, -23.44834, -38.08077, -38.47089, 0.0, 0.0, 0.0, 2
5.2631226, 21.536814, 78.89453, 46.447643, 18.646027, 18.129395, 24.561775, 21.490948
4.2441845, -13.909377, -43.289467, -42.80116, 0.0, 0.0, 0.0, 1
1.7675629, 15.258588, 79.28099, 45.38722, 18.364563, 14.822968, 19.880793, 17.691032
2.3223555, -55.571056, -30.328983, -14.09996, 0.0, 0.0, 0.0, 0
114.289795, 11.217453, 4.8671722, 37.741524, 106.19092, 45.309906, 4.9065466, 2.899939
2.6866379, -26.7609, 30.921745, 42.317356, 0.0, 0.0, 0.0, 0
137.6313, 11.446123, 44.30986, 34.971123, 102.41971, 66.451675, 1.8303384, 4.100742
0.6829147, -40.98784, 7.3714657, -51.640694, 0.0, 0.0, 0.0, -1
73.191666, 13.649693, 12.463608, 34.892563, 70.732605, 12.09874, 3.9007373, 4.972322
0.5990188, -35.234936, -3.3139865, -61.451077, 0.0, 0.0, 0.0, -1
4.878525, 14.326879, 79.30852, 34.504734, 104.98343, 84.138245, 6.442401, 4.810695
0.0024227716, 0.0, 0.0, 0.0, -57.80309, -38.79541, 3.4015012, 3
4.858536, 13.838338, 62.314407, 34.501404, 68.12784, 51.956512, 4.582623, 5.350405
0.0, 0.0, 0.0, 0.0, 61.36602, 36.086006, 2.5479698, -1
55.866753, 8.281368, 53.83519, 23.796051, 13.62619, 18.2099, 11.286101, 12.564932
26.76009, -35.196342, 25.07045, 39.733204, 0.0, 0.0, 0.0, 0
84.57728, 5.738873, 62.010864, 22.088167, 6.4750824, 14.733215, 6.7626014, 7.958509
25.510288, -29.942825, 29.8658, 40.19137, 0.0, 0.0, 0.0, 0
143.41147, 5.833348, 46.591507, 20.786917, 11.393158, 31.664413, 3.0437267, 4.050161
24.412056, -28.133478, 32.822437, 39.044083, 0.0, 0.0, 0.0, 0
147.8845, 18.440002, 128.17671, 3.3805728, 154.95349, 133.84595, 24.013247, 6.698167
0.5631817, 29.552603, 35.030743, 35.416653, 0.0, 0.0, 0.0, -1
177.92905, 16.360971, 170.51622, 3.941387, 172.99501, 170.68768, 22.045462, 6.3773575
0.0015783779, 0.0, 0.0, 0.0, -37.59897, -18.377975, -44.02306, 5
168.18655, 15.032881, 173.79405, 3.9413965, 157.5221, 174.3963, 20.582523, 5.802288
0.080458805, 0.0, 0.0, 0.0, -40.13178, -19.91832, -39.9499, 3
153.91774, 14.077465, 157.9885, 3.9413776, 141.97081, 159.49414, 19.112436, 5.7509623
0.8441791, -25.014183, -39.427204, -35.558613, 0.0, 0.0, 0.0, -1
139.19078, 13.533973, 142.27338, 3.9413617, 126.552826, 143.7811, 17.644876, 5.7509375
2.3962164, -9.199174, -46.782555, -44.01827, 0.0, 0.0, 0.0, 1
90.865685, 12.226754, 118.286865, 4.371044, 82.27274, 108.92254, 13.270259, 5.7329597
3.7689903, 61.000366, 12.399147, -26.60048, 0.0, 0.0, 0.0, 2
73.435165, 2.7211099, 154.27322, 7.1453347, 136.44229, 158.04797, 9.575075, 6.771887
2.5283592, 47.666267, 40.72521, 11.60853, 0.0, 0.0, 0.0, -1
158.58377, 4.3532643, 152.11023, 10.435231, 147.55759, 156.6069, 11.699471, 7.720561
1.723839, -47.71967, -46.057858, -6.222468, 0.0, 0.0, 0.0, 0
97.75366, 5.920569, 64.901215, 10.04512, 59.529938, 68.705475, 11.219506, 5.976558
0.6185604, 25.231882, 24.47384, 50.294273, 0.0, 0.0, 0.0, -1
165.65321, 5.996303, 129.60834, 9.704724, 123.663086, 123.35727, 10.817318, 4.9393697
0.82383835, 32.338432, 28.834877, 38.82669, 0.0, 0.0, 0.0, -1
168.06596, 6.675199, 136.82317, 10.610768, 131.40816, 131.36568, 11.7311, 4.1306987
1.4761612, -45.262394, -48.956425, 5.7811837, 0.0, 0.0, 0.0, 1
152.30261, 6.675197, 121.05981, 10.610766, 115.64428, 120.057274, 11.730945, 3.5984004
1.8581244, -51.895477, -47.885494, 0.21902703, 0.0, 0.0, 0.0, 0
104.819595, 7.816632, 89.520386, 10.610768, 83.21912, 90.18356, 10.313669, 3.4375563
1.4893394, -44.0687, -38.02281, -17.908484, 0.0, 0.0, 0.0, 0
92.14157, 7.833428, 77.8071, 9.877798, 71.04831, 89.12564, 7.884648, 3.0819738
0.38981637, -43.67649, -37.68596, -18.63755, 0.0, 0.0, 0.0, -1
104.33795, 8.610192, 95.44711, 9.703808, 86.802704, 105.40082, 7.4507627, 3.1391973
0.015119426, 0.0, 0.0, 0.0, 41.50799, 19.45039, 39.04162, -1
116.00583, 9.331377, 111.256714, 9.697037, 103.30884, 116.65541, 7.2806163, 3.2828052
0.8080081, 34.632248, 34.845432, 30.52232, 0.0, 0.0, 0.0, -1
178.38586, 9.4455385, 174.17285, 9.697037, 176.31155, 179.18161, 6.652491, 3.2966118
0.769295, 34.890675, 34.175587, 30.933739, 0.0, 0.0, 0.0, -1
156.8231, 10.181799, 160.6585, 10.466263, 155.35728, 160.05714, 7.004313, 4.0195103
0.013840001, 0.0, 0.0, 0.0, -43.0551, -20.576746, -36.368153, 3
69.37538, 10.25194, 73.17799, 10.539208, 53.842392, 69.59245, 5.511467, 3.8888023
0.0, 0.0, 0.0, 0.0, -44.58966, -23.583807, -31.826532, 3
50.301407, 9.338845, 41.650284, 10.539208, 21.174698, 41.400314, 4.515636, 3.8956776
0.0, 0.0, 0.0, 0.0, 48.311237, 18.300005, -33.388752, 5
2.2559404, 20.477148, 36.87207, 22.031172, 4.8276625, 7.4600744, 22.139376, 20.892244
17.290386, -46.86203, -31.164465, -21.973505, 0.0, 0.0, 0.0, 0
1.1419744, 15.423988, 45.86692, 19.785765, 10.867416, 12.057322, 18.368032, 16.688364
14.746229, -58.690994, -29.446861, -11.862146, 0.0, 0.0, 0.0, 0
151.11978, 5.9063444, 52.89914, 5.079055, 32.78006, 91.148544, 2.7961056, 6.2012773
0.67916834, -46.3302, -11.027871, 42.641926, 0.0, 0.0, 0.0, -1
171.54712, 6.583754, 31.44748, 4.8310866, 27.129883, 128.18471, 2.8706143, 3.71383
2.4659147, -48.56026, 51.135464, -0.30427143, 0.0, 0.0, 0.0, 0
90.03973, 5.475765, 36.963104, 4.497222, 42.519318, 145.33218, 2.8519738, 2.5721188
3.7332125, 28.220537, 63.44312, -8.3363495, 0.0, 0.0, 0.0, 2
161.44145, 3.9497871, 158.57619, 10.142215, 145.78304, 132.68336, 6.4264183, 10.492246
0.47412547, 40.027134, 30.382616, 29.590248, 0.0, 0.0, 0.0, -1
165.1805, 5.521413, 159.46242, 10.512364, 145.87627, 134.28842, 6.4989343, 10.735554
0.016118746, 0.0, 0.0, 0.0, -41.29421, -17.243084, -41.46271, 5
85.55328, 7.714334, 80.721466, 10.55467, 66.00954, 50.850098, 5.319263, 9.975275
0.0, 0.0, 0.0, 0.0, -49.93136, 0.13708794, -49.931553, 5
69.7198, 7.715305, 64.88829, 10.55467, 53.862198, 29.67897, 4.6750145, 9.067057
0.0, 0.0, 0.0, 0.0, -43.972767, 12.054469, -43.972767, 3
38.20923, 7.715305, 33.377716, 10.55467, 32.39511, 13.199524, 3.57515, 6.9677844
0.0, 0.0, 0.0, 0.0, 10.07162, 34.84976, -55.078625, 5
4.9152527, 7.715305, 0.083740234, 10.55467, 0.8529053, 50.25569, 3.4440725, 5.0318003
0.0, 0.0, 0.0, 0.0, 78.031715, 21.796131, 0.17214902, -1
4.9970093, 6.5714326, 22.465332, 10.55467, 21.696167, 60.16385, 3.4440725, 4.930894
0.0, 0.0, 0.0, 0.0, 78.12779, 21.500816, -0.37138993, 5
5.072296, 6.243168, 29.569183, 10.55467, 28.800018, 64.21077, 3.4440725, 4.8287945
0.0, 0.0, 0.0, 0.0, 73.423096, 18.531027, 8.045879, -1
153.29274, 64.221825, 175.81017, 54.625526, 169.12172, 149.93748, 56.768475, 54.70952
0.5936363, 34.748783, 32.59474, 32.65647, 0.0, 0.0, 0.0, -1
121.953, 65.1379, 144.13367, 55.60025, 158.95215, 118.703156, 57.70023, 55.60458
0.0015247236, 0.0, 0.0, 0.0, -40.000298, -20.000032, -39.999672, 3
106.25018, 64.154015, 128.42993, 55.600426, 143.24792, 102.99948, 57.700336, 55.604733
0.0016673515, 0.0, 0.0, 0.0, -39.998344, -19.999023, -40.002632, 5
74.73309, 61.212227, 96.912506, 55.60088, 111.72954, 71.48221, 57.700512, 55.605083
0.54203147, -35.021545, -32.706623, -32.271835, 0.0, 0.0, 0.0, -1
59.05954, 59.74252, 81.23877, 55.601128, 96.03584, 55.808563, 57.015594, 55.605396
2.7845147, -35.104027, -32.677155, -32.21882, 0.0, 0.0, 0.0, 0
18.133972, 49.05993, 4.933014, 53.558002, 20.12976, 21.365417, 48.294952, 52.29666
3.747513, -35.358585, -32.62771, -32.013706, 0.0, 0.0, 0.0, 0
24.674377, 30.825891, 4.926544, 45.34559, 22.641815, 28.361603, 24.196901, 30.997131
3.8055468, -37.04284, -32.135323, -30.821838, 0.0, 0.0, 0.0, 0
2.8825073, 9.531529, 53.188354, 36.623592, 67.11299, 16.77478, 4.5329123, 10.376795
2.3762846, -37.763435, -26.315672, -35.9209, 0.0, 0.0, 0.0, 0
32.652405, 6.445225, 29.705536, 35.919773, 46.181946, 52.905334, 4.243219, 7.6252265
2.8599823, -73.473305, -17.009092, -9.517593, 0.0, 0.0, 0.0, 0
102.808784, 4.3830595, 27.368439, 31.642838, 57.92511, 83.25838, 2.7139199, 6.136278
2.3448758, -59.88993, 2.967409, 37.142654, 0.0, 0.0, 0.0, 0
116.60689, 4.565184, 30.295868, 29.036242, 84.78136, 69.517166, 1.7857907, 3.7557356
0.6798514, -58.596603, -4.9279056, 36.47549, 0.0, 0.0, 0.0, -1
128.46826, 3.967822, 14.963409, 28.448793, 75.22557, 74.59445, 1.5922455, 2.8943167
0.025276944, 0.0, 0.0, 0.0, 47.45569, 1.3617007, -51.18261, 5
94.69145, 3.0816765, 38.583496, 28.359364, 64.61769, 15.289185, 2.2391539, 3.0860903
0.0015459764, 0.0, 0.0, 0.0, 39.264446, 21.473255, -39.2623, 5

NONPOS KNOWLEDGE:
105.15936, 12.746656, 78.1613, 39.602608, 96.88396, 94.81938, 4.507551, 5.6668515
1.4463395, 12.662601, 15.798703, -71.5387, 0.0, 0.0, 0.0, 2
6.935913, 7.446928, 177.02847, 39.54983, 177.6442, 179.30753, 5.1713014, 7.414886
0.8480983, 35.201622, 35.91311, -28.88527, 0.0, 0.0, 0.0, -1
22.477203, 6.2779403, 161.28238, 40.209503, 161.91406, 163.43018, 5.8314657, 8.074501
5.794909, -25.451723, 20.152021, 54.396248, 0.0, 0.0, 0.0, 0
127.58308, 5.9059916, 85.54339, 39.753677, 166.04866, 113.87997, 5.3706503, 4.700162
8.856497, -13.580446, 39.869118, 46.550434, 0.0, 0.0, 0.0, 0
158.69733, 12.416679, 87.77594, 38.180645, 175.74892, 167.01807, 11.11243, 8.979012
8.901507, -5.445945, 46.232574, 48.32148, 0.0, 0.0, 0.0, 0
160.80322, 14.205652, 90.552246, 38.15145, 177.17702, 171.71634, 12.641554, 10.598047
4.9878, 5.8292127, 47.092094, 47.078693, 0.0, 0.0, 0.0, -1
142.61304, 22.475576, 135.6753, 38.756706, 156.04947, 153.72308, 21.796412, 20.450687
0.3634593, 6.49609, 46.67894, 46.824974, 0.0, 0.0, 0.0, -1
112.09418, 22.792038, 167.52188, 38.818962, 125.19678, 122.91077, 21.9179, 20.5656
0.004552253, 0.0, 0.0, 0.0, -36.957447, -20.91191, -42.130646, 5
81.39938, 22.832655, 160.90492, 38.820362, 94.3788, 92.13222, 21.832226, 20.469786
1.9788742E-5, 0.0, 0.0, 0.0, -40.162186, -19.859154, -39.97866, 3
50.245224, 22.848915, 129.39635, 38.820362, 63.648636, 61.44719, 21.828068, 20.454477
0.0014271244, 0.0, 0.0, 0.0, -39.40955, -19.959883, -40.630566, 5
64.98993, 5.7850394, 63.16153, 30.800587, 66.94762, 103.46599, 4.8763657, 5.5431657
0.36665937, -56.753635, -11.960826, -31.28554, 0.0, 0.0, 0.0, -1
43.749, 4.7040462, 89.50389, 30.62781, 94.463394, 120.46428, 4.7957287, 6.2472067
0.021848677, 0.0, 0.0, 0.0, 50.31487, 20.93075, -28.754393, 5
29.241943, 4.173382, 105.2534, 30.617704, 109.96005, 126.529724, 4.802413, 6.6232247
0.002412677, 0.0, 0.0, 0.0, 65.30387, 29.413307, 5.2828326, -1
13.767395, 4.0657473, 120.96428, 30.617481, 125.67381, 141.7184, 4.802558, 6.372747
0.0024084211, 0.0, 0.0, 0.0, 43.438034, 5.8063784, 50.75559, -1
4.7897644, 4.065426, 129.95648, 30.61705, 133.77124, 151.48138, 4.727051, 5.716354
0.0016653419, 0.0, 0.0, 0.0, 5.0961714, -11.089047, 83.81477, 4
33.782547, 3.5688887, 161.38219, 30.616573, 158.6168, 177.0913, 4.2724547, 5.680677
4.6612235E-4, 0.0, 0.0, 0.0, -39.682755, -12.525012, 47.792233, 3
82.81052, 2.8999243, 167.15533, 30.616116, 178.9725, 150.68887, 4.117768, 5.83293
0.7206939, -29.506937, -27.463488, 43.02958, 0.0, 0.0, 0.0, -1
104.07176, 2.788797, 151.36969, 30.616116, 167.92429, 138.19446, 4.2449694, 5.9782963
7.3112535, -19.715593, 23.899818, 56.384586, 0.0, 0.0, 0.0, 0
176.77383, 20.489456, 102.34572, 27.739597, 168.83292, 161.85745, 18.263666, 18.227993
3.8262908, 11.005438, 44.18313, 44.811428, 0.0, 0.0, 0.0, -1
158.55396, 24.99944, 130.48523, 28.672342, 168.33554, 171.36731, 22.57993, 23.566935
0.35624138, 16.797234, 41.662693, 41.540073, 0.0, 0.0, 0.0, -1
127.12143, 25.408548, 162.65628, 28.790169, 136.60158, 139.69283, 22.96337, 23.912638
0.014383817, 0.0, 0.0, 0.0, -21.731243, -25.28426, -52.984493, 5
64.02852, 25.44871, 134.17902, 28.801767, 73.284195, 76.34065, 22.941555, 23.90466
0.0021057604, 0.0, 0.0, 0.0, -39.990273, -20.156073, -39.853657, 3
6.164074, 9.480137, 96.16602, 41.042427, 111.46595, 95.49256, 5.677328, 4.051067
0.004905274, 0.0, 0.0, 0.0, -41.148552, -11.917146, 46.934303, 3
64.475235, 8.642625, 33.180237, 41.04461, 48.699554, 2.369812, 5.6866155, 4.660069
6.591294, -30.699884, 17.821186, 51.478935, 0.0, 0.0, 0.0, 0
143.25844, 11.084686, 57.727127, 38.630486, 108.47771, 120.985214, 5.44591, 10.221932
8.765648, -13.746339, 41.53628, 44.717377, 0.0, 0.0, 0.0, 0
155.80693, 17.781055, 67.92145, 36.424862, 147.78107, 139.39285, 12.37343, 16.419819
5.191008, -6.8309164, 45.648186, 47.520897, 0.0, 0.0, 0.0, 0
161.12502, 24.324879, 78.64807, 35.022923, 152.75146, 149.66736, 19.293764, 22.318373
1.152565, -4.8231497, 46.562786, 48.614063, 0.0, 0.0, 0.0, 0
136.94055, 25.080757, 55.30258, 34.94443, 128.26537, 125.8846, 20.147789, 23.023731
0.2874402, -0.41236296, 49.05926, 50.528378, 0.0, 0.0, 0.0, -1
105.69339, 25.428127, 24.450958, 34.91442, 96.59423, 94.8131, 20.621685, 23.34909
0.0040614908, 0.0, 0.0, 0.0, 30.690882, -20.772379, -48.53674, 5
42.709187, 25.444305, 38.51541, 34.913193, 32.741173, 31.83591, 21.061567, 23.36444
0.0016314046, 0.0, 0.0, 0.0, 42.901493, -14.78977, -42.308735, -1
4.8826256, 15.34898, 119.01168, 24.482834, 120.36744, 133.06699, 3.5706854, 6.0307183
2.457644, 15.637727, 26.412148, -57.950127, 0.0, 0.0, 0.0, 2
4.9556274, 13.915845, 88.039276, 39.852303, 92.346985, 76.84729, 4.813159, 5.986692
2.232498, -15.452795, -7.8505526, -76.696655, 0.0, 0.0, 0.0, 2
5.4915466, 10.226912, 89.19272, 39.738087, 142.42633, 94.44119, 3.21673, 4.556959
0.012504996, 0.0, 0.0, 0.0, 51.365273, 4.485451, 44.149273, -1
10.547795, 9.715584, 104.97822, 39.737404, 159.53406, 110.356636, 3.2006025, 4.5576153
0.00141033, 0.0, 0.0, 0.0, 29.562967, -34.520123, 35.91691, 4
42.833435, 9.411964, 132.63797, 39.7376, 172.80617, 102.02887, 3.201042, 5.285977
5.5668934E-4, 0.0, 0.0, 0.0, 34.088783, 18.499472, 47.411743, -1
54.60464, 9.405651, 144.29068, 39.73757, 145.18896, 96.76785, 2.579715, 6.9772363
0.0, 0.0, 0.0, 0.0, -25.79504, 23.096859, 51.108105, 3
93.6466, 7.345865, 168.4409, 39.73757, 159.02962, 133.32863, 3.5389123, 8.116241
0.6061866, -24.58643, 24.225452, 51.188118, 0.0, 0.0, 0.0, -1
106.42153, 6.779464, 152.75987, 39.73757, 168.79762, 150.21758, 3.4636633, 7.8443413
6.0875673, -17.635935, 35.840996, 46.52307, 0.0, 0.0, 0.0, 0
171.15431, 19.662884, 82.03339, 36.252834, 156.3562, 158.31935, 17.423214, 18.891619
3.6707897, 5.0983434, 47.439163, 47.462494, 0.0, 0.0, 0.0, -1
171.63368, 22.375725, 86.33295, 36.210243, 158.79214, 160.312, 20.011007, 21.481636
2.2024558, 7.1432633, 46.532974, 46.32376, 0.0, 0.0, 0.0, -1
167.87503, 23.279505, 83.87344, 36.24253, 155.49109, 156.98294, 20.888098, 22.369244
0.8801185, -0.531011, 49.078247, 50.39074, 0.0, 0.0, 0.0, -1
0.7849121, 9.717999, 124.33437, 28.719622, 140.50586, 118.382286, 6.035903, 4.7763233
0.20540375, 15.522938, 32.486984, -51.99008, 0.0, 0.0, 0.0, -1
16.877254, 9.124818, 140.2109, 28.774187, 162.3949, 119.58433, 4.9040112, 4.0811605
0.0018718399, 0.0, 0.0, 0.0, 0.68509847, 15.245478, 84.06943, -1
35.280087, 8.703375, 155.87912, 28.774168, 176.72272, 116.41631, 3.8242488, 3.9359899
0.0019897218, 0.0, 0.0, 0.0, -27.919697, 16.109612, 55.97069, 3
73.09865, 7.931123, 172.58704, 28.774168, 143.03027, 129.63766, 3.4649954, 4.4645686
0.69219285, 7.567256, 13.150594, 79.28215, 0.0, 0.0, 0.0, -1
92.482086, 7.585989, 156.807, 28.774158, 127.244965, 139.74875, 3.4653447, 5.009567
6.9032855, -9.864392, 35.970642, 54.164963, 0.0, 0.0, 0.0, 0
175.31339, 12.074332, 87.0403, 27.715796, 165.6768, 161.04015, 6.796759, 10.18475
7.503685, 8.814969, 46.085068, 45.099968, 0.0, 0.0, 0.0, -1
167.77747, 24.207087, 98.63466, 28.676615, 172.87712, 174.07722, 20.305521, 21.836727
2.7234216, 11.779046, 43.78099, 44.43996, 0.0, 0.0, 0.0, -1
151.53737, 25.05812, 137.05229, 28.935581, 162.9883, 161.2067, 21.388514, 22.882023
0.3586239, 14.040605, 42.88234, 43.077053, 0.0, 0.0, 0.0, -1
120.18162, 25.400106, 169.04607, 29.0456, 132.0856, 129.94528, 21.922575, 23.274971
0.0061638565, 0.0, 0.0, 0.0, -36.90168, -21.01225, -42.086067, 5
57.121536, 25.416739, 127.86302, 29.050985, 69.860916, 67.112976, 22.458809, 23.604809
3.528595E-5, 0.0, 0.0, 0.0, -39.361362, -20.388813, -40.24982, 5
27.737335, 49.46325, 48.414852, 37.942883, 9.0656, 49.371273, 51.952957, 18.049088
9.121756, 25.023783, 4.5913954, -70.38483, 0.0, 0.0, 0.0, 2
19.336182, 38.20704, 111.75642, 40.516273, 66.43949, 127.04548, 44.665962, 22.110638
6.9837246, 34.612103, 16.424643, -48.963253, 0.0, 0.0, 0.0, 2
50.259285, 27.969488, 124.48271, 46.935253, 71.62575, 136.35646, 34.722286, 21.89221
3.4451418, 44.79477, 31.395117, -23.810108, 0.0, 0.0, 0.0, 2
17.849823, 24.680895, 110.3604, 49.303642, 52.8293, 106.81212, 29.781832, 21.717566
0.5197966, 45.993847, 33.308113, -20.698044, 0.0, 0.0, 0.0, -1
9.843137, 26.705034, 72.3956, 49.6113, 14.922116, 9.772885, 25.222929, 21.0422
5.2580743, -30.95406, -34.86258, -34.18336, 0.0, 0.0, 0.0, 1
2.8171082, 26.659542, 62.02008, 49.121857, 6.480011, 2.5255127, 25.242863, 23.006817
4.455973, 17.891546, -8.474349, -73.63411, 0.0, 0.0, 0.0, 2
13.64328, 24.943779, 47.61316, 47.653324, 9.937317, 20.602268, 23.63566, 21.48079
9.004159, -40.45777, -29.26835, -30.273876, 0.0, 0.0, 0.0, 0
41.748417, 18.096495, 36.80368, 41.66594, 31.969788, 52.555927, 17.236414, 15.848392
4.2365484, -64.68273, -17.893381, -17.423885, 0.0, 0.0, 0.0, 0
84.03643, 15.095846, 22.474152, 35.139256, 67.314415, 92.827286, 12.802869, 11.856819
0.55027336, -76.14467, -14.625623, -9.229712, 0.0, 0.0, 0.0, -1
101.538734, 15.037664, 7.080475, 34.70899, 84.98566, 107.336205, 12.612709, 10.690357
1.0793458, -1.5985091, 50.108875, 48.292618, 0.0, 0.0, 0.0, 0
117.51326, 15.031611, 8.554321, 34.63894, 100.99407, 118.275826, 12.585262, 9.824467
5.3364234, 4.900099, 48.850918, 46.24898, 0.0, 0.0, 0.0, -1
166.4547, 18.33107, 69.36351, 34.81173, 152.92546, 155.61588, 15.906679, 12.919601
5.096822, 9.211451, 46.214195, 44.574352, 0.0, 0.0, 0.0, -1
163.42973, 23.805195, 78.285934, 35.821613, 153.05925, 150.85048, 21.492155, 20.132647
1.7249435, 12.355387, 44.41816, 43.226456, 0.0, 0.0, 0.0, -1
159.10706, 24.673286, 75.67128, 36.057507, 149.16862, 147.04259, 22.498726, 21.083843
0.42634222, 7.486485, 46.337646, 46.17587, 0.0, 0.0, 0.0, -1
10.979647, 12.655094, 112.69819, 31.257906, 142.444, 147.88037, 5.886229, 7.35418
0.0029689732, 0.0, 0.0, 0.0, 7.826784, -26.195536, 65.977684, 4
106.330795, 11.901741, 152.49438, 31.25676, 157.69577, 106.056046, 5.5721917, 4.206096
6.203822, -14.39607, 24.079311, 61.524616, 0.0, 0.0, 0.0, 0
171.22438, 12.90605, 84.103226, 30.725264, 151.39397, 142.15724, 11.045072, 5.456185
8.398985, -11.311098, 43.174778, 45.514122, 0.0, 0.0, 0.0, 0
165.66115, 16.44477, 81.61525, 29.803535, 148.18158, 151.87901, 15.068429, 10.302363
6.886046, -6.1778054, 46.32463, 47.497562, 0.0, 0.0, 0.0, 0
159.28374, 25.127695, 88.022766, 29.438065, 149.12634, 152.77313, 22.862873, 19.687016
0.6802647, 6.7132025, 45.67962, 47.607178, 0.0, 0.0, 0.0, -1
5.6487465, 49.520218, 77.06427, 43.729057, 70.2081, 47.57776, 25.059715, 42.207706
9.228032, 9.431334, -6.380047, -84.18862, 0.0, 0.0, 0.0, 2
10.381424, 35.44243, 97.241875, 44.367714, 98.994026, 81.075066, 25.177153, 34.37234
6.5361004, 15.906355, 9.006586, -75.08706, 0.0, 0.0, 0.0, 2
20.33025, 24.528427, 108.83118, 47.66567, 110.67276, 52.69943, 22.34967, 24.686237
1.0373837, 30.267149, -3.1082036, -66.62465, 0.0, 0.0, 0.0, 2
4.858328, 23.61612, 92.110504, 47.965168, 91.8732, 33.43622, 21.756245, 23.724955
0.30167875, 29.053656, -6.456419, -64.48992, 0.0, 0.0, 0.0, -1
70.11007, 1.5777959, 13.751221, 32.408047, 51.87439, 34.506073, 3.5558622, 6.3899813
5.6887712, -26.035849, 37.478085, 36.486073, 0.0, 0.0, 0.0, 0
26.597137, 2.0118997, 42.16028, 31.623043, 21.285645, 7.7394104, 4.2030826, 6.2505155
0.31749362, -28.893269, 44.241394, 26.86534, 0.0, 0.0, 0.0, -1
4.4577637, 2.390384, 50.966034, 31.50543, 10.039307, 3.3501282, 4.07237, 6.22227
0.0037212258, 0.0, 0.0, 0.0, -40.345436, 22.421831, 37.232735, 3
14.252777, 2.2534246, 48.07733, 31.50447, 11.955902, 6.0803833, 3.7657602, 5.8107505
0.49568275, -60.351032, 34.71194, 4.9370303, 0.0, 0.0, 0.0, -1
9.116211, 2.174017, 32.34482, 31.504078, 27.10379, 6.2489624, 3.6271908, 5.8150253
3.2583737, -40.194744, 34.27665, 25.528606, 0.0, 0.0, 0.0, 0
102.40314, 3.0608761, 49.870728, 30.227663, 109.61682, 90.55017, 4.5848155, 6.222866
9.30919, -17.377796, 40.505215, 42.11699, 0.0, 0.0, 0.0, 0
151.3382, 7.7950773, 66.654144, 26.852669, 147.11372, 133.20721, 9.261884, 9.517077
9.2900715, -7.408669, 45.546894, 47.044437, 0.0, 0.0, 0.0, 0
166.72536, 14.564845, 86.673645, 24.542627, 160.4287, 153.31488, 16.163494, 15.777916
4.8256426, 13.072417, 44.875595, 42.051983, 0.0, 0.0, 0.0, -1
67.64373, 25.40567, 5.875519, 25.795689, 62.47961, 57.277794, 23.52714, 23.62427
0.0, 0.0, 0.0, 0.0, 40.470196, -15.966606, -43.563198, 5
115.51079, 30.206745, 96.855606, 16.04948, 110.32434, 176.01508, 22.083115, 5.405685
10.459795, -50.91815, -5.06927, -44.01258, 0.0, 0.0, 0.0, 0
48.303375, 10.881968, 26.591537, 9.256944, 65.81235, 115.02263, 4.0111847, 3.662497
9.260811, -28.196795, 62.026894, -9.776301, 0.0, 0.0, 0.0, 0
76.57033, 7.2668347, 47.319626, 4.425425, 138.95955, 131.59299, 4.84124, 7.697684
9.300325, 32.082264, 41.75019, 26.167545, 0.0, 0.0, 0.0, -1
152.31023, 12.768065, 168.03079, 10.215686, 172.9993, 162.62866, 16.770134, 13.55595
7.7970777, 32.934284, 34.775726, 32.28999, 0.0, 0.0, 0.0, -1
154.36185, 20.896618, 154.18457, 17.427101, 167.01788, 163.0653, 23.995565, 19.606272
4.214375, 31.704107, 34.90323, 33.392662, 0.0, 0.0, 0.0, -1
158.4825, 24.220001, 167.38962, 22.441439, 174.10463, 165.5704, 24.056936, 23.175358
2.0589643, 31.314754, 35.22992, 33.455326, 0.0, 0.0, 0.0, -1
138.98782, 25.00574, 147.62886, 23.252916, 153.63069, 145.86292, 23.779274, 23.983105
0.4792003, 30.175663, 35.433968, 34.39037, 0.0, 0.0, 0.0, -1
107.75844, 25.398043, 116.27225, 23.65733, 121.644775, 114.531815, 23.637218, 24.385773
0.011595547, 0.0, 0.0, 0.0, -40.00067, -20.000137, -39.999195, 3
44.764053, 25.437624, 53.26521, 23.698088, 58.520412, 51.527317, 23.569698, 24.426365
3.0362743E-4, 0.0, 0.0, 0.0, -40.000153, -20.000011, -39.999832, 3
4.862131, 25.43757, 13.36302, 23.698088, 18.623974, 11.625128, 23.571346, 24.426365
0.43216223, -34.047398, -34.299004, -31.653599, 0.0, 0.0, 0.0, -1
4.862131, 25.43757, 13.36302, 23.698088, 18.623974, 11.625128, 23.571346, 24.426365
1.9723142, -34.293713, -34.74029, -30.965992, 0.0, 0.0, 0.0, 1
4.862131, 25.43757, 13.36302, 23.698088, 18.623974, 11.625128, 23.571346, 24.426365
3.818175, -34.35682, -34.85257, -30.790611, 0.0, 0.0, 0.0, 1
4.862131, 25.43757, 13.36302, 23.698088, 18.623974, 11.625128, 23.571346, 24.426365
5.66552, -34.425396, -34.980774, -30.593836, 0.0, 0.0, 0.0, 1
4.862131, 25.43757, 13.36302, 23.698088, 18.623974, 11.625128, 23.571346, 24.426365
7.5109973, -34.499016, -35.127457, -30.37353, 0.0, 0.0, 0.0, 1
4.241926, 25.335062, 4.2864065, 23.586817, 9.57213, 2.5443192, 23.455866, 24.316689
9.328751, -34.90276, -36.245296, -28.851942, 0.0, 0.0, 0.0, 1
44.470898, 18.337753, 34.174618, 15.691185, 26.408157, 36.036522, 15.071779, 16.579
8.529752, -30.269814, -45.938988, -23.791197, 0.0, 0.0, 0.0, 1
82.24509, 13.945968, 79.60319, 9.948895, 73.1722, 78.3279, 8.020662, 10.953347
3.3393583, 38.353275, 32.02297, 29.623756, 0.0, 0.0, 0.0, -1
98.67368, 14.381523, 102.868546, 10.448791, 102.83388, 99.6452, 8.275705, 11.279449
0.6115871, 37.09044, 34.993103, 27.916454, 0.0, 0.0, 0.0, -1
70.81503, 14.653725, 76.20639, 10.797351, 77.39029, 72.73657, 8.633435, 11.574968
1.6066644E-4, 0.0, 0.0, 0.0, -57.590466, -18.089165, -24.32037, 3
23.574608, 14.654194, 28.965767, 10.79782, 30.149567, 25.496094, 8.633904, 11.5754385
4.313217, -39.65429, -27.741205, -32.604504, 0.0, 0.0, 0.0, 0
39.183235, 14.654172, 33.792084, 10.79782, 32.608284, 37.26174, 8.633904, 11.575429
8.957908, 13.51783, 75.85684, -10.62533, 0.0, 0.0, 0.0, 2
60.547928, 14.261676, 57.024254, 10.297326, 57.745613, 60.093384, 8.127289, 11.153705
9.254951, 34.846146, 39.95524, 25.198614, 0.0, 0.0, 0.0, -1
139.23123, 23.785917, 144.59047, 21.918146, 153.89833, 146.39677, 21.731977, 22.66921
3.0147762, 29.070616, 35.998486, 34.9309, 0.0, 0.0, 0.0, -1
140.47163, 24.528236, 149.2442, 22.73226, 154.72849, 147.45863, 22.58136, 23.47029
1.3616204, 30.606703, 35.972717, 33.420578, 0.0, 0.0, 0.0, -1
113.112785, 25.13224, 121.719215, 23.390974, 127.049545, 119.95849, 23.266548, 24.119032
0.29121703, 34.242775, 34.64763, 31.109598, 0.0, 0.0, 0.0, -1
19.27818, 25.375713, 27.818525, 23.655546, 33.089256, 26.06794, 23.54123, 24.379751
6.5768225E-4, 0.0, 0.0, 0.0, -39.996468, -20.009214, -39.994316, 3
4.964714, 25.375656, 13.504755, 23.655546, 18.775488, 11.754169, 23.54123, 24.379751
2.7093713, -33.842888, -33.902504, -32.25461, 0.0, 0.0, 0.0, 1
9.431641, 6.613027, 112.21115, 40.635998, 70.45889, 107.62216, 5.9431067, 4.7685194
0.56650996, 36.354828, 18.51512, -45.130054, 0.0, 0.0, 0.0, -1
4.8583527, 6.596908, 118.518036, 40.636204, 79.24997, 113.93329, 5.933132, 4.7686934
1.1328503, 34.83555, 22.488316, -42.676136, 0.0, 0.0, 0.0, 2
8.389404, 5.3735766, 115.96095, 41.013474, 89.53018, 115.84679, 5.6072865, 5.1286917
0.58986425, 34.423855, 25.832096, -39.74405, 0.0, 0.0, 0.0, -1
12.036163, 4.7800465, 132.21725, 41.347767, 107.37581, 136.95596, 5.5354238, 4.0618567
0.090411626, 0.0, 0.0, 0.0, 13.121435, 9.404341, 77.47423, -1
32.201073, 4.6182632, 148.08575, 41.40823, 117.73284, 147.24829, 5.198198, 2.8681033
9.0618175E-4, 0.0, 0.0, 0.0, -27.232903, -7.164604, 65.60249, 3
91.8657, 4.4959874, 164.83167, 41.408115, 151.82507, 176.31561, 5.083314, 3.313995
0.5926583, -36.93081, 4.5337467, 58.535446, 0.0, 0.0, 0.0, -1
111.92467, 4.529729, 149.13489, 41.408077, 167.44644, 161.20624, 5.31585, 3.6564553
3.3591354, -28.483986, 20.213531, 51.302483, 0.0, 0.0, 0.0, 0
179.55792, 13.559793, 80.38484, 37.799255, 159.1686, 159.90848, 12.8073845, 11.228793
7.6422687, -12.997763, 43.715027, 43.28721, 0.0, 0.0, 0.0, 0
177.38136, 18.399506, 89.100494, 36.83256, 164.95245, 167.68799, 17.62539, 16.25043
5.1487317, -9.661763, 44.841663, 45.49657, 0.0, 0.0, 0.0, 0
177.05576, 20.695324, 92.73555, 36.669464, 167.41992, 170.6347, 19.48614, 18.373346
2.6655688, 1.7555594, 48.76058, 49.483864, 0.0, 0.0, 0.0, -1
124.843216, 23.756687, 149.57872, 36.734432, 138.9639, 135.60641, 22.627037, 21.710398
0.040180128, 0.0, 0.0, 0.0, -24.529602, -25.032806, -50.43759, 5
61.676376, 23.79455, 147.19403, 36.737164, 75.14967, 72.02568, 22.477707, 21.42713
0.0042007887, 0.0, 0.0, 0.0, -39.49299, -20.047523, -40.459488, 5
114.80727, 18.407461, 18.868088, 25.261194, 1.1148071, 18.435394, 4.9471135, 5.0528574
0.62584805, 12.828331, 25.75489, -61.416782, 0.0, 0.0, 0.0, -1
39.486244, 38.397972, 170.86885, 21.07135, 157.75943, 80.65178, 25.97776, 22.09685
9.298645, 44.299244, 26.450306, -29.250446, 0.0, 0.0, 0.0, 2
50.441116, 32.47882, 174.11395, 32.035732, 155.71227, 108.87196, 29.161398, 23.104149
8.549867, 45.178646, 34.32429, -20.497066, 0.0, 0.0, 0.0, 2
30.871834, 24.94686, 124.039955, 49.748722, 94.678795, 148.18604, 30.612198, 18.227736
0.06732656, 0.0, 0.0, 0.0, -36.05409, -31.36836, -32.577553, 3
95.12982, 29.89458, 14.359329, 19.960665, 87.22121, 16.190231, 4.2610183, 2.0840042
4.82761, 23.25905, 35.46331, -41.277637, 0.0, 0.0, 0.0, 2
0.7564392, 17.113338, 125.55638, 22.439484, 171.4621, 141.35593, 9.263993, 4.5792093
0.4033113, 24.910053, 36.296494, -38.79345, 0.0, 0.0, 0.0, -1
14.994694, 16.143097, 142.00992, 22.673767, 173.32544, 146.85472, 9.06315, 3.7658715
0.027561642, 0.0, 0.0, 0.0, -2.9970593, -11.567139, 85.43581, 4
30.805801, 15.518981, 157.87132, 22.691103, 159.77016, 141.8982, 7.6611395, 2.9861314
0.98629725, 23.80015, 6.121103, 70.07875, 0.0, 0.0, 0.0, -1
46.508507, 14.919214, 173.57376, 22.691103, 147.42166, 128.37955, 6.2539897, 2.798242
6.357645, 16.354141, 37.860756, 45.785103, 0.0, 0.0, 0.0, -1
158.10336, 23.311745, 127.841736, 27.231894, 179.48291, 169.79872, 21.892088, 21.158613
2.4883997, 23.146276, 38.528103, 38.32562, 0.0, 0.0, 0.0, -1
106.39786, 25.379477, 175.39, 28.46037, 120.780106, 117.1623, 25.140436, 23.302814
0.032898646, 0.0, 0.0, 0.0, -40.005123, -20.019245, -39.97563, 3
11.272652, 25.410294, 80.19165, 28.480724, 26.076965, 22.02501, 24.15919, 23.334467
6.6436615, -29.48296, -37.958015, -32.55902, 0.0, 0.0, 0.0, 1
44.474297, 14.296569, 61.72148, 20.83962, 25.550323, 33.372795, 11.663991, 11.463198
9.07041, -30.824148, -49.94499, -19.230865, 0.0, 0.0, 0.0, 1
70.01787, 10.467195, 75.90437, 18.488184, 44.393707, 58.906082, 6.8590555, 7.1602883
9.307272, -19.31621, 31.242592, 49.4412, 0.0, 0.0, 0.0, 0
82.70557, 9.730892, 81.47731, 17.994194, 58.12932, 75.63091, 5.4618673, 6.292878
9.287764, 14.481958, 45.733444, 39.7846, 0.0, 0.0, 0.0, -1
141.08, 13.499773, 111.05913, 18.438822, 150.53114, 147.25716, 8.974198, 11.115969
8.061241, 20.674774, 40.520645, 38.80458, 0.0, 0.0, 0.0, -1
123.63512, 25.88198, 178.16069, 25.51105, 133.05537, 130.19743, 23.523413, 24.705431
0.38906923, 30.083216, 35.10998, 34.8068, 0.0, 0.0, 0.0, -1
92.15953, 26.058552, 149.97987, 25.64486, 101.316635, 98.57973, 23.821575, 24.909485
0.0016774744, 0.0, 0.0, 0.0, -39.97507, -20.051497, -39.97343, 3
1.5981812, 30.622906, 63.626316, 56.81536, 24.690859, 47.66321, 65.75066, 55.08088
6.887278, -38.44867, -38.476322, -23.07501, 0.0, 0.0, 0.0, 1
18.471886, 30.647297, 47.84082, 56.81536, 8.599274, 31.05606, 64.34711, 53.83277
6.617263, -39.86512, -39.75045, -20.384426, 0.0, 0.0, 0.0, 0
45.91488, 26.841986, 34.564545, 50.23349, 11.457611, 11.258179, 52.50445, 42.197517
3.1018107, -42.422115, -41.603832, -15.974048, 0.0, 0.0, 0.0, 0
39.444946, 25.044516, 52.05719, 45.940376, 2.0795288, 18.255249, 41.708294, 32.095272
0.52561164, -43.504333, -41.9454, -14.550265, 0.0, 0.0, 0.0, -1
5.9397793, 11.30303, 82.225655, 35.369003, 91.54273, 52.245644, 4.5875807, 5.7436795
0.0021649427, 0.0, 0.0, 0.0, -39.062946, 4.0025096, 56.93454, 3
52.787407, 10.70546, 35.104767, 35.368156, 13.264893, 5.12265, 2.5656822, 5.744267
5.1682277, -25.429607, 30.671194, 43.8992, 0.0, 0.0, 0.0, 0
137.91028, 14.039609, 61.21376, 32.952396, 138.23868, 139.14174, 9.848729, 9.22731
8.613246, -11.543774, 43.438778, 45.017445, 0.0, 0.0, 0.0, 0
143.19568, 18.34373, 66.146515, 30.767279, 143.33923, 134.2343, 15.066865, 15.844917
6.415766, -7.258869, 45.333385, 47.407745, 0.0, 0.0, 0.0, 0
148.60017, 21.860891, 73.33652, 29.708582, 139.44423, 138.04176, 17.08778, 19.164423
3.8012507, -4.6696568, 46.66354, 48.666805, 0.0, 0.0, 0.0, 0
151.46208, 24.328878, 78.565216, 29.275894, 140.06369, 140.06247, 20.193832, 22.371475
1.1591098, -5.441997, 45.061066, 49.496933, 0.0, 0.0, 0.0, 0
127.13133, 25.044817, 55.038757, 29.196798, 116.051544, 116.13132, 21.129744, 23.014296
0.30588228, -0.81991667, 47.506027, 51.67405, 0.0, 0.0, 0.0, -1
96.081314, 25.37848, 24.372223, 29.16321, 84.94247, 85.29489, 21.742397, 23.327768
0.009281221, 0.0, 0.0, 0.0, 23.683838, -22.962479, -53.353683, 5
64.56612, 25.390913, 7.1292114, 29.1613, 53.246567, 53.696228, 22.037567, 23.620735
0.0023666867, 0.0, 0.0, 0.0, 41.717926, -16.567383, -41.71469, -1
33.024715, 25.391003, 38.671192, 29.160892, 21.748247, 22.367905, 22.217913, 23.788366
0.0011324512, 0.0, 0.0, 0.0, 44.449394, -10.809645, -44.740963, 5
9.844772, 33.08445, 64.30409, 29.158518, 13.809769, 14.522528, 23.911772, 26.396517
5.7433968, -27.444538, -36.506893, -36.04857, 0.0, 0.0, 0.0, 1
8.165995, 32.771706, 48.025215, 26.748928, 12.847496, 5.167677, 25.802198, 25.311049
9.235024, -23.795523, -37.980217, -38.224262, 0.0, 0.0, 0.0, 2
9.594821, 28.790789, 56.406796, 22.982244, 13.310044, 6.078747, 22.946795, 21.812117
9.35118, -18.060987, -41.064983, -40.87403, 0.0, 0.0, 0.0, 1
11.35524, 24.848461, 67.860535, 19.966446, 15.715826, 7.235737, 19.711065, 18.209768
9.2502365, -12.966021, -43.10097, -43.93301, 0.0, 0.0, 0.0, 2
15.166654, 20.825361, 81.59674, 18.052074, 20.498947, 10.105432, 16.01223, 14.557294
9.299613, -7.5054884, -43.217308, -49.277203, 0.0, 0.0, 0.0, 2
38.023838, 16.31681, 84.51056, 16.850086, 47.33264, 30.044455, 11.121545, 11.348407
9.302381, 36.826744, -4.4398904, -58.733368, 0.0, 0.0, 0.0, 2
58.69992, 11.309844, 104.99544, 16.84874, 85.0533, 56.051838, 8.847777, 6.652319
6.615507, 14.806585, 52.103786, 33.089626, 0.0, 0.0, 0.0, -1
156.97253, 13.748843, 101.78204, 19.855024, 177.861, 176.14775, 17.02402, 11.384949
0.4053713, 15.304178, 45.84053, 38.855293, 0.0, 0.0, 0.0, -1
173.45844, 14.078161, 87.09317, 19.97935, 162.87921, 167.78969, 16.904627, 11.75696
0.026762119, 0.0, 0.0, 0.0, -42.81063, -21.434256, -35.755116, 3
170.72842, 14.10137, 71.405365, 19.988401, 144.98915, 152.00401, 16.663618, 11.78307
0.0, 0.0, 0.0, 0.0, -28.809565, -24.223999, -46.96644, 5
139.27463, 14.101046, 39.951813, 19.988401, 112.74516, 120.54628, 16.57118, 11.782573
5.416978, -25.024927, -47.021355, -27.95372, 0.0, 0.0, 0.0, 1
73.39264, 9.181012, 59.799286, 18.164625, 37.17238, 42.06633, 12.481376, 7.556522
9.215682, -28.835297, -52.057404, 19.107298, 0.0, 0.0, 0.0, 1
88.6158, 7.8946676, 65.45293, 17.458551, 49.37165, 53.259796, 10.543115, 5.8964877
9.272808, -14.340107, 11.272152, 74.38774, 0.0, 0.0, 0.0, 0
124.40877, 7.000255, 77.526825, 16.53649, 87.43199, 100.57022, 8.459101, 4.27314
9.340069, 8.989188, 42.29948, 48.711327, 0.0, 0.0, 0.0, -1
161.19002, 15.628709, 118.78908, 17.809864, 162.65776, 165.88493, 17.203568, 13.245498
5.8814063, 27.713528, 36.451744, 35.834724, 0.0, 0.0, 0.0, -1
111.8824, 24.581034, 164.425, 23.7612, 117.38789, 118.6779, 26.210857, 23.227486
0.015553979, 0.0, 0.0, 0.0, -40.006813, -19.998436, -39.99475, 3
1.0640564, 13.980846, 86.07712, 43.260777, 110.25134, 125.546295, 5.9130282, 6.0419326
2.8635898, 29.445114, 42.754868, -27.800018, 0.0, 0.0, 0.0, 2
13.74762, 10.675265, 72.622925, 45.93659, 48.14456, 69.12335, 3.0942724, 1.7473528
0.33708698, -50.0, 39.207157, -10.792843, 0.0, 0.0, 0.0, -1
14.617462, 10.658055, 41.464355, 46.121136, 7.3171234, 9.030426, 4.1067233, 2.5092936
4.9776573, -39.4209, 36.89656, 23.68254, 0.0, 0.0, 0.0, 0
101.99661, 10.463506, 39.648315, 44.67497, 101.51807, 125.965, 8.789626, 6.063729
9.224439, -25.192074, 39.731865, 35.07606, 0.0, 0.0, 0.0, 0
146.69713, 20.741417, 62.225983, 36.262882, 132.68504, 151.89297, 19.668915, 15.836451
2.9659119, -15.516493, 41.35965, 43.12386, 0.0, 0.0, 0.0, 0
143.1693, 23.826466, 59.73416, 35.01291, 131.29082, 135.19914, 22.137009, 17.765474
0.45276, -15.036996, 40.477448, 44.485558, 0.0, 0.0, 0.0, -1
81.803955, 23.73936, 2.2822876, 34.79152, 70.1483, 66.902176, 22.616276, 19.728048
0.0021134703, 0.0, 0.0, 0.0, 42.93225, -14.745622, -42.32213, -1
19.188583, 23.607744, 65.10208, 34.790714, 8.632996, 4.8354187, 22.167418, 19.966139
0.0021326274, 0.0, 0.0, 0.0, 50.354164, 2.9441812, -46.701653, 5
4.9037323, 17.670244, 87.16835, 16.411486, 82.10089, 94.42584, 4.1733146, 2.7542708
1.0070376, 20.233103, 26.250866, -53.51603, 0.0, 0.0, 0.0, 2
4.832382, 17.123405, 91.66409, 16.411678, 86.87863, 99.35272, 4.182555, 2.7691584
12.231612, -55.874306, 27.994337, 16.13136, 0.0, 0.0, 0.0, 0
49.36885, 2.9673777, 53.28517, 7.7807503, 79.50185, 132.85457, 7.4670377, 8.276779
8.431947, -14.074, 53.74241, 32.183594, 0.0, 0.0, 0.0, 0
86.45968, 1.9870889, 57.04013, 6.7165446, 99.50979, 146.36627, 7.552538, 8.172951
9.2066145, 20.316021, 41.561028, 38.12295, 0.0, 0.0, 0.0, -1
170.68271, 24.474043, 169.8459, 21.544445, 178.02023, 178.40157, 25.768524, 22.832779
0.95772547, 32.804688, 33.789032, 33.406277, 0.0, 0.0, 0.0, -1
77.29832, 25.429197, 95.96871, 22.47011, 87.7281, 84.71854, 25.780977, 23.788727
0.0, 0.0, 0.0, 0.0, -39.957924, -20.061497, -39.980576, 5
45.729546, 25.429197, 64.39994, 22.47011, 55.392628, 53.15002, 25.785526, 23.788683
0.0, 0.0, 0.0, 0.0, -39.650757, -19.986887, -40.36236, 5
4.8881893, 25.429197, 23.558586, 22.47011, 13.255304, 12.308958, 25.629333, 23.788637
0.49397054, -34.81128, -33.61975, -31.568972, 0.0, 0.0, 0.0, -1
4.8881893, 25.429197, 23.558586, 22.47011, 13.052485, 12.308958, 25.474846, 23.788637
5.9679475, -34.793354, -33.754528, -31.452116, 0.0, 0.0, 0.0, 0
21.474533, 21.27473, 2.428957, 20.136547, 12.557647, 11.349458, 21.530241, 19.987326
9.291285, -34.52959, -34.297935, -31.172472, 0.0, 0.0, 0.0, 0
25.432562, 18.789928, 2.141601, 18.289188, 14.780088, 13.864672, 19.460531, 17.82042
9.2811165, -34.216274, -34.867138, -30.916592, 0.0, 0.0, 0.0, 1
36.81711, 11.254795, 10.072386, 12.69055, 17.90614, 17.761463, 13.234374, 11.546597
6.258029, -34.20758, -43.129513, -22.6629, 0.0, 0.0, 0.0, 1
74.2797, 4.764758, 27.333746, 7.8435073, 14.189999, 21.46123, 7.15188, 5.28126
3.5586338, 6.041303, -71.09264, -22.866047, 0.0, 0.0, 0.0, 1
106.07946, 3.2839208, 54.427895, 6.226304, 5.0453224, 4.2341824, 4.431658, 2.5966647
4.4219956, 81.89731, 16.913977, 1.1887136, 0.0, 0.0, 0.0, -1
98.107185, 3.4629836, 73.91076, 5.940141, 25.524397, 18.0777, 3.7598736, 1.9292051
7.5495257, 28.485151, 32.748657, 38.76619, 0.0, 0.0, 0.0, -1
178.20505, 6.911007, 107.249954, 8.985726, 125.06816, 143.64485, 5.5774817, 6.6670046
9.258169, 24.876537, 36.84264, 38.280823, 0.0, 0.0, 0.0, -1
178.79065, 12.427232, 135.27989, 11.514061, 158.05943, 163.63884, 9.794307, 11.388258
8.340045, 24.959717, 37.437366, 37.602917, 0.0, 0.0, 0.0, -1
114.73029, 25.307854, 136.22607, 22.146912, 122.3231, 123.26537, 22.566925, 24.109604
0.0020552902, 0.0, 0.0, 0.0, -39.98185, -20.03572, -39.982433, 5
83.11135, 25.307753, 104.6072, 22.1468, 90.60073, 91.52578, 22.58499, 24.108004
0.0024672893, 0.0, 0.0, 0.0, -39.975227, -20.048223, -39.976547, 5
20.075684, 25.306887, 41.57231, 22.145842, 27.731262, 28.479172, 22.544397, 24.108587
0.0011509468, 0.0, 0.0, 0.0, -4.723153, -27.829721, -67.44713, 5
47.61761, 5.2774444, 39.88501, 50.00119, 42.195404, 30.285492, 4.385083, 5.5905123
0.002605755, 0.0, 0.0, 0.0, 41.277878, 21.945343, -36.77678, 5
4.9641438, 5.064275, 88.47461, 50.0006, 99.64761, 81.619934, 4.315022, 4.9750304
7.8661944E-4, 0.0, 0.0, 0.0, -39.889378, -18.547586, 41.563034, 3
38.92929, 4.9927483, 51.826874, 49.999588, 65.11441, 37.18048, 4.853494, 4.951823
0.0, 0.0, 0.0, 0.0, -21.8396, 9.22027, 68.94013, 3
54.71263, 4.9928913, 36.067627, 49.999588, 49.355225, 17.680664, 4.853823, 5.0622663
5.17135, -35.482346, 3.4019828, 61.11567, 0.0, 0.0, 0.0, 0
139.16841, 5.967383, 44.056, 49.275623, 44.987244, 90.52045, 3.9879286, 6.1824803
9.1639805, -19.742052, 35.023388, 45.234562, 0.0, 0.0, 0.0, 0
169.02672, 18.49024, 73.55667, 42.74046, 154.37161, 150.76282, 16.9419, 19.432068
3.4312258, -5.6674824, 46.261395, 48.071125, 0.0, 0.0, 0.0, 0
75.53795, 22.876991, 15.370361, 41.98646, 63.322357, 57.70746, 21.246885, 22.01257
3.6001205E-5, 0.0, 0.0, 0.0, 45.113655, -11.53628, -43.350063, -1
12.554924, 22.876303, 78.35297, 41.98645, 0.34332275, 4.971245, 21.240854, 21.442604
3.2424927E-5, 0.0, 0.0, 0.0, 49.070583, 16.397846, -34.531567, 5
73.21869, 13.927535, 26.002655, 33.186737, 26.92624, 24.319824, 7.414525, 4.88959
2.2954936, -8.329134, -18.509779, -73.16109, 0.0, 0.0, 0.0, 2
10.736618, 12.696899, 95.89489, 32.35861, 78.97982, 104.724205, 6.852804, 4.129259
1.2807137, 7.3684244, 15.20404, -77.427536, 0.0, 0.0, 0.0, 2
6.9192276, 9.661586, 101.877914, 32.535545, 106.189224, 116.6198, 6.8969827, 4.5476246
0.16221674, 16.13663, 26.416906, -57.44646, 0.0, 0.0, 0.0, -1
22.38092, 8.9725685, 86.40618, 32.576183, 91.710014, 102.62307, 6.950717, 4.62899
0.0018156723, 0.0, 0.0, 0.0, -41.219482, -23.073606, 35.70691, 3
49.616047, 8.5343075, 55.02286, 32.5767, 60.326572, 71.224884, 6.9513597, 4.6297364
0.001919729, 0.0, 0.0, 0.0, -25.760937, -26.185352, 48.053715, 4
61.684345, 8.271226, 39.30359, 32.576984, 44.60614, 55.496765, 6.951664, 4.6301093
0.6160974, -23.470423, -30.231615, 46.297962, 0.0, 0.0, 0.0, -1
73.49354, 8.041731, 23.581116, 32.577377, 28.88327, 39.766235, 6.952112, 4.6306024
6.145115, -30.302385, -5.5747375, 64.12288, 0.0, 0.0, 0.0, 0
140.81877, 9.602797, 59.41255, 31.462381, 71.2946, 89.91084, 5.956366, 3.0396073
9.293922, -17.00037, 38.001984, 44.997646, 0.0, 0.0, 0.0, 0
151.1553, 21.885187, 81.68805, 27.334986, 139.89539, 149.55681, 19.380795, 16.692652
3.695638, 7.0791616, 45.7028, 47.218037, 0.0, 0.0, 0.0, -1
48.89734, 3.2354624, 38.98062, 39.893974, 26.49057, 54.439056, 4.911017, 5.407895
0.5610317, -48.544807, -39.289696, -12.165495, 0.0, 0.0, 0.0, -1
32.3909, 3.0598338, 10.183411, 39.525707, 6.9599, 25.989868, 4.8932986, 5.617489
0.012443326, 0.0, 0.0, 0.0, 42.034267, 6.085448, 51.880283, -1
16.772308, 3.0586455, 5.629181, 39.520386, 8.754974, 7.125305, 4.887464, 5.766382
3.4491994, -57.350235, -24.489294, 18.160471, 0.0, 0.0, 0.0, 0
31.302673, 3.406384, 5.5795593, 39.52041, 1.7495422, 13.016693, 5.2376413, 6.298961
7.1233563, -53.184933, 3.4823456, 43.332726, 0.0, 0.0, 0.0, 0
46.24907, 3.5901673, 21.41153, 39.520428, 13.074707, 29.240936, 5.568576, 6.6425023
8.963855, -44.620243, 11.988804, 43.390953, 0.0, 0.0, 0.0, 0
84.65854, 3.660495, 39.069, 38.603893, 41.276215, 57.881073, 4.9288383, 6.421278
9.2568245, -26.397097, 28.367004, 45.235897, 0.0, 0.0, 0.0, 0
145.21423, 20.176226, 67.23537, 32.162685, 132.2274, 128.83464, 19.956512, 21.516857
0.40872726, 4.891052, 46.49958, 48.60937, 0.0, 0.0, 0.0, -1
113.871735, 19.931578, 36.457916, 32.200985, 100.80875, 97.08031, 19.97317, 21.620062
0.0045215352, 0.0, 0.0, 0.0, 31.725342, -18.277245, -49.997414, 5
19.44455, 18.14969, 57.945404, 31.966333, 5.4884796, 0.6452942, 19.021568, 20.925547
4.9508375E-4, 0.0, 0.0, 0.0, -37.22543, 15.200607, 47.57396, 3
48.722046, 14.580614, 28.66719, 32.202755, 32.69124, 26.428696, 17.05225, 19.843563
5.0083365, -20.385862, 34.672626, 44.941513, 0.0, 0.0, 0.0, 0
147.25652, 15.881126, 67.576614, 30.233168, 131.06693, 138.69083, 18.266743, 20.14083
6.842801, -11.477988, 41.279987, 47.242023, 0.0, 0.0, 0.0, 0
152.55164, 18.037008, 74.4754, 29.338943, 137.90535, 144.09708, 20.392372, 23.220276
3.4893825, -2.997026, 46.983833, 50.019146, 0.0, 0.0, 0.0, 0
157.8093, 19.885416, 84.61929, 28.84508, 144.9413, 154.22229, 22.962763, 25.460701
1.261975, 0.7833357, 48.678135, 50.53853, 0.0, 0.0, 0.0, -1
138.63315, 20.072401, 66.385254, 28.851057, 125.987335, 136.15268, 23.329664, 25.673931
0.44515604, 1.4428569, 48.476406, 50.080734, 0.0, 0.0, 0.0, -1
107.38664, 19.867327, 35.618195, 28.862577, 94.79393, 105.209274, 23.34493, 25.762838
0.03729518, 0.0, 0.0, 0.0, 16.98786, -27.284168, -55.72797, 5
53.53611, 8.088197, 55.985153, 23.339314, 8.104752, 43.673798, 5.0663304, 3.0318146
0.54632527, 31.007532, -8.703531, -60.288937, 0.0, 0.0, 0.0, -1
37.881134, 8.088198, 71.640076, 23.339314, 11.353821, 69.38127, 5.1373763, 3.391202
4.9976864, 31.411829, 25.483942, -43.10422, 0.0, 0.0, 0.0, 2
22.936989, 3.239381, 99.173225, 25.143965, 79.61051, 124.22231, 5.0127583, 6.1120286
7.2276115, 34.840855, 51.83795, 13.3211975, 0.0, 0.0, 0.0, -1
4.92395, 6.9698186, 135.93462, 26.622147, 139.88687, 133.15912, 4.2018914, 5.690623
4.1001534, 15.466521, 43.25794, -41.275536, 0.0, 0.0, 0.0, 2
4.92395, 6.9698186, 135.93462, 26.622147, 140.062, 133.42674, 4.1803603, 5.671392
8.042945, -7.8679075, 86.11579, -6.016308, 0.0, 0.0, 0.0, 0
44.597816, 5.181371, 96.04938, 27.458426, 74.98157, 105.81532, 3.011403, 6.649469
8.89404, -14.123199, 42.987762, 42.889038, 0.0, 0.0, 0.0, 0
164.96762, 9.059603, 84.96275, 25.902271, 163.42316, 132.92026, 6.7285895, 7.695877
9.301945, -2.8288348, 48.68456, 48.486607, 0.0, 0.0, 0.0, 0
170.04117, 11.107887, 88.53264, 25.639889, 166.33566, 147.64264, 8.762321, 7.7706943
8.803862, 3.2703447, 48.43572, 48.293938, 0.0, 0.0, 0.0, -1
177.07425, 15.191258, 95.153564, 25.444021, 167.9902, 158.05441, 12.755361, 11.383594
7.089382, 8.108029, 45.94272, 45.94925, 0.0, 0.0, 0.0, -1
178.60574, 24.679173, 114.55792, 27.003765, 171.0794, 167.13028, 22.422598, 21.669163
1.257373, 15.773171, 41.961525, 42.265305, 0.0, 0.0, 0.0, -1
162.18207, 25.527428, 132.54276, 27.300108, 172.0672, 175.70874, 23.270344, 22.644156
0.5460251, 15.900715, 41.596622, 42.502663, 0.0, 0.0, 0.0, -1
130.60715, 25.99773, 164.9704, 27.474264, 139.99252, 143.57196, 23.791563, 23.18638
0.07521234, 0.0, 0.0, 0.0, -33.64778, -22.188656, -44.163567, 5
36.147392, 26.07209, 100.43722, 27.50154, 45.70397, 48.56832, 24.332771, 23.27333
0.0017575113, 0.0, 0.0, 0.0, -39.97587, -20.050331, -39.973797, 3
4.8599243, 5.2761793, 76.67691, 38.2896, 80.23486, 115.52428, 4.817625, 6.017847
8.5872144E-4, 0.0, 0.0, 0.0, -36.638367, -21.296963, 42.064667, 3
28.04535, 5.276327, 53.486694, 38.290047, 49.37674, 90.48349, 4.741915, 6.1140575
4.8472369E-4, 0.0, 0.0, 0.0, -19.78793, -29.026287, 51.18578, 4
43.84958, 5.2764325, 37.67926, 38.29034, 29.678406, 74.67395, 4.8575816, 6.1142564
1.3608989, -28.942194, -33.50851, 37.549297, 0.0, 0.0, 0.0, 1
59.66165, 5.276482, 21.865265, 38.290524, 9.915405, 58.858734, 5.004937, 6.114381
4.9921045, -36.681164, 0.5708525, 62.74798, 0.0, 0.0, 0.0, 0
151.63591, 17.286495, 68.95618, 32.20432, 140.83218, 156.6053, 15.226494, 12.36481
5.825795, -7.9903975, 45.98204, 46.02756, 0.0, 0.0, 0.0, 0
157.12071, 22.328568, 78.51291, 31.149208, 145.78783, 155.91272, 20.324986, 16.45172
2.8621173, -2.7466881, 47.963875, 49.289436, 0.0, 0.0, 0.0, 0
158.45178, 24.068193, 81.85947, 30.996326, 147.9513, 154.54587, 21.950989, 18.221725
1.4951375, -1.6331682, 48.42477, 49.94206, 0.0, 0.0, 0.0, 0
147.22133, 24.919538, 71.687164, 30.960413, 137.1552, 142.1572, 22.744162, 19.173288
0.6078849, -0.9275135, 48.69013, 50.38236, 0.0, 0.0, 0.0, -1
116.08395, 25.415115, 41.18338, 30.951115, 106.255554, 109.83629, 23.207842, 19.822605
0.04727446, 0.0, 0.0, 0.0, 24.66697, -23.65347, -51.679558, 5
21.50373, 25.504831, 53.281555, 30.94997, 11.714666, 12.202119, 23.291271, 20.68019
0.0024604797, 0.0, 0.0, 0.0, 46.156006, -7.7014728, -46.142517, -1
4.8803864, 8.821002, 130.39038, 18.250208, 142.45367, 120.518555, 4.05753, 3.272129
0.0, 0.0, 0.0, 0.0, 31.821384, 10.656398, 57.52222, -1
35.336548, 4.101572, 146.42738, 18.250208, 155.22472, 122.82378, 2.7992542, 2.978948
0.0, 0.0, 0.0, 0.0, -29.080284, 13.594359, 57.325356, 3
82.42113, 4.079084, 166.2945, 18.250208, 172.62692, 150.70651, 3.4654558, 3.199058
5.848068, -11.985776, 36.49861, 51.51561, 0.0, 0.0, 0.0, 0
174.6828, 6.8119264, 84.7293, 17.433035, 139.17957, 154.80914, 5.1290555, 6.0461426
9.188465, -0.5943515, 48.598087, 50.80756, 0.0, 0.0, 0.0, 0
176.67896, 8.0651655, 88.66042, 17.171724, 151.6756, 160.21921, 6.3933372, 7.603762
9.209325, 5.387256, 46.756325, 47.85642, 0.0, 0.0, 0.0, -1
175.95898, 13.013805, 102.83221, 17.332937, 160.7727, 162.26823, 12.495137, 14.122628
7.367903, 16.345318, 41.241924, 42.412758, 0.0, 0.0, 0.0, -1
169.66176, 23.028393, 123.26427, 21.815287, 161.09897, 156.9721, 22.020409, 23.46494
1.2005984, 24.085316, 37.491886, 38.4228, 0.0, 0.0, 0.0, -1
147.14587, 23.82046, 102.15982, 22.300428, 138.8864, 134.65419, 22.789333, 23.882833
0.40328947, 24.361834, 37.352665, 38.2855, 0.0, 0.0, 0.0, -1
115.65245, 24.206768, 71.33319, 22.542467, 107.53308, 103.25064, 23.164375, 23.885586
0.007365251, 0.0, 0.0, 0.0, -8.5270815, -27.371883, -64.101036, 5
21.213242, 24.222555, 23.081314, 22.55164, 13.190598, 9.279022, 23.16144, 22.905329
3.998401E-5, 0.0, 0.0, 0.0, 48.424385, -5.0805416, -46.49507, -1
73.521706, 4.164749, 115.55069, 47.92538, 117.31485, 115.44815, 47.86744, 47.0049
9.179398, -13.871214, -11.020882, 75.1079, 0.0, 0.0, 0.0, 0
155.10379, 12.070047, 85.59799, 46.571453, 89.51706, 87.8797, 39.610233, 38.469456
7.8175426, -3.1741223, 5.924835, 90.90105, 0.0, 0.0, 0.0, 0
161.1304, 17.436357, 92.85811, 46.02121, 100.83186, 99.41586, 35.403202, 34.05902
3.7403069, 6.1810393, 23.129686, 70.68927, 0.0, 0.0, 0.0, -1
114.969345, 25.263956, 154.16577, 46.4429, 179.36844, 179.28085, 28.823408, 27.228886
0.034244858, 0.0, 0.0, 0.0, -26.992804, -27.030321, -45.976875, 5
84.635735, 25.018284, 174.27814, 46.447643, 146.64062, 146.57935, 27.994139, 26.398968
0.0, 0.0, 0.0, 0.0, -39.650482, -24.49675, -35.852768, 3
24.370361, 24.479206, 111.54303, 46.447643, 80.30983, 78.18959, 26.922087, 24.900112
0.0, 0.0, 0.0, 0.0, -38.965725, -32.07403, -28.960243, 3
0.05819702, 8.701663, 89.38631, 34.571953, 108.3654, 94.35237, 4.616112, 5.6177707
0.18183585, 3.1862915, 21.430065, -75.383644, 0.0, 0.0, 0.0, -1
15.845718, 7.9841456, 73.955826, 34.580536, 89.1918, 80.44116, 3.4901388, 5.644476
0.002292071, 0.0, 0.0, 0.0, -27.490353, 0.7380804, 71.77157, 3
169.65622, 17.348248, 82.56578, 31.015022, 155.22824, 151.84612, 15.565463, 16.849504
4.3894315, 4.4348164, 47.089493, 48.47569, 0.0, 0.0, 0.0, -1
170.81064, 19.39755, 90.77042, 31.139, 157.43768, 154.11757, 18.686543, 19.965086
2.0811594, 7.062237, 45.76932, 47.16844, 0.0, 0.0, 0.0, -1
163.14198, 20.011671, 86.02011, 31.3703, 150.16997, 146.53358, 19.78378, 21.15818
0.72886246, 8.043493, 45.274803, 46.6817, 0.0, 0.0, 0.0, -1
131.88132, 19.998655, 55.699417, 31.466887, 118.94397, 115.07167, 20.026758, 21.45619
0.14499302, 8.696573, 44.97092, 46.332504, 0.0, 0.0, 0.0, -1
69.001816, 18.951849, 6.9470215, 31.492464, 55.52951, 50.993073, 19.51666, 21.109295
0.0019973228, 0.0, 0.0, 0.0, 41.482033, -17.023376, -41.49459, 5
30.634552, 15.349018, 45.296906, 31.494621, 15.181946, 8.287567, 17.609503, 19.69652
1.9767761E-4, 0.0, 0.0, 0.0, -9.166527, 30.344252, 60.48922, 3
152.02281, 18.884308, 76.64143, 28.538721, 138.06693, 144.97136, 21.150862, 23.059187
0.57178885, -6.0794654, 45.27239, 48.648148, 0.0, 0.0, 0.0, -1
121.51424, 18.525476, 46.94275, 28.43171, 107.74169, 113.51268, 21.233984, 22.838528
3.715484, -27.417337, -38.879726, -33.702934, 0.0, 0.0, 0.0, 1
74.286285, 16.73586, 0.28703308, 28.431108, 59.89308, 64.62913, 20.251465, 21.332052
8.406634, -26.722708, -41.030167, -32.247124, 0.0, 0.0, 0.0, 1
46.39765, 13.964956, 34.559402, 27.170033, 27.109116, 30.235641, 17.948992, 19.177853
9.263151, -25.876024, -46.69524, -27.428728, 0.0, 0.0, 0.0, 1
4.9553223, 5.9796143, 66.32712, 10.539208, 76.88745, 56.00357, 4.0888486, 3.1720693
0.13193665, 50.23542, 49.34346, -0.42112082, 0.0, 0.0, 0.0, -1
48.34863, 4.5224113, 59.922882, 10.670289, 104.73407, 40.661316, 1.6155953, 2.0998766
0.0, 0.0, 0.0, 0.0, 66.19063, 16.032818, -17.776552, 5
32.548264, 4.5219836, 75.72214, 10.670289, 110.26286, 43.575073, 1.7827278, 2.387837
0.0, 0.0, 0.0, 0.0, 55.381577, 21.755611, 22.86281, -1
14.735572, 4.5211864, 123.005104, 10.670289, 134.17035, 63.576393, 2.423181, 3.689707
0.0, 0.0, 0.0, 0.0, 14.332047, 29.845201, 55.822754, -1
38.532997, 4.519866, 154.38461, 10.670289, 153.78815, 93.99423, 2.8543575, 3.680848
0.0, 0.0, 0.0, 0.0, -26.972187, 23.278555, 49.74926, 3
66.79452, 4.520294, 174.0381, 10.670289, 174.2141, 121.99638, 3.2136576, 3.4049675
1.8481464, -5.435808, 41.233513, 53.330685, 0.0, 0.0, 0.0, 0
82.51581, 4.51984, 158.31738, 10.670289, 175.24515, 137.7171, 3.387247, 3.4049647
7.0113683, 8.886816, 44.72799, 46.385197, 0.0, 0.0, 0.0, -1
151.1966, 24.96255, 176.20479, 21.639757, 158.48882, 158.11867, 23.910894, 22.331398
0.44203365, 30.86895, 34.829144, 34.30191, 0.0, 0.0, 0.0, -1
119.89805, 25.365786, 151.92876, 21.997746, 126.8271, 127.09273, 24.292713, 22.705048
0.037516683, 0.0, 0.0, 0.0, -40.09698, -19.824064, -40.078957, 3
88.48659, 25.40316, 120.465576, 22.031172, 95.28436, 96.16339, 24.29464, 22.76855
0.0, 0.0, 0.0, 0.0, -40.07372, -19.85256, -40.07372, 3
56.87433, 25.40316, 88.85332, 22.031172, 63.79576, 65.12184, 24.327076, 22.842335
0.0, 0.0, 0.0, 0.0, -40.024174, -19.95165, -40.024174, 3
63.115696, 3.0813255, 70.16455, 28.358553, 86.199524, 53.457855, 2.7762113, 3.8653667
0.0010406451, 0.0, 0.0, 0.0, 48.358196, 25.890182, -25.751621, 5
15.836374, 3.080592, 117.445946, 28.35769, 130.07198, 103.714134, 3.7043285, 4.875386
3.7147012E-4, 0.0, 0.0, 0.0, 37.99109, 24.227953, 37.780956, -1
8.92239, 3.0804508, 142.20235, 28.357151, 150.81401, 130.5656, 4.468991, 4.9849906
0.0, 0.0, 0.0, 0.0, -17.98767, 14.981006, 67.03133, 3
56.25097, 3.0803282, 170.47058, 28.357151, 171.6359, 168.21173, 4.6984015, 4.458073
0.49260437, -34.30068, -14.427078, 51.272243, 0.0, 0.0, 0.0, -1
71.995415, 3.0803282, 154.72614, 28.357151, 159.92291, 179.51593, 4.782283, 4.4483566
5.1606207, -23.685608, 24.761961, 51.552433, 0.0, 0.0, 0.0, 0
107.98489, 2.9052594, 92.486664, 28.159353, 97.19641, 145.19946, 3.5266275, 2.8910294
9.332672, -11.668449, 43.609684, 44.72187, 0.0, 0.0, 0.0, 0
158.23128, 24.695528, 130.83466, 28.250454, 169.21274, 168.2697, 23.099602, 21.564962
0.34760657, 15.518953, 42.294506, 42.186543, 0.0, 0.0, 0.0, -1
63.427307, 25.043928, 133.67781, 28.376972, 73.98581, 74.85639, 23.444006, 21.888006
0.002452319, 0.0, 0.0, 0.0, -39.990013, -20.016508, -39.99348, 5
31.793406, 25.043432, 102.04492, 28.376776, 42.36721, 43.320053, 23.473219, 21.926928
0.0023211401, 0.0, 0.0, 0.0, -39.96855, -20.05569, -39.975758, 5
8.213131, 28.896004, 98.28586, 46.599438, 75.23776, 114.33392, 24.166449, 40.105732
0.26000482, 17.460976, 12.449791, -70.08923, 0.0, 0.0, 0.0, -1
13.295975, 24.10938, 98.59985, 46.665646, 33.012505, 96.22177, 21.557909, 26.549555
0.18311808, 16.854675, -19.510252, -63.63507, 0.0, 0.0, 0.0, -1
14.593849, 23.879045, 98.60034, 46.666214, 31.187828, 93.77942, 21.759892, 25.595062
1.5443321, 16.758091, -21.507732, -61.734177, 0.0, 0.0, 0.0, 2

SIGNAL KNOWLEDGE:
163.44968, 15.885783, 1.0858154, 41.27138, 29.393738, 20.65857, 6.959817, 13.467902,implicit, 1
154.22737, 14.73005, 9.439392, 41.27159, 1.0771484, 5.228943, 5.2741995, 10.15506,implicit, 1
11.091179, 10.54216, 172.76889, 38.513817, 176.78229, 179.73807, 3.8703477, 6.5254717,implicit, 1
4.882782, 22.850153, 84.03728, 38.82037, 18.400955, 16.06543, 21.786325, 20.455477,implicit, 0
3.9644487, 18.068521, 80.06799, 34.36673, 18.528439, 17.931305, 19.388021, 18.389986,explicit:callForPass, 0
91.15077, 7.3162074, 33.19568, 30.980814, 33.866623, 83.03381, 5.044207, 4.606786,implicit, 1
104.07176, 2.788797, 151.36969, 30.616116, 167.92429, 138.19446, 4.2449694, 5.9782963,implicit, 0
4.95903, 25.448032, 75.1064, 28.79968, 13.311813, 16.557419, 22.758358, 23.658077,implicit, 0
2.7733917, 23.820702, 75.1064, 28.79968, 13.8793335, 17.30661, 22.291271, 23.13281,explicit:callForPass, 0
4.4826355, 20.569527, 29.57019, 40.96102, 36.12671, 20.38559, 5.4500365, 4.6495447,implicit, 1
4.999674, 12.932574, 95.67605, 40.96335, 100.638084, 83.41903, 5.2471757, 4.6537843,implicit, 1
14.094391, 15.294251, 64.75888, 39.936592, 73.76434, 43.973724, 4.251722, 6.6912947,implicit, 1
42.04983, 9.625488, 136.43445, 39.737495, 169.00879, 139.7301, 3.2009997, 4.543708,implicit, 0
4.920024, 21.500153, 81.99043, 36.29388, 8.82613, 6.604705, 20.412884, 22.094683,implicit, 0
4.9464664, 25.416752, 75.68797, 29.050966, 18.29139, 14.397497, 23.10891, 23.333628,implicit, 0
4.864744, 23.175531, 80.364105, 36.298992, 2.861761, 6.816721, 22.816055, 22.50251,implicit, 0
7.0687065, 19.394808, 84.13718, 36.298992, 1.2992268, 4.7684975, 20.900623, 19.897402,explicit:callForPass, 0
4.887026, 25.897884, 65.24988, 29.520397, 4.907177, 6.0056095, 23.589916, 21.751396,implicit, 0
9.985551, 26.744295, 75.94918, 48.084133, 21.133875, 18.864008, 22.95886, 25.772701,explicit:callForPass, 0
4.9556885, 25.406599, 56.808468, 25.795689, 3.1900177, 5.4565506, 22.322924, 23.629917,implicit, 0
7.838997, 14.654194, 13.230156, 10.79782, 14.413956, 9.760483, 8.633904, 11.5754385,implicit, 0
4.9648094, 25.375637, 13.504755, 23.655546, 18.775488, 11.754169, 23.54123, 24.379751,implicit, 0
109.08604, 5.3029613, 105.7566, 55.60079, 140.07645, 141.05008, 53.797745, 33.70799,implicit, 1
5.555313, 21.960758, 83.76526, 49.81585, 17.48407, 26.952194, 21.8431, 18.070894,explicit:callForPass, 0
4.945648, 25.410679, 73.86218, 28.481928, 19.040115, 15.237343, 23.600044, 23.250395,implicit, 0
4.9257507, 26.060766, 62.740814, 25.646935, 13.914093, 10.844849, 23.978249, 24.891079,explicit:callForPass, 0
49.5754, 26.018883, 35.26175, 48.454754, 13.710754, 8.2578125, 48.00927, 37.954426,implicit, 0
4.176077, 21.670532, 84.540855, 45.450115, 16.23468, 18.206293, 22.63593, 21.213007,explicit:callForPass, 0
4.953926, 29.999517, 93.53588, 39.120457, 69.37237, 27.98064, 26.28528, 35.71884,implicit, 0
71.911575, 16.222572, 24.392761, 35.66618, 14.35257, 44.771286, 4.4577794, 7.2621603,implicit, 1
107.7946, 14.100776, 8.47197, 19.988401, 81.26503, 89.062195, 16.571136, 11.78213,implicit, 0
4.9916077, 24.610933, 57.471497, 23.782635, 11.444336, 12.541229, 23.971596, 22.454296,explicit:callForPass, 0
4.9944, 22.84982, 80.40636, 34.78846, 9.718887, 5.6649017, 21.254875, 20.67454,implicit, 0
4.9564667, 25.534325, 63.513428, 16.41057, 58.486008, 70.903336, 4.1556244, 2.7365966,implicit, 1
4.8916016, 25.305567, 26.389374, 22.14437, 12.755417, 13.185913, 22.500792, 24.085749,implicit, 0
7.6367188, 18.269358, 4.9962463, 49.669106, 14.648865, 23.656036, 24.688951, 21.585844,implicit, 1
9.963211, 2.5936825, 24.821701, 41.28077, 23.3723, 5.8597565, 4.641448, 6.9183083,implicit, 1
91.96945, 10.120135, 61.3172, 51.99854, 102.04797, 78.30969, 4.7054386, 13.232834,implicit, 1
4.9975014, 19.890783, 91.00079, 41.986423, 10.239494, 14.981031, 19.253878, 20.847876,implicit, 0
89.055374, 13.936352, 10.2247925, 33.186928, 49.15947, 1.2921143, 8.523006, 4.497345,implicit, 1
4.8898163, 25.250479, 60.30499, 27.357971, 5.9772644, 7.02861, 23.735466, 22.25737,implicit, 0
104.41806, 18.02655, 109.31497, 53.032303, 104.79202, 109.74536, 45.548294, 46.274403,implicit, 1
12.881577, 18.117521, 58.846268, 28.863453, 0.08305359, 5.7032166, 22.762486, 21.90677,implicit, 0
37.881134, 8.088198, 71.640076, 23.339314, 11.353821, 69.38127, 5.1373763, 3.391202,implicit, 1
4.92511, 26.073614, 69.21332, 27.501331, 14.402771, 17.270142, 24.32047, 23.257673,explicit:callForPass, 0
20.20691, 19.487926, 4.9488525, 48.739338, 2.2359009, 5.1073914, 29.667774, 35.843258,implicit, 1
7.417775, 22.498678, 71.53301, 30.949036, 4.1565914, 6.408272, 22.780722, 21.386536,explicit:callForPass, 0
114.6662, 7.029352, 64.89314, 20.641104, 116.4319, 91.25249, 7.6190934, 2.7553015,implicit, 1
4.9453735, 23.356524, 40.60962, 22.5516, 5.4458313, 2.103531, 22.793787, 21.888582,explicit:callForPass, 0
5.2655487, 21.536034, 78.89453, 46.447643, 19.502518, 18.12918, 23.877722, 21.491966,implicit, 0
4.8549194, 13.701979, 76.01256, 34.503414, 95.03647, 80.81766, 6.104667, 4.809284,implicit, 1
46.336426, 14.753153, 29.594864, 31.49481, 30.51448, 23.30748, 17.282215, 19.501896,implicit, 0
116.4825, 10.25194, 120.28511, 10.539208, 108.18158, 116.69957, 6.4083753, 3.8888023,implicit, 1
14.735572, 4.5211864, 123.005104, 10.670289, 134.17035, 63.576393, 2.423181, 3.689707,implicit, 0
2.982874, 20.048649, 36.87207, 22.031172, 4.4642096, 6.9539285, 21.762686, 20.454166,explicit:callForPass, 0
6.5559998, 7.715305, 1.7244873, 10.55467, 2.4936523, 51.283875, 3.4440725, 5.14448,implicit, 1
18.432312, 47.02184, 4.926605, 52.93691, 20.265244, 21.601746, 46.22097, 50.273575,implicit, 1
63.115696, 3.0813255, 70.16455, 28.358553, 86.199524, 53.457855, 2.7762113, 3.8653667,implicit, 1
4.841755, 25.041134, 75.09813, 28.375698, 15.101234, 16.000854, 23.895914, 22.389414,implicit, 0
2.7452374, 23.511574, 75.09813, 28.375698, 13.892433, 15.70908, 23.610003, 22.15931,explicit:callForPass, 0

SHOOT KNOWLEDGE:
87.293365, 9.211657, 4.8540955, 26.191906, 61.840134, 61.883286, 11.748633, 16.712477
50.96455, 14.48898, 23.333885, 24.595758, 33.76126, 29.149666, 16.922855, 18.35875
23.45575, 30.206743, 4.8006134, 16.04947, 17.338745, 91.97162, 16.10881, 5.405487
52.186127, 15.328808, 19.00058, 24.148697, 35.189056, 48.65155, 16.989922, 17.044046
69.83532, 12.666043, 18.17566, 22.204998, 62.276978, 30.841309, 12.542622, 14.426988
16.660233, 13.253422, 16.056625, 18.526396, 1.8866882, 2.382309, 17.476652, 18.363
76.62636, 14.530153, 4.9409485, 25.520832, 63.607944, 58.226727, 15.566963, 18.069551
71.03311, 14.962362, 6.7729187, 26.484732, 65.7222, 51.676483, 16.238419, 16.402655
47.04532, 13.074656, 13.094528, 19.95482, 25.33934, 30.505417, 16.652773, 16.040953
20.87719, 14.729213, 27.523346, 19.363693, 8.443329, 6.978485, 17.70202, 15.732295

