POS KNOWLEDGE:
54.312675, 41.26739, 2.2011108, 46.639034, 30.900146, 39.852386, 44.567753, 41.26734
3.761431, -40.703926, -33.734173, -25.561901, 0.0, 0.0, 0.0, 0
52.73459, 37.65684, 3.1272583, 42.90868, 23.836895, 40.461235, 34.073303, 31.163227
3.7931314, -42.23885, -33.59587, -24.165272, 0.0, 0.0, 0.0, 0
54.612713, 36.03751, 3.1263564, 38.395817, 26.105368, 43.606033, 21.725027, 19.398272
3.7483447, -43.446354, -32.478466, -24.075176, 0.0, 0.0, 0.0, 0
100.163055, 31.90301, 2.1925354, 33.832897, 41.314194, 46.855133, 9.863524, 6.2768245
2.7761369, -57.500996, -42.048996, 0.45000938, 0.0, 0.0, 0.0, 0
62.223896, 29.829128, 2.1822815, 31.540226, 46.64682, 42.668884, 7.335451, 4.8738437
1.6830778, -30.684174, -36.640713, -32.67512, 0.0, 0.0, 0.0, 1
41.763016, 28.621365, 22.192078, 30.404778, 34.00617, 13.4852295, 6.638454, 3.828491
1.6727563, -22.181385, -33.844536, -43.97408, 0.0, 0.0, 0.0, 2
2.397107, 26.001308, 58.4788, 29.72458, 47.173077, 63.146496, 6.703899, 4.6615934
0.7294892, -25.282108, -24.79213, -49.925762, 0.0, 0.0, 0.0, -1
4.9004335, 21.399216, 73.61115, 30.651928, 8.796219, 9.832882, 20.25686, 21.732508
3.9084623, -3.9903078, -47.182175, -48.827515, 0.0, 0.0, 0.0, 2
1.4172478, 15.428778, 80.06821, 27.87085, 14.769642, 17.387604, 17.376226, 18.753588
1.4055333, -33.1471, -38.669003, -28.183899, 0.0, 0.0, 0.0, 1
16.91113, 14.016238, 65.791046, 27.827997, 0.100530624, 2.5464973, 16.729614, 18.118814
2.8837523, -72.1572, -20.250786, 7.592013, 0.0, 0.0, 0.0, 0
147.14456, 28.54771, 172.34451, 52.09835, 174.32379, 172.67694, 52.521248, 51.20221
0.6163205, 35.411896, 35.43014, 29.157963, 0.0, 0.0, 0.0, -1
174.30846, 28.386778, 140.86984, 53.069912, 142.81284, 141.1969, 53.493572, 49.237614
0.00327721, 0.0, 0.0, 0.0, -44.349747, -22.177002, -33.473248, 3
147.1959, 27.523933, 93.51745, 53.074078, 95.46029, 93.84054, 53.497704, 44.86831
0.6931978, -38.717037, -38.71086, -22.572102, 0.0, 0.0, 0.0, -1
134.72871, 27.380678, 77.78995, 53.074455, 79.73279, 78.11145, 53.498066, 43.298218
3.0921333, -43.073704, -43.060684, -13.865605, 0.0, 0.0, 0.0, 0
87.05974, 27.792946, 4.9953613, 50.12401, 7.0393066, 5.3292847, 46.832085, 30.051472
3.8010397, -43.481525, -41.9491, -14.569372, 0.0, 0.0, 0.0, 0
95.381714, 27.63386, 4.9953613, 46.306328, 7.1825256, 5.356079, 35.56793, 18.790895
3.597885, -45.445557, -42.7436, -11.810845, 0.0, 0.0, 0.0, 0
102.519424, 27.673277, 4.9958496, 42.537205, 7.356781, 5.325989, 24.46321, 8.421003
3.159435, -37.833145, -29.158152, 33.00871, 0.0, 0.0, 0.0, 0
120.9384, 28.580898, 27.959259, 37.986397, 43.39331, 49.605743, 8.455912, 3.6649134
1.5563058, -47.7463, -39.581394, 12.672305, 0.0, 0.0, 0.0, 0
123.0959, 28.83141, 29.239807, 37.37005, 47.022156, 52.7883, 7.5092654, 3.3517842
0.5826592, -49.312454, -44.517746, 6.1698017, 0.0, 0.0, 0.0, -1
97.81081, 28.201519, 4.116455, 36.459194, 19.793945, 25.045563, 5.957069, 2.9854162
9.808445E-5, 0.0, 0.0, 0.0, 39.760662, 16.493984, -43.745358, 5
4.9620514, 19.753017, 80.22859, 33.51612, 10.242172, 12.5159, 18.686432, 20.592896
2.8500957, -20.106617, -42.906097, -36.987286, 0.0, 0.0, 0.0, 1
20.911224, 13.773144, 71.17125, 31.866182, 4.167404, 0.8281708, 10.789818, 14.738689
3.316297, -71.83174, -10.055765, 18.112501, 0.0, 0.0, 0.0, 0
118.32379, 10.895742, 11.906026, 28.506948, 59.181843, 83.05881, 4.494296, 9.391559
3.3300552, -53.569836, 19.662462, 26.767698, 0.0, 0.0, 0.0, 0
117.384315, 9.982209, 53.341446, 22.617344, 80.81796, 71.3652, 2.7991045, 2.143502
0.300761, -48.87132, -17.1479, 33.980778, 0.0, 0.0, 0.0, -1
133.02873, 9.993476, 38.31378, 22.464123, 57.156525, 58.65924, 2.9393747, 2.3007593
0.0012481508, 0.0, 0.0, 0.0, 43.88488, 14.632503, -41.482613, 5
4.094101, 20.339296, 82.468445, 49.31958, 8.137543, 11.003403, 19.198349, 20.456905
3.5598838, -3.4937236, -48.284393, -48.221878, 0.0, 0.0, 0.0, 1
3.4112244, 19.171078, 82.468445, 49.31958, 9.68219, 12.563553, 18.792816, 20.054134
4.1167927, -3.3231642, -48.26366, -48.413177, 0.0, 0.0, 0.0, 2
3.9385223, 18.264168, 82.468445, 49.31958, 11.069321, 14.085785, 18.2791, 19.60234
2.3413868, -25.114405, -41.22685, -33.658745, 0.0, 0.0, 0.0, 1
64.44112, 9.642852, 31.729393, 49.05632, 38.18906, 40.56537, 11.15637, 14.687852
3.323463, -74.5383, -22.353739, 3.1079645, 0.0, 0.0, 0.0, 0
113.43796, 5.183988, 10.333878, 44.98379, 55.455227, 113.6016, 4.7451315, 9.491785
3.057637, -47.62082, 25.95954, 26.419643, 0.0, 0.0, 0.0, 0
38.19795, 10.193206, 26.292685, 24.957495, 80.79527, 159.34937, 2.370696, 3.7415025
3.3085544, -47.6496, 35.929783, -16.420609, 0.0, 0.0, 0.0, 0
5.01758, 21.533304, 87.035385, 48.289795, 17.516815, 28.06987, 24.014145, 24.056038
4.1806016, 2.4611802, -38.708923, -58.8299, 0.0, 0.0, 0.0, 2
5.8434753, 20.382404, 87.035385, 48.724358, 18.417603, 22.699936, 20.670486, 23.97829
4.3391075, -8.945452, -45.8162, -45.238346, 0.0, 0.0, 0.0, 1
155.78375, 21.038786, 64.921104, 28.212568, 73.19174, 139.9695, 4.584657, 7.0113378
3.3864217, -28.537556, 22.791393, 48.67105, 0.0, 0.0, 0.0, 0
148.13388, 23.658314, 58.905563, 26.70549, 63.69931, 123.61461, 4.7491627, 6.891088
0.35558844, -33.672348, 7.234785, 59.09287, 0.0, 0.0, 0.0, -1
132.73203, 23.950605, 43.73201, 26.541227, 46.810425, 107.35753, 4.830223, 6.702882
0.018059013, 0.0, 0.0, 0.0, -41.66064, -16.665808, -41.673553, 5
101.100395, 23.966276, 12.113083, 26.532526, 14.713303, 78.883194, 4.8538027, 5.2093253
0.5823585, -34.04737, 8.001282, 57.951347, 0.0, 0.0, 0.0, -1
75.942955, 23.966276, 13.044357, 26.532526, 10.444138, 58.56996, 4.8538027, 3.9985602
1.8659861, -31.93372, 14.019498, 54.04678, 0.0, 0.0, 0.0, 0
107.551216, 23.966276, 18.563904, 26.532526, 21.164124, 90.381744, 4.8538027, 3.959464
1.9687743, -31.477093, 15.143596, 53.37931, 0.0, 0.0, 0.0, 0
140.09605, 24.785809, 51.751556, 26.054903, 59.93187, 130.71304, 4.6018233, 4.6450796
2.3822632, -28.767384, 20.367996, 50.864624, 0.0, 0.0, 0.0, 0
138.05943, 25.399271, 50.23259, 25.695398, 61.59912, 119.892914, 4.495352, 5.6461616
0.3921426, -31.903383, 12.88462, 55.211998, 0.0, 0.0, 0.0, -1
122.70094, 25.716866, 35.166122, 25.51406, 46.232605, 93.82152, 4.5129027, 6.361532
0.009901384, 0.0, 0.0, 0.0, 28.83562, -11.167871, -59.99651, 5
4.608341, 14.8682165, 103.65201, 49.686405, 39.59308, 64.063416, 17.826908, 17.057259
0.77072203, -20.471268, -37.76175, -41.766987, 0.0, 0.0, 0.0, -1
26.790152, 13.836097, 73.17356, 49.87835, 13.48667, 37.83292, 14.260824, 14.249409
3.1296458, -63.244034, -34.144722, 2.6112368, 0.0, 0.0, 0.0, 0
82.27474, 11.042173, 6.8845215, 46.675587, 51.709595, 14.611786, 5.5367146, 4.887105
0.6458463, -26.457697, -34.89291, -38.649395, 0.0, 0.0, 0.0, -1
4.8876953, 10.292808, 68.408295, 45.761845, 55.349792, 71.69351, 5.4215765, 4.6478677
1.6717339, -27.149633, -22.900867, -49.9495, 0.0, 0.0, 0.0, 2
1.921772, 17.481256, 88.096054, 34.820133, 10.245502, 5.961132, 20.081104, 18.406834
1.2056359, -32.077225, -37.127308, -30.79547, 0.0, 0.0, 0.0, 1
17.615086, 16.180561, 73.40434, 34.86342, 5.012348, 9.402493, 19.446869, 17.760992
3.2093532, -82.87902, -4.7992187, 12.32176, 0.0, 0.0, 0.0, 0
140.81699, 8.274137, 4.998047, 26.410294, 89.26032, 68.943634, 7.8238683, 2.8014543
2.8012707, -41.19145, 20.673626, 38.134922, 0.0, 0.0, 0.0, 0
176.98257, 8.947428, 19.374176, 23.894178, 107.960205, 75.028465, 4.5974374, 1.8153096
3.1643407, -36.642605, 27.430735, 35.926662, 0.0, 0.0, 0.0, 0
168.22957, 9.155, 35.67636, 23.764227, 111.98001, 76.957214, 4.98407, 2.0201788
0.5861057, -28.042456, 27.865643, 44.091904, 0.0, 0.0, 0.0, -1
113.84703, 9.913883, 95.08037, 23.313227, 148.90572, 122.48689, 5.936948, 2.5131438
0.0021628812, 0.0, 0.0, 0.0, 20.824957, 2.951962, -76.22308, 5
179.21225, 42.264626, 150.24869, 52.458683, 143.0368, 176.09106, 49.334587, 45.39519
0.5867733, 32.25528, 32.75048, 34.99424, 0.0, 0.0, 0.0, -1
147.49075, 41.10735, 119.02374, 53.305866, 111.95593, 144.36996, 50.127857, 46.710808
0.0027947144, 0.0, 0.0, 0.0, -39.999535, -20.000078, -40.00039, 5
131.81055, 40.73121, 103.344025, 53.30671, 96.27637, 128.68982, 50.12864, 46.711754
0.6142056, -35.524353, -33.609833, -30.865812, 0.0, 0.0, 0.0, -1
100.37868, 40.70736, 71.91286, 53.30748, 64.84535, 97.258255, 50.12935, 46.712658
2.8123527, -35.58564, -33.617706, -30.79666, 0.0, 0.0, 0.0, 0
48.31143, 28.905506, 4.9986267, 39.438023, 2.8936768, 35.696594, 7.9459696, 9.936598
2.4258375, -30.774603, -26.928823, -42.296566, 0.0, 0.0, 0.0, 2
4.8800964, 23.788584, 56.83023, 37.441593, 65.52377, 40.817627, 4.158765, 6.90005
0.47769952, -24.813448, -25.401848, -49.784706, 0.0, 0.0, 0.0, -1
4.982239, 22.798817, 60.7041, 37.229927, 69.73978, 49.577087, 3.937646, 6.6166697
0.01177623, 0.0, 0.0, 0.0, 63.467606, 36.06772, -0.4646787, 5
55.359436, 10.453033, 77.23932, 18.51406, 35.43042, 55.386692, 2.7658768, 5.3838825
21.74901, -19.485258, 40.428307, 40.086433, 0.0, 0.0, 0.0, 0
162.81625, 15.01484, 138.71521, 6.2383227, 175.74127, 155.86009, 13.263997, 22.974052
0.5685168, 28.662231, 36.282856, 35.054913, 0.0, 0.0, 0.0, -1
164.42805, 15.858259, 175.69017, 6.895613, 154.71094, 171.854, 11.267019, 20.840498
7.149378E-5, 0.0, 0.0, 0.0, -36.464615, -20.151098, -43.384285, 5
148.70576, 15.858465, 168.58755, 6.8956623, 140.74545, 156.28595, 9.837283, 19.692461
0.30615455, -22.323101, -39.340355, -38.336548, 0.0, 0.0, 0.0, -1
132.99895, 15.858606, 152.88081, 6.8956623, 127.39965, 140.7827, 8.415212, 18.297213
2.8575857, -9.191157, -29.881329, -60.92751, 0.0, 0.0, 0.0, 2
28.350246, 10.883222, 92.87091, 6.3114405, 101.38016, 78.052704, 3.4259913, 7.985107
2.7520525, 36.55639, 35.959415, -27.484196, 0.0, 0.0, 0.0, 2
75.54521, 4.962537, 169.71967, 9.790562, 176.41113, 165.17645, 5.131879, 9.975536
0.6579775, 41.015778, 35.54105, -23.443169, 0.0, 0.0, 0.0, -1
50.068996, 4.8289456, 139.05603, 10.295361, 145.81747, 135.27441, 5.1334105, 10.240473
1.351681, -33.57483, -24.851225, -41.573944, 0.0, 0.0, 0.0, 2
17.58734, 4.0196204, 81.82889, 9.917341, 89.94379, 103.52954, 3.1552777, 7.324044
0.7509552, 31.060251, 32.610466, -36.32928, 0.0, 0.0, 0.0, -1
40.733288, 3.6609192, 147.20673, 9.696409, 152.33008, 177.55615, 3.2843704, 4.917132
0.6441118, 50.92477, 48.875362, -0.1998686, 0.0, 0.0, 0.0, -1
74.64246, 3.509495, 132.26212, 10.652683, 132.9758, 156.97531, 3.7577975, 4.912161
0.009898916, 0.0, 0.0, 0.0, -39.453327, -24.768114, -35.778557, 3
4.5946555, 24.0124, 92.17404, 45.856865, 40.434265, 52.62851, 18.336151, 21.865772
4.085412, -4.2183685, -45.68553, -50.0961, 0.0, 0.0, 0.0, 2
18.266018, 14.557969, 84.3546, 46.793217, 21.963215, 38.737812, 15.430244, 17.07381
2.430438, -63.057182, -35.890484, 1.0523314, 0.0, 0.0, 0.0, 0
104.98007, 7.2762666, 5.508911, 42.558712, 52.097473, 31.753407, 9.875423, 9.105893
3.4475377, -70.48047, -1.4338329, 28.085697, 0.0, 0.0, 0.0, 0
116.63422, 5.5605264, 21.463531, 42.73957, 49.738773, 8.781708, 6.856708, 4.6306176
0.6019944, -39.462284, -58.467697, -2.0700226, 0.0, 0.0, 0.0, -1
27.869328, 4.097451, 101.76784, 42.16116, 49.513287, 99.82741, 6.9129586, 4.6572175
0.009347765, 0.0, 0.0, 0.0, -57.73327, -28.54396, 13.722769, 3
10.5383, 3.8252053, 34.715576, 42.1412, 24.725037, 36.1239, 7.3449345, 5.048691
0.7122681, -28.332243, -30.261303, -41.406452, 0.0, 0.0, 0.0, -1
33.85739, 6.81552, 11.400574, 42.141724, 3.2001038, 12.799225, 6.452294, 5.0491877
1.6075805, -31.69215, -26.867723, -41.440125, 0.0, 0.0, 0.0, 2
24.060883, 8.768615, 27.001465, 41.38167, 23.529907, 41.611145, 4.95082, 5.138849
1.4222544, -40.3551, -24.972828, -34.672077, 0.0, 0.0, 0.0, 0
34.756134, 8.438022, 33.140106, 40.950214, 31.139801, 47.675476, 4.9517035, 5.4909015
0.5958386, -39.901665, -28.457678, -31.640656, 0.0, 0.0, 0.0, -1
18.008606, 8.134739, 12.979523, 40.611057, 12.874268, 27.48349, 4.781052, 5.6647596
0.007724306, 0.0, 0.0, 0.0, 64.92476, 27.636444, -7.4387975, 5
4.797653, 8.449132, 34.62578, 40.59517, 37.706802, 31.184067, 4.5603395, 6.0345426
0.0016667761, 0.0, 0.0, 0.0, 58.88167, 40.944332, 0.17400476, -1
4.9141235, 8.729711, 39.02249, 40.5952, 39.957916, 36.920288, 4.4849324, 6.0536547
0.0016834582, 0.0, 0.0, 0.0, 53.796143, 45.96934, -0.23451452, 5
4.911789, 10.227998, 53.436066, 40.596375, 45.073334, 57.658295, 5.7344594, 4.6239014
0.0011379063, 0.0, 0.0, 0.0, 69.9415, 29.89487, 0.16363628, -1
4.9641724, 9.040237, 70.6254, 40.59658, 68.58505, 70.02136, 6.087437, 4.4978595
4.2305488E-4, 0.0, 0.0, 0.0, 71.50503, 25.019022, -3.475941, 5
4.9428406, 21.69699, 80.97528, 35.25649, 10.262039, 8.204729, 20.793941, 19.376837
4.1422453, -1.114562, -48.97087, -49.91457, 0.0, 0.0, 0.0, 2
6.182251, 15.189093, 88.2321, 35.672024, 17.579453, 12.93782, 16.152102, 15.183295
1.3413069, -32.50422, -39.298454, -28.197325, 0.0, 0.0, 0.0, 1
21.93869, 14.335751, 73.67645, 34.870617, 2.885666, 3.3048248, 15.501344, 11.754149
3.4317653, -74.509964, -7.037881, 18.45215, 0.0, 0.0, 0.0, 0
147.94295, 12.486414, 34.842255, 25.510944, 58.824173, 97.81183, 2.898191, 4.3999767
2.4493172, -32.96955, 18.847866, 48.182575, 0.0, 0.0, 0.0, 0
142.23563, 14.75941, 36.87114, 24.315063, 63.476624, 57.083282, 3.3090491, 3.1928816
0.38590237, -26.956009, -22.078018, 50.96597, 0.0, 0.0, 0.0, -1
125.535355, 13.67969, 21.90712, 24.135105, 41.514984, 52.129272, 3.2454157, 3.3649013
0.009834176, 0.0, 0.0, 0.0, 37.401398, 13.328295, -49.27031, 5
113.66521, 24.614609, 139.55925, 52.964767, 141.47285, 139.30019, 49.675564, 49.154125
0.003145235, 0.0, 0.0, 0.0, -38.40307, -19.200176, -42.396755, 5
77.73845, 22.335102, 108.14851, 52.967495, 110.063675, 107.8914, 49.480907, 46.216084
0.031318463, 0.0, 0.0, 0.0, -41.948437, -20.972536, -37.079025, 3
60.689255, 21.765907, 92.40509, 52.967915, 94.31354, 92.14908, 48.01472, 44.746227
0.7890638, -35.31943, -35.308414, -29.372156, 0.0, 0.0, 0.0, -1
43.64685, 21.24086, 76.6817, 52.96835, 78.58301, 76.42682, 46.54041, 43.276222
2.885127, -36.279278, -36.268276, -27.452446, 0.0, 0.0, 0.0, 0
40.82364, 17.12798, 4.9110107, 50.669716, 6.8720093, 4.648651, 35.588753, 32.055664
3.8097088, -41.503174, -41.462803, -17.034016, 0.0, 0.0, 0.0, 0
50.174377, 14.495839, 4.9112244, 46.906895, 0.43743896, 4.628662, 28.824871, 21.040932
3.710908, -40.620556, -37.871475, -21.507967, 0.0, 0.0, 0.0, 0
56.14363, 6.425773, 9.6180725, 41.026955, 16.790375, 7.5553894, 13.184906, 6.0653977
3.3419425, -50.0709, -21.693714, 28.235384, 0.0, 0.0, 0.0, 0
105.32889, 7.172977, 55.128387, 40.29957, 69.29999, 78.6866, 10.233781, 4.8763046
3.0315306, -64.21826, -8.557327, 27.224413, 0.0, 0.0, 0.0, 0
88.62656, 8.22124, 27.876587, 38.757267, 60.851044, 46.65695, 6.9755116, 4.05495
0.6097527, -43.669346, -38.462345, -17.86831, 0.0, 0.0, 0.0, -1
75.77516, 7.8884907, 12.042419, 38.244846, 44.98781, 28.707428, 6.5529394, 3.741535
0.025516119, 0.0, 0.0, 0.0, 40.26013, 18.872408, -40.86746, 5
4.866577, 7.155744, 57.413162, 38.147663, 35.250595, 54.805527, 6.0541697, 4.7034154
0.0011125635, 0.0, 0.0, 0.0, 65.970436, 33.827602, 0.2019665, -1
4.8632812, 7.1563106, 57.412704, 38.147793, 37.57762, 54.801773, 5.976238, 4.7035637
7.684615E-4, 0.0, 0.0, 0.0, 65.309845, 34.62311, -0.06704561, 5
4.848709, 7.100975, 58.544174, 38.14784, 41.415283, 55.92946, 5.9999323, 4.7036266
4.162316E-4, 0.0, 0.0, 0.0, 64.85116, 35.127224, 0.021611283, -1
4.8750305, 6.5399594, 70.13013, 38.148026, 55.68213, 67.51227, 6.006094, 4.7038293
7.4270356E-5, 0.0, 0.0, 0.0, 64.841156, 35.111664, -0.04717964, 5
4.8838806, 22.762352, 79.5379, 34.76262, 7.7298584, 11.145187, 21.379513, 22.532269
4.5362706, -5.8349013, -47.265873, -46.899227, 0.0, 0.0, 0.0, 1
36.486023, 14.716817, 55.444122, 34.97165, 21.057526, 17.00084, 16.710001, 17.931929
3.4444807, -76.011444, -10.67784, 13.310719, 0.0, 0.0, 0.0, 0
134.67099, 12.321204, 55.405304, 23.763184, 89.19586, 115.15636, 2.478417, 2.066527
3.1616795, -35.93872, 28.776423, 35.284855, 0.0, 0.0, 0.0, 0
133.08289, 12.23419, 54.95703, 23.388042, 88.00885, 101.16675, 2.6544175, 1.8005266
0.5748517, -37.76626, 16.053278, 46.18046, 0.0, 0.0, 0.0, -1
144.34396, 11.967232, 40.212982, 23.14794, 67.58467, 92.56394, 2.7847276, 1.6351019
0.042048458, 0.0, 0.0, 0.0, 45.985588, -3.2916095, -50.7228, 5
3.528595, 30.654135, 48.730835, 26.776525, 3.6826477, 5.080719, 26.670343, 28.822037
30.76856, 30.372736, 35.0292, 34.598057, 0.0, 0.0, 0.0, -1
165.77081, 53.92169, 167.6405, 52.785305, 171.53528, 170.51917, 20.34574, 58.007133
0.5958718, 32.372623, 34.011986, 33.615387, 0.0, 0.0, 0.0, -1
162.66382, 54.848076, 136.53033, 53.677513, 155.93115, 157.90018, 18.362728, 56.095245
0.0028137162, 0.0, 0.0, 0.0, -39.050293, -19.610956, -41.338753, 5
131.30573, 54.85005, 105.17319, 53.679157, 123.257996, 126.42532, 15.452781, 53.160103
0.52355886, -35.373127, -33.117386, -31.50948, 0.0, 0.0, 0.0, -1
97.23947, 54.258976, 73.511536, 53.679516, 89.601776, 94.612854, 12.463591, 50.144157
2.2056644, -34.576744, -33.091156, -32.3321, 0.0, 0.0, 0.0, 0
30.709076, 51.988407, 10.62677, 52.778976, 22.299133, 31.837067, 7.363451, 43.433353
2.9779358, -28.967173, -30.080545, -40.95229, 0.0, 0.0, 0.0, 2
34.882996, 41.882515, 55.832977, 50.353836, 65.874695, 34.765167, 4.4383125, 31.687706
3.0054562, -33.45246, -24.599443, -41.948093, 0.0, 0.0, 0.0, 2
7.6137695, 29.498121, 29.761047, 46.34709, 68.97333, 13.032532, 3.0411983, 13.379697
2.1432343, -38.426346, -24.19749, -37.376167, 0.0, 0.0, 0.0, 0
5.195862, 27.54374, 28.46634, 44.466934, 83.01593, 15.704346, 2.3636355, 7.99699
0.5272498, -38.2315, -27.207994, -34.56051, 0.0, 0.0, 0.0, -1
8.522247, 26.095284, 19.005798, 43.617718, 76.055725, 10.151642, 2.0878482, 6.498733
5.9604645E-6, 0.0, 0.0, 0.0, 60.509216, 37.031116, -2.4596677, 5
4.895874, 23.8169, 35.334167, 43.617725, 87.46159, 37.03253, 2.5838172, 5.920678
9.536743E-7, 0.0, 0.0, 0.0, 69.841286, 29.939083, 0.21963133, -1
5.0246887, 23.258316, 38.509094, 43.617725, 90.62479, 39.588135, 2.5852098, 5.758911
1.196659E-4, 0.0, 0.0, 0.0, 62.39227, 29.450214, -8.157514, 5
73.07242, 15.649934, 77.226685, 54.4101, 119.448, 101.46213, 19.384634, 26.695621
2.8482747, -36.120777, -29.330936, -34.54829, 0.0, 0.0, 0.0, 0
2.9848022, 10.317131, 4.8363953, 49.16643, 35.273712, 29.717163, 4.621202, 10.639507
1.6297293, -36.60388, -31.290474, -32.105648, 0.0, 0.0, 0.0, 0
19.809784, 7.7076063, 9.109619, 47.62384, 29.135315, 37.41855, 3.5444326, 7.822841
0.4888395, -37.54347, -33.951824, -28.50471, 0.0, 0.0, 0.0, -1
15.942627, 6.8322983, 24.942322, 47.19046, 38.26413, 57.24034, 3.6029785, 6.4526987
0.020171693, 0.0, 0.0, 0.0, 74.83605, 14.984663, -10.179281, 5
3.236043, 21.808119, 86.762405, 38.64123, 7.0158577, 9.835167, 20.010338, 21.241117
3.994338, 8.090645, -45.01989, -46.889465, 0.0, 0.0, 0.0, 2
0.37891388, 15.002448, 99.834564, 40.11614, 18.413893, 23.014362, 15.206993, 17.207039
0.93205744, -5.433618, -49.24917, -45.31721, 0.0, 0.0, 0.0, -1
15.955595, 14.00627, 85.01514, 40.297417, 3.708456, 8.353144, 14.563483, 16.588549
2.5602036, -70.79423, -11.532082, 17.673687, 0.0, 0.0, 0.0, 0
115.91815, 7.748899, 4.9365253, 37.70941, 71.026474, 81.4295, 6.8587127, 12.197099
3.6831734, -63.88658, -0.7445031, 35.36891, 0.0, 0.0, 0.0, 0
132.65735, 8.773242, 4.4012146, 32.421444, 58.22226, 81.50787, 2.049503, 6.043559
0.38033563, -51.576977, -13.154155, 35.26887, 0.0, 0.0, 0.0, -1
144.85356, 9.718014, 14.667023, 31.778137, 52.723206, 81.42622, 2.0802906, 4.156389
0.0023529201, 0.0, 0.0, 0.0, 40.006092, -8.358392, -51.635517, 5
87.79675, 10.56514, 32.573273, 31.776962, 24.97995, 21.536469, 3.7376227, 4.696862
0.002453709, 0.0, 0.0, 0.0, 34.35743, -11.464135, -54.178436, 5
66.56511, 10.186499, 53.144104, 31.776487, 50.05258, 2.3607483, 4.3859363, 4.9013495
0.6900709, -29.853857, -41.627357, -28.518787, 0.0, 0.0, 0.0, -1
16.295403, 6.5625224, 101.56251, 31.364624, 107.62644, 71.80625, 4.8035774, 5.3394017
0.004440717, 0.0, 0.0, 0.0, 27.82489, 32.35725, -39.817856, 5
4.972542, 6.559295, 112.90852, 31.362543, 118.01451, 95.0981, 4.949796, 6.028916
0.0024608104, 0.0, 0.0, 0.0, -64.17452, -27.882538, -7.942944, 3
4.881405, 8.990998, 112.10843, 31.361996, 117.21976, 98.056274, 4.9499397, 5.6116633
0.4210475, -30.372725, -32.50898, -37.118294, 0.0, 0.0, 0.0, -1
4.915001, 10.298248, 108.148605, 31.361746, 113.87468, 95.95674, 4.931893, 5.183236
1.8143291, -31.761715, -20.001966, -48.23632, 0.0, 0.0, 0.0, 2
1.1046238, 17.582203, 88.95675, 30.15212, 109.36092, 92.68194, 5.4726324, 4.975512
0.56366235, -30.117971, -18.3482, -51.53383, 0.0, 0.0, 0.0, -1
3.836197, 19.281572, 85.10515, 45.179157, 23.925018, 8.891266, 15.825195, 19.457628
3.945972, -0.02819901, -48.69643, -51.27537, 0.0, 0.0, 0.0, 2
4.8839874, 13.709383, 89.59648, 45.17241, 27.887817, 13.51442, 14.383934, 14.829638
1.1944717, -31.083101, -41.18687, -27.73003, 0.0, 0.0, 0.0, 1
20.726501, 11.576129, 74.736984, 45.1985, 13.570236, 1.4588623, 13.812214, 14.190857
2.9585137, -70.67706, -18.458914, 10.864022, 0.0, 0.0, 0.0, 0
130.94052, 7.888885, 4.985962, 37.68783, 37.570633, 89.9458, 3.5504496, 6.5983014
2.9754992, -35.648037, 22.004053, 42.347916, 0.0, 0.0, 0.0, 0
173.80463, 11.367909, 60.058563, 34.396328, 80.512726, 160.02652, 4.3547974, 5.5231214
3.7926397, -25.032967, 27.605173, 47.361855, 0.0, 0.0, 0.0, 0
150.52701, 22.250826, 53.861755, 27.666485, 59.87903, 127.41765, 4.69997, 6.4568167
3.8050127, -28.343582, 21.006832, 50.649582, 0.0, 0.0, 0.0, 0
153.06247, 23.738306, 57.71582, 26.855913, 62.554794, 147.04488, 4.7429852, 5.700579
3.7907457, -27.56459, 23.291355, 49.14405, 0.0, 0.0, 0.0, 0
167.83125, 25.150547, 64.89665, 24.98476, 83.66843, 145.39476, 4.325116, 5.957345
3.2006214, -33.77259, 22.515942, 43.71147, 0.0, 0.0, 0.0, 0
146.85556, 25.5397, 23.879059, 22.820889, 73.70665, 131.67093, 2.5391877, 5.987863
2.781447, -43.60233, 28.6305, 27.767176, 0.0, 0.0, 0.0, 0
128.3689, 18.003712, 31.945892, 12.414583, 94.97757, 83.82025, 2.6028574, 6.2188296
4.2207394, -29.026512, 44.28112, 26.692373, 0.0, 0.0, 0.0, 0
160.32483, 17.25304, 8.914139, 9.959671, 102.178116, 60.818466, 1.59354, 3.574984
4.720924, 8.356495, 70.657364, 20.986137, 0.0, 0.0, 0.0, -1
128.23833, 13.380338, 77.2612, 9.939536, 141.71977, 118.632095, 1.6032457, 4.916063
2.0357847, 18.122982, 57.289135, 24.587885, 0.0, 0.0, 0.0, -1
77.90523, 10.373962, 154.94226, 10.456016, 154.14017, 174.15546, 2.083561, 5.7865305
9.40541, -38.911026, 15.742106, 45.34687, 0.0, 0.0, 0.0, 0
4.8766994, 9.45346, 129.86578, 10.498145, 130.15651, 109.10098, 3.1153436, 5.8499455
10.277827, -38.031025, 14.68971, 47.279263, 0.0, 0.0, 0.0, 0
163.7205, 4.47497, 154.90828, 3.604478, 140.45352, 142.79309, 3.2280586, 10.035218
1.5300629, 63.010025, -35.387714, 1.6022652, 0.0, 0.0, 0.0, 1
145.77783, 4.184498, 173.4383, 3.604478, 132.82956, 121.05211, 2.7910836, 8.538531
3.5768487, 47.25066, 24.974699, 27.774637, 0.0, 0.0, 0.0, -1
144.07773, 6.863608, 156.92773, 6.713048, 162.71655, 136.78781, 5.4083543, 8.970756
2.5819952, 36.461517, 35.631847, 27.906635, 0.0, 0.0, 0.0, -1
111.74131, 6.2855496, 140.20016, 10.597857, 149.44598, 134.87222, 7.77728, 11.637972
0.70881057, -29.255995, -26.904879, -43.839127, 0.0, 0.0, 0.0, -1
11.6839905, 4.609999, 37.32724, 10.293108, 50.322723, 31.656555, 5.5924654, 6.799295
0.0, 0.0, 0.0, 0.0, 63.41597, 33.295288, -3.2887406, 5
142.74138, 30.313944, 140.15169, 55.591354, 121.854416, 175.63658, 54.007862, 42.600224
0.4483032, 32.858856, 33.14771, 33.993435, 0.0, 0.0, 0.0, -1
127.572464, 30.627022, 124.76912, 55.886955, 106.61868, 159.8928, 52.74306, 41.537445
0.021534277, 0.0, 0.0, 0.0, -39.90061, -20.204744, -39.89464, 3
96.123886, 30.657652, 93.300064, 55.915905, 75.27376, 128.05852, 49.71706, 38.548916
0.69736165, -34.80065, -30.759441, -34.439907, 0.0, 0.0, 0.0, -1
80.42151, 30.658152, 77.59729, 55.91614, 59.63138, 112.16852, 48.243607, 37.086124
2.5562365, -34.83344, -30.7088, -34.457764, 0.0, 0.0, 0.0, 0
8.377197, 24.68973, 4.8711243, 49.937572, 15.002182, 42.852356, 26.515278, 16.20264
3.8083887, -35.714752, -29.281717, -35.00353, 0.0, 0.0, 0.0, 0
9.174042, 20.128088, 4.8714905, 45.36541, 16.403076, 39.062103, 13.410821, 5.9272795
2.3643165, -35.64461, -29.830801, -34.524586, 0.0, 0.0, 0.0, 0
5.003418, 15.051198, 8.072723, 42.360687, 17.399078, 29.390656, 6.651357, 3.4355152
0.5029733, -35.118538, -31.885887, -32.995575, 0.0, 0.0, 0.0, -1
5.216797, 14.016649, 14.080627, 41.90422, 11.858658, 28.171417, 5.9667954, 3.506936
0.046361014, 0.0, 0.0, 0.0, 65.90384, 24.61209, 9.484069, -1
5.0211334, 13.414272, 20.029816, 41.857178, 3.0912476, 30.055878, 6.0715666, 3.9463909
0.0020321913, 0.0, 0.0, 0.0, 69.822815, 29.801321, -0.37585875, 5
4.923828, 12.856994, 26.058609, 41.85735, 5.6005096, 37.036484, 6.097407, 4.283317
0.0021126969, 0.0, 0.0, 0.0, 70.36982, 29.576632, 0.053539477, -1
4.962326, 12.299592, 32.21724, 41.85751, 13.854202, 42.89763, 5.9615545, 4.6244206
0.00208914, 0.0, 0.0, 0.0, 70.54465, 29.417286, -0.038061257, 5
4.8635406, 11.744557, 38.775604, 41.85772, 22.59845, 48.002716, 5.86998, 4.945789
0.0016736104, 0.0, 0.0, 0.0, 69.365166, 30.583876, 0.05095412, -1
9.089661, 11.232227, 40.992767, 41.85793, 27.230469, 48.27234, 5.829859, 4.963739
0.0012503612, 0.0, 0.0, 0.0, 62.390537, 29.28769, -8.321774, 5
4.848892, 10.70346, 52.026855, 41.858135, 40.595306, 57.369415, 5.742095, 4.878522
8.906159E-4, 0.0, 0.0, 0.0, 65.994125, 33.863964, 0.14190906, -1
4.8941345, 24.17024, 77.94809, 36.336376, 8.0460205, 5.0415497, 22.699398, 21.645851
4.092513, -1.7271569, -48.745285, -49.52756, 0.0, 0.0, 0.0, 2
4.8177795, 21.816008, 81.47252, 36.3362, 12.048447, 8.408752, 21.683296, 20.576176
4.237917, -4.0045414, -48.0461, -47.94936, 0.0, 0.0, 0.0, 1
4.854706, 15.040999, 86.777405, 36.196747, 14.3363495, 10.426392, 18.115747, 16.928364
1.5174038, -57.96357, -30.226892, -11.809536, 0.0, 0.0, 0.0, 0
141.42744, 6.1763535, 4.22023, 26.903915, 127.743416, 57.858047, 4.2090864, 2.2032397
2.537834, -26.663363, 34.406536, 38.9301, 0.0, 0.0, 0.0, 0
158.04303, 5.5618873, 54.568375, 25.598495, 98.96254, 91.07208, 1.8894205, 2.9721577
0.42173693, -35.97499, 12.311809, 51.7132, 0.0, 0.0, 0.0, -1
179.48547, 5.2653375, 39.674927, 25.392212, 82.80463, 70.020996, 1.8525727, 3.2573907
0.0072609284, 0.0, 0.0, 0.0, -8.236233, -18.748688, -73.01508, 5
129.59412, 4.815937, 7.396225, 25.382074, 60.578323, 2.9075165, 4.2398977, 4.542487
0.5527411, -26.302252, -34.59034, 39.107407, 0.0, 0.0, 0.0, -1
74.092224, 7.7957463, 0.36584473, 25.056664, 19.720016, 5.2848663, 4.5660715, 4.754612
0.008013743, 0.0, 0.0, 0.0, 35.307854, 16.251293, -48.44085, 5
174.84177, 10.760349, 152.06021, 52.381165, 165.86856, 169.02344, 47.122097, 32.50145
0.60692537, 32.666283, 35.050064, 32.283653, 0.0, 0.0, 0.0, -1
167.09598, 10.853055, 121.00842, 53.257683, 134.35077, 137.46313, 48.634277, 30.510672
0.003950437, 0.0, 0.0, 0.0, -47.23527, -23.924007, -28.840717, 3
159.21167, 10.711935, 105.34131, 53.25965, 118.68292, 121.63205, 48.636314, 29.042929
0.52091444, -41.08557, -39.600296, -19.314137, 0.0, 0.0, 0.0, -1
143.0422, 11.019806, 73.78162, 53.26042, 87.12204, 89.7001, 48.636917, 26.113008
3.18807, -50.685608, -48.815437, 0.4989583, 0.0, 0.0, 0.0, 0
107.41805, 13.050343, 4.9368896, 50.105335, 19.080963, 20.610199, 42.440735, 12.735189
3.333779, -43.523384, -41.704025, 14.772587, 0.0, 0.0, 0.0, 0
113.68762, 13.456365, 4.9374695, 48.600994, 19.456146, 19.752441, 38.064415, 8.801602
2.705478, -42.37014, -45.75952, -11.870341, 0.0, 0.0, 0.0, 1
78.56189, 14.08792, 41.093353, 46.075928, 26.392914, 41.45755, 28.083452, 4.7203937
2.7798228, -49.840206, -40.290806, -9.868995, 0.0, 0.0, 0.0, 0
118.76379, 13.392366, 28.59555, 41.875805, 20.713501, 56.10167, 9.890181, 2.98159
1.6729519, -39.417114, -30.787315, 29.795567, 0.0, 0.0, 0.0, 0
123.289536, 14.570796, 16.495514, 39.957256, 15.377045, 67.960144, 6.8087354, 2.0970314
0.3130051, -38.829006, -31.303534, 29.867464, 0.0, 0.0, 0.0, -1
88.05275, 14.901606, 47.846313, 39.653873, 49.088318, 102.66701, 6.295488, 2.241281
0.0043391166, 0.0, 0.0, 0.0, 40.107677, 10.099664, -49.79266, 5
4.7073774, 14.475582, 87.27492, 48.854218, 20.301344, 23.106703, 17.732431, 16.374008
1.2176982, -34.967003, -37.28844, -27.744556, 0.0, 0.0, 0.0, 1
10.972141, 12.236997, 72.3037, 48.788906, 2.3371453, 6.8583016, 16.254787, 15.257712
2.7913742, -81.850395, -14.976766, 3.1728368, 0.0, 0.0, 0.0, 0
145.13657, 8.785858, 4.8885193, 39.524155, 110.88193, 90.538765, 8.398935, 3.1533875
3.082675, -35.782757, 27.798664, 36.418583, 0.0, 0.0, 0.0, 0
158.47275, 7.7391887, 31.78366, 33.997787, 113.22301, 67.93982, 6.923558, 2.6150723
2.9494557, -40.45716, 18.70503, 40.837814, 0.0, 0.0, 0.0, 0
149.8492, 11.110839, 26.429596, 31.649527, 79.96277, 56.37372, 8.551661, 3.512573
1.8151543, -36.022827, -50.87296, -13.104208, 0.0, 0.0, 0.0, 1
104.98248, 11.400833, 20.590088, 31.136894, 6.949646, 14.096924, 8.563873, 4.3147883
2.1534176, -37.673073, -42.06195, -20.264975, 0.0, 0.0, 0.0, 1
99.920204, 11.0877, 4.8871155, 25.156115, 54.040146, 66.984505, 3.854251, 7.483669
0.5805682, -59.96151, -22.576126, 17.462364, 0.0, 0.0, 0.0, -1
2.7017517, 17.771849, 85.00531, 43.5752, 19.467728, 15.297958, 20.445354, 21.823988
1.476813, -34.940453, -36.679245, -28.380299, 0.0, 0.0, 0.0, 1
13.11673, 16.379377, 70.09947, 43.479042, 4.216507, 0.117004395, 19.799696, 21.166988
2.888228, -73.76026, -23.80947, -2.4302623, 0.0, 0.0, 0.0, 0
142.0043, 7.7100205, 9.791672, 33.614246, 56.546295, 114.70805, 2.671769, 8.68417
3.6014104, -24.131765, 32.94664, 42.921593, 0.0, 0.0, 0.0, 0
136.92242, 22.800762, 64.98309, 26.366392, 84.30299, 155.90143, 4.363246, 14.031842
3.784559, -30.561548, 30.287127, 39.151325, 0.0, 0.0, 0.0, 0
134.298, 22.78696, 64.991394, 24.129221, 84.45419, 144.3475, 3.5361907, 9.505118
3.7636518, -30.316772, 30.83289, 38.850338, 0.0, 0.0, 0.0, 0
155.51901, 24.609118, 168.05713, 54.649624, 143.92078, 178.30334, 40.41413, 30.86383
0.62443405, 34.06888, 32.904976, 33.026146, 0.0, 0.0, 0.0, -1
172.33452, 22.648659, 136.81636, 55.58328, 175.72844, 150.00224, 41.175938, 28.899195
0.0033222781, 0.0, 0.0, 0.0, -40.024208, -20.264969, -39.710823, 3
140.97574, 19.703083, 105.28824, 55.586636, 152.62097, 118.17078, 40.32814, 26.056105
0.5181091, -38.455795, -31.506512, -30.037693, 0.0, 0.0, 0.0, -1
109.71312, 16.677038, 73.784836, 55.587128, 120.65404, 86.26802, 37.31251, 23.007212
2.735087, -39.24039, -32.15763, -28.601976, 0.0, 0.0, 0.0, 0
60.259613, 8.633852, 4.994385, 50.931408, 55.396362, 15.272339, 21.036348, 6.8061643
0.72189945, -64.566185, -30.426985, 5.0068216, 0.0, 0.0, 0.0, -1
39.85327, 6.1681285, 19.722137, 50.224186, 30.20227, 15.544525, 17.723978, 5.2347302
1.5521922, -49.89288, 0.6600789, 49.44705, 0.0, 0.0, 0.0, 0
118.87128, 5.0919914, 44.070404, 49.896053, 88.95413, 51.753876, 12.212959, 4.9201393
0.6498498, -51.244324, -24.366861, 24.388807, 0.0, 0.0, 0.0, -1
113.148834, 5.5775504, 25.84961, 49.411175, 67.96994, 35.292664, 9.797422, 4.7106614
1.7857122, -27.723286, -37.230495, -35.046223, 0.0, 0.0, 0.0, 1
51.876274, 5.2714214, 37.559692, 49.23186, 8.865906, 36.817078, 7.8703403, 4.672153
1.7688141, -29.522621, -35.05583, -35.42155, 0.0, 0.0, 0.0, 2
12.546682, 13.78226, 73.359085, 46.8646, 0.1085577, 3.969846, 17.54318, 16.509195
3.0251079, -72.212906, -23.588512, -4.198581, 0.0, 0.0, 0.0, 0
166.50099, 11.741861, 26.828499, 31.590122, 111.68814, 71.63272, 6.803634, 2.9482265
3.0741744, -35.558304, 21.079992, 43.361702, 0.0, 0.0, 0.0, 0
164.06166, 15.404188, 35.943146, 28.411482, 89.77069, 66.44638, 8.386626, 3.672684
0.5323505, -43.50234, -39.97201, 16.52565, 0.0, 0.0, 0.0, -1
142.72092, 15.948026, 20.86789, 28.217974, 67.005035, 46.16028, 8.678858, 3.8563263
1.9209828, -29.524979, -43.585777, -26.88924, 0.0, 0.0, 0.0, 1
80.50951, 17.18709, 26.641663, 28.203962, 7.2105713, 25.154877, 8.7091255, 4.8854156
1.7272557, -31.749388, -27.524298, -40.726315, 0.0, 0.0, 0.0, 2
164.60077, 54.102924, 164.52228, 54.656723, 162.6828, 173.12512, 54.99123, 35.10706
0.5760466, 33.434875, 33.214138, 33.35099, 0.0, 0.0, 0.0, -1
133.24745, 55.001015, 133.16847, 55.555073, 131.35747, 154.84773, 55.884, 34.044003
0.0013548683, 0.0, 0.0, 0.0, -39.894176, -20.212387, -39.89344, 3
101.84979, 55.001797, 101.77017, 55.555737, 99.96762, 123.107956, 53.040596, 31.119114
0.3430004, -33.741596, -32.609127, -33.649277, 0.0, 0.0, 0.0, -1
86.164795, 55.001884, 86.085144, 55.555862, 84.287964, 107.22711, 51.57027, 29.652727
2.7260122, -33.77442, -32.549057, -33.67652, 0.0, 0.0, 0.0, 0
5.0083923, 53.16226, 4.9223022, 53.715805, 3.091095, 25.886765, 40.825905, 19.061672
3.7599828, -33.88225, -32.348766, -33.76898, 0.0, 0.0, 0.0, 0
5.012207, 49.36318, 4.9194336, 49.916748, 2.9484863, 24.991943, 29.579206, 8.625444
2.840697, -35.781044, -28.618183, -35.600773, 0.0, 0.0, 0.0, 0
30.73938, 45.663635, 30.620178, 46.21479, 31.029907, 46.67694, 15.5681505, 4.304684
2.4675245, -37.174004, -25.866682, -36.959312, 0.0, 0.0, 0.0, 0
28.225922, 42.60229, 28.07785, 43.15055, 34.345398, 55.01947, 7.2972717, 2.7707324
0.45198163, -43.11268, -14.16835, -42.718975, 0.0, 0.0, 0.0, -1
4.9269104, 38.91341, 6.14624, 42.73064, 5.269043, 20.839142, 4.9159327, 3.4511507
1.9127768E-4, 0.0, 0.0, 0.0, 71.64089, 28.124016, 0.23509596, -1
4.990814, 38.35287, 8.099243, 42.730656, 7.220093, 23.970978, 4.915954, 3.7890134
0.0, 0.0, 0.0, 0.0, 76.13121, 23.631016, -0.2377778, 5
4.8548584, 37.80715, 10.262207, 42.730656, 9.16568, 26.340454, 4.962611, 4.117231
0.0, 0.0, 0.0, 0.0, 78.392105, 21.057846, 0.5500457, -1
4.993988, 37.247242, 12.193573, 42.730656, 10.4418335, 27.798737, 5.1190186, 4.4368005
1.10633875E-4, 0.0, 0.0, 0.0, 74.46132, 25.21498, -0.32370123, 5
4.928894, 33.344486, 27.66043, 42.730656, 21.535736, 36.63446, 4.7335386, 5.576284
0.0013349096, 0.0, 0.0, 0.0, 70.17335, 29.42516, 0.40148926, -1
4.913849, 32.18434, 32.593628, 42.730656, 25.54541, 40.60663, 4.7024145, 5.5452504
0.0020451795, 0.0, 0.0, 0.0, 70.0288, 29.621973, -0.349226, 5
4.943451, 31.623075, 35.00775, 42.73067, 27.577728, 42.795258, 4.6907306, 5.4951177
0.0023796249, 0.0, 0.0, 0.0, 69.46388, 30.237326, 0.29878816, -1
4.9789124, 29.940048, 42.574097, 42.730785, 33.828064, 48.982178, 4.6417265, 5.499291
0.0023795045, 0.0, 0.0, 0.0, 68.48453, 31.23401, -0.28146166, 5
4.850403, 29.382526, 45.316193, 42.73081, 36.058228, 51.369843, 4.6147885, 5.4652066
0.0024075839, 0.0, 0.0, 0.0, 68.78561, 31.025679, 0.18871333, -1
4.922577, 27.140484, 56.281494, 42.730938, 45.37567, 61.48535, 4.541569, 5.328677
0.0018374596, 0.0, 0.0, 0.0, 66.10149, 33.69622, -0.20229681, 5
1.1968546, 14.768839, 94.070946, 37.982876, 13.065089, 15.825099, 18.521095, 16.708332
1.0564315, -21.393787, -42.937244, -35.66897, 0.0, 0.0, 0.0, 1
16.691011, 14.013015, 79.45041, 38.09706, 1.9035034, 1.0466614, 17.859272, 16.058195
2.774619, -76.16414, -9.777116, 14.058746, 0.0, 0.0, 0.0, 0
178.0202, 10.31008, 13.538643, 20.85695, 124.965904, 115.8146, 4.499848, 3.8042557
3.7359324, -29.732948, 27.778057, 42.489, 0.0, 0.0, 0.0, 0
134.744, 16.524303, 4.820526, 14.510661, 106.52791, 105.628204, 2.8008063, 3.3130739
2.886682, -42.172356, 28.328154, 29.499487, 0.0, 0.0, 0.0, 0
145.01689, 18.400194, 6.5299377, 9.949585, 113.8421, 150.07166, 3.1886454, 4.230681
0.5660668, -41.08936, 28.588285, 30.322355, 0.0, 0.0, 0.0, -1
162.58138, 17.322876, 22.241882, 9.462607, 97.772446, 167.19144, 3.446875, 3.849896
0.07907529, 0.0, 0.0, 0.0, 48.75373, -17.817453, -33.428818, -1
179.34691, 15.939517, 37.89746, 9.383474, 63.49327, 177.71817, 3.677732, 3.5640862
0.57669127, 33.59823, -29.82257, 36.5792, 0.0, 0.0, 0.0, -1
146.95891, 13.0470705, 69.430145, 9.383503, 12.78894, 146.28166, 3.91839, 3.5417325
1.8552644, 55.01884, -13.655135, 31.326023, 0.0, 0.0, 0.0, 1
108.680534, 10.450282, 100.852715, 9.383533, 38.82241, 109.73348, 3.0580137, 3.2211432
2.036123, 61.249687, 9.955685, 28.794632, 0.0, 0.0, 0.0, -1
93.119156, 8.472327, 116.36992, 9.739098, 96.81151, 85.36325, 2.7254877, 2.0299127
1.7558435, 8.435615, 33.88668, 57.677704, 0.0, 0.0, 0.0, -1
84.78871, 7.80518, 127.8208, 10.141204, 127.2782, 90.733475, 3.455136, 1.7655714
1.474398, -27.249369, 23.901932, 48.848698, 0.0, 0.0, 0.0, 0
107.364815, 6.512272, 84.651306, 10.231037, 91.177826, 175.68512, 3.688436, 2.3633478
1.1162516, -33.47938, 22.940521, 43.580097, 0.0, 0.0, 0.0, 0
105.4609, 6.524438, 84.99707, 9.873137, 94.37152, 179.94147, 3.3984373, 3.1358633
0.39322588, -34.58113, 24.186424, 41.232445, 0.0, 0.0, 0.0, -1
85.587975, 6.4412584, 102.74261, 9.697902, 110.170586, 167.58891, 3.3455184, 3.5728498
0.015730795, 0.0, 0.0, 0.0, 45.580692, -16.354197, -38.065113, -1
62.951622, 6.1905, 118.51745, 9.690856, 124.75155, 156.6937, 3.3618567, 3.672615
0.6644755, 48.2789, 12.468609, -39.25249, 0.0, 0.0, 0.0, -1
35.214756, 6.091662, 134.15373, 9.690856, 140.38783, 146.46921, 3.3618567, 3.7803068
1.0112607, 50.6014, 18.577631, -30.820972, 0.0, 0.0, 0.0, 2
1.6138306, 16.689407, 93.048965, 36.938232, 14.977829, 15.807144, 20.25898, 18.341686
1.1525074, -24.284626, -41.109497, -34.605877, 0.0, 0.0, 0.0, 1
14.23732, 15.967657, 78.35422, 36.953075, 0.37721252, 0.53544617, 19.554697, 17.640049
2.2120223, -79.35205, -15.381201, 5.2667494, 0.0, 0.0, 0.0, 0
100.4626, 14.844515, 4.992096, 33.248905, 80.601074, 72.25197, 13.609835, 7.8189607
3.7581947, -69.60945, 3.680663, 26.709887, 0.0, 0.0, 0.0, 0
106.14627, 12.621893, 4.9925995, 31.74504, 82.25183, 67.22377, 10.784362, 5.2846813
3.7063997, -63.831306, 5.4356923, 30.733004, 0.0, 0.0, 0.0, 0
114.35681, 10.333401, 4.993149, 30.242733, 82.89337, 60.12462, 8.151479, 3.6215124
2.6569588, -50.53853, 13.068554, 36.392918, 0.0, 0.0, 0.0, 0
178.58806, 6.980656, 48.55797, 26.238106, 169.87126, 85.36304, 6.0306296, 3.2432513
3.6592946, -25.190413, 32.667336, 42.14225, 0.0, 0.0, 0.0, 0
152.7565, 8.573542, 52.20172, 24.297562, 129.63232, 85.581955, 8.744928, 3.4320638
3.6872897, -25.73211, 28.352201, 45.91569, 0.0, 0.0, 0.0, 0
3.367301, 25.65629, 76.263504, 47.685623, 16.513687, 13.936203, 23.300348, 24.670517
4.3149266, -13.581692, -43.28369, -43.134617, 0.0, 0.0, 0.0, 1
2.9381218, 18.841694, 80.000885, 47.02629, 19.085938, 9.882774, 20.521484, 21.663607
2.209213, -54.669357, -28.508532, -16.822113, 0.0, 0.0, 0.0, 0
151.79298, 5.343243, 11.480011, 35.9956, 49.851532, 99.324554, 2.2806752, 5.5217524
0.7059419, -47.345257, 7.235746, 45.41899, 0.0, 0.0, 0.0, -1
148.53384, 4.7059903, 21.295288, 35.650257, 45.117493, 91.15195, 3.0276737, 6.240324
1.427399, -34.97114, -51.20097, -13.827891, 0.0, 0.0, 0.0, 1
67.32892, 6.2855797, 41.94818, 35.2859, 46.398865, 14.981781, 4.742595, 7.2413344
1.012115, -31.592852, -37.078274, -31.328875, 0.0, 0.0, 0.0, 1
41.86695, 6.6671824, 67.075195, 34.919003, 75.58905, 53.12973, 4.344837, 6.829734
0.27489462, -31.670916, -32.56884, -35.760242, 0.0, 0.0, 0.0, -1
1.0146275, 8.215668, 102.230316, 34.7843, 109.316956, 95.37955, 4.3845496, 6.307924
7.200241E-5, 0.0, 0.0, 0.0, -58.99795, -34.665325, 6.3367157, 3
4.946417, 10.54666, 95.18098, 34.784275, 100.9578, 85.54694, 4.8985357, 5.6877728
0.55400515, -27.535168, -27.203285, -45.261547, 0.0, 0.0, 0.0, -1
4.972641, 13.097287, 88.10218, 34.78425, 93.77952, 76.74601, 4.9034376, 5.380488
1.9739721, -28.389872, -20.758614, -50.851517, 0.0, 0.0, 0.0, 2
1.6889386, 17.75114, 74.739204, 34.359627, 89.19004, 71.02372, 5.0998645, 4.970659
1.8371975, -30.387419, -13.166828, -56.445755, 0.0, 0.0, 0.0, 2
0.53671736, 21.149635, 74.47781, 33.42415, 95.580475, 79.37317, 5.541633, 4.9360332
0.5277863, -29.714066, -14.887911, -55.39802, 0.0, 0.0, 0.0, -1
149.37912, 23.960985, 176.81772, 52.099087, 171.83041, 176.91827, 47.56797, 51.17321
0.6198882, 35.81192, 35.796177, 28.391903, 0.0, 0.0, 0.0, -1
175.43674, 24.05003, 145.31981, 53.060966, 140.464, 145.41856, 45.595318, 49.1918
0.0032906674, 0.0, 0.0, 0.0, -44.757885, -22.379606, -32.86251, 3
147.70499, 23.658678, 97.8946, 53.06537, 93.10316, 97.992165, 41.18885, 44.78585
0.4942788, -38.029118, -37.957947, -24.012938, 0.0, 0.0, 0.0, -1
135.74545, 23.715406, 82.14627, 53.06584, 77.38101, 82.24332, 39.620804, 43.218845
2.3901587, -40.5405, -40.466175, -18.99332, 0.0, 0.0, 0.0, 0
85.56865, 25.559677, 4.929016, 50.314976, 0.0064697266, 5.029785, 26.605978, 30.168457
3.7863016, -48.841328, -48.730297, -2.4283738, 0.0, 0.0, 0.0, 0
91.417496, 25.548487, 4.928833, 48.00465, 0.23693848, 5.034363, 19.793337, 23.35563
3.6555328, -48.76545, -48.634518, 2.6000328, 0.0, 0.0, 0.0, 0
98.18138, 25.543133, 4.9291077, 44.989193, 0.20767212, 5.032135, 10.941405, 14.592941
2.95611, -43.679, -43.861866, 12.459134, 0.0, 0.0, 0.0, 1
99.86658, 25.59732, 4.9291077, 44.234825, 0.06536865, 4.9890137, 9.124214, 12.938388
2.281292, -33.681126, -29.50168, 36.817196, 0.0, 0.0, 0.0, 0
135.20282, 24.207787, 43.50763, 42.08199, 48.025238, 65.46507, 5.2974825, 7.8597994
1.1996198, -31.647896, -13.138856, 55.21325, 0.0, 0.0, 0.0, 0
137.96527, 24.379894, 48.210327, 41.712852, 55.878723, 78.3147, 4.914642, 6.862039
0.46023065, -33.03548, -10.139618, 56.824898, 0.0, 0.0, 0.0, -1

NONPOS KNOWLEDGE:
4.921816, 19.98943, 73.104004, 32.80422, 71.896545, 76.14944, 4.899458, 5.514182
0.96586144, -19.974056, -12.93852, -67.087425, 0.0, 0.0, 0.0, -1
4.9448586, 15.889458, 71.53863, 28.86142, 75.1708, 121.08788, 4.756311, 3.271877
0.0023454633, 0.0, 0.0, 0.0, 46.876884, 19.980959, 33.14216, -1
11.089694, 15.295214, 87.43834, 28.860943, 91.06688, 136.98708, 4.755778, 3.2714033
0.0015660968, 0.0, 0.0, 0.0, -29.657566, -65.23052, -5.1119156, 4
28.593487, 14.449556, 104.70923, 28.858637, 70.571014, 121.70456, 7.074244, 2.9126298
4.680638E-5, 0.0, 0.0, 0.0, -40.150043, 5.196065, 54.65389, 3
55.280945, 12.439486, 25.787292, 28.858402, 26.8479, 34.431824, 11.252143, 5.820636
6.3246555, -9.400871, 41.948837, 48.650295, 0.0, 0.0, 0.0, 0
169.63997, 19.298655, 79.66452, 27.163357, 148.07144, 154.36595, 18.326296, 17.041286
4.7739024, 9.650889, 44.587566, 45.761543, 0.0, 0.0, 0.0, -1
153.48648, 24.897753, 83.31851, 28.230888, 144.8753, 141.30064, 23.373066, 22.690748
0.5473801, 15.32796, 41.95845, 42.71359, 0.0, 0.0, 0.0, -1
122.05312, 25.36276, 52.699585, 28.350657, 113.83442, 110.10643, 23.692503, 23.236727
0.020329881, 0.0, 0.0, 0.0, 9.418412, -27.947336, -62.634254, 5
58.878204, 25.421371, 10.379028, 28.362585, 51.031597, 47.246273, 23.391022, 23.616327
0.0016997425, 0.0, 0.0, 0.0, 45.81856, -10.3305645, -43.850876, -1
3.9194336, 25.915394, 83.34093, 36.458702, 85.67265, 74.91676, 5.464683, 4.147356
5.2276807, 4.575621, 22.426853, -72.99753, 0.0, 0.0, 0.0, 2
1.2660828, 17.600424, 93.84897, 36.73568, 135.55362, 125.42813, 7.340004, 6.290803
0.25911236, 6.9534883, 38.81611, -54.230404, 0.0, 0.0, 0.0, -1
16.936096, 16.76948, 78.54997, 36.767456, 124.01387, 109.767136, 6.6756296, 6.0473676
0.0022433018, 0.0, 0.0, 0.0, 73.87142, -23.165325, -2.9632533, 4
32.656387, 15.582414, 62.54973, 36.76786, 118.35164, 65.113266, 4.2636733, 4.8248754
0.0011925567, 0.0, 0.0, 0.0, 53.265846, 12.4972725, 34.236874, -1
30.915909, 13.203401, 125.56142, 36.768436, 164.78749, 72.33354, 2.8498077, 7.0228195
0.24554166, 39.049896, 16.032188, 44.917915, 0.0, 0.0, 0.0, -1
46.879807, 12.570622, 141.386, 36.768593, 148.96431, 82.954895, 2.8501148, 7.866268
3.2786314, 31.883469, 28.301447, 39.815083, 0.0, 0.0, 0.0, -1
133.88783, 11.080457, 141.80714, 37.915657, 146.8445, 157.09485, 4.4090366, 11.739043
3.6262078, 1.6898106, 40.105827, 58.204357, 0.0, 0.0, 0.0, -1
153.75067, 11.738004, 127.37184, 38.230095, 153.74445, 175.15694, 6.1461797, 12.685452
8.321492, -15.475323, 38.334606, 46.19007, 0.0, 0.0, 0.0, 0
142.90799, 17.284937, 60.129974, 36.315594, 119.77463, 126.758026, 15.352355, 16.62046
5.660653, -10.282879, 43.369293, 46.347828, 0.0, 0.0, 0.0, 0
151.48499, 22.823666, 70.04648, 34.098602, 134.4088, 139.77576, 18.321278, 21.46716
3.1099784, -8.964609, 44.080242, 46.955147, 0.0, 0.0, 0.0, 0
147.67482, 23.251791, 67.59201, 33.67583, 131.7848, 137.80429, 20.38193, 22.370302
0.40021548, -5.7751017, 45.805317, 48.419582, 0.0, 0.0, 0.0, -1
85.415634, 23.13665, 6.0288086, 33.5173, 71.17528, 76.53859, 20.939665, 22.402397
0.01997409, 0.0, 0.0, 0.0, 34.296722, -18.909422, -46.793854, 5
53.773895, 23.111782, 25.610336, 33.51728, 40.00856, 45.03743, 20.96527, 22.061102
0.0015228533, 0.0, 0.0, 0.0, 45.27767, -11.194983, -43.52734, -1
107.2085, 9.991111, 64.076996, 22.463991, 62.8369, 25.309662, 3.559123, 4.1189766
0.8156653, 23.70932, 32.469658, -43.821022, 0.0, 0.0, 0.0, -1
32.071266, 9.991137, 146.58665, 22.464106, 94.18466, 56.734253, 3.5594296, 3.7718918
3.150797, 41.868362, 27.905035, -30.226606, 0.0, 0.0, 0.0, 2
35.365692, 5.0075717, 154.28027, 23.914883, 153.09009, 127.43158, 5.013027, 3.7315736
4.7376347, 23.423191, 38.939835, 37.636974, 0.0, 0.0, 0.0, -1
72.83676, 4.7295604, 123.93281, 24.247177, 126.13044, 95.63496, 5.3401585, 3.3919756
8.619522, -6.5902524, 39.622982, 53.786766, 0.0, 0.0, 0.0, 0
113.33038, 23.927832, 176.08981, 26.187122, 126.38922, 122.68411, 22.40235, 21.702986
0.0024914036, 0.0, 0.0, 0.0, -39.978916, -20.045025, -39.976063, 3
19.23677, 23.92865, 81.993195, 26.186462, 31.99858, 28.296448, 22.323906, 21.655342
0.0023083382, 0.0, 0.0, 0.0, -39.871113, -19.866428, -40.26246, 5
54.964714, 22.398045, 142.53522, 50.80847, 119.10685, 147.0987, 48.647583, 38.31045
6.5631113, 16.852386, 2.8131378, -80.33448, 0.0, 0.0, 0.0, 2
22.704575, 12.630021, 80.33621, 52.68028, 55.708893, 82.383545, 36.613976, 36.261826
1.0962865, 18.938711, 3.1959667, -77.865326, 0.0, 0.0, 0.0, 2
38.355804, 11.761133, 65.41322, 52.918427, 40.567963, 67.15608, 35.073776, 35.114468
0.23113616, 5.461277, -12.004242, -82.534485, 0.0, 0.0, 0.0, -1
54.29474, 11.532915, 49.92624, 52.9334, 24.43451, 51.01999, 33.48689, 33.657482
0.0013140888, 0.0, 0.0, 0.0, -19.24939, -8.414226, 72.33639, 3
70.09622, 11.53281, 34.12291, 52.933357, 7.8645325, 34.42177, 32.083195, 32.27113
0.74041015, -25.74179, -10.280722, 63.977486, 0.0, 0.0, 0.0, -1
85.866165, 11.532899, 18.35173, 52.93313, 8.741226, 17.776749, 30.689142, 30.878916
6.374515, -23.160744, 4.963823, 71.87543, 0.0, 0.0, 0.0, 0
169.76323, 17.879774, 69.28488, 50.836037, 114.071686, 89.81926, 23.454456, 20.95558
3.862709, -10.227218, 33.243683, 56.5291, 0.0, 0.0, 0.0, 0
163.48598, 22.992765, 76.401825, 49.443558, 142.27275, 129.91446, 23.189919, 20.267555
0.5667018, -7.097153, 42.14873, 50.75412, 0.0, 0.0, 0.0, -1
98.30885, 23.450249, 14.453018, 49.319595, 83.33472, 74.809586, 23.172285, 21.209782
4.61066E-4, 0.0, 0.0, 0.0, 42.129173, -10.249444, -47.62138, 5
106.38217, 30.00152, 163.771, 61.72008, 160.96559, 165.3221, 60.828556, 62.152985
0.6099776, 42.035866, 41.867218, 16.096914, 0.0, 0.0, 0.0, -1
74.28525, 30.33709, 132.4099, 62.663074, 128.27066, 132.5964, 59.206646, 60.54093
0.0019381536, 0.0, 0.0, 0.0, -42.760025, -22.455317, -34.78466, 3
57.3956, 30.339817, 116.64003, 62.66365, 111.76378, 116.1116, 57.943073, 59.275803
0.36774898, -37.5021, -37.759407, -24.738493, 0.0, 0.0, 0.0, -1
40.423996, 30.353981, 100.790665, 62.663647, 95.14604, 99.5163, 56.69461, 58.02047
6.130992, -39.315838, -39.877987, -20.806171, 0.0, 0.0, 0.0, 1
55.681442, 28.273447, 15.98465, 58.678173, 4.048355, 9.02652, 45.325775, 46.60208
5.7185507, -42.498344, -43.410892, -14.090771, 0.0, 0.0, 0.0, 1
66.599396, 25.644459, 17.262787, 52.67244, 2.184204, 3.9837341, 34.67387, 35.81388
2.6673148, -44.745422, -45.427025, -9.827549, 0.0, 0.0, 0.0, 1
56.523575, 24.747478, 36.08554, 49.19217, 6.1908875, 13.872986, 27.284489, 28.164085
0.48067668, -45.950085, -45.908962, -8.140952, 0.0, 0.0, 0.0, -1
25.95691, 24.672655, 67.74048, 48.776836, 34.859802, 42.87027, 26.036798, 26.820099
0.05394311, 0.0, 0.0, 0.0, 42.86409, 10.013795, -47.122116, 5
82.88453, 25.733788, 4.6342316, 25.504515, 0.7028961, 41.70395, 4.794756, 6.676537
5.1929975, 7.8074746, 3.5514693, -88.64105, 0.0, 0.0, 0.0, 2
35.737457, 20.980844, 168.31966, 34.7975, 138.62401, 151.32854, 21.95719, 30.804646
8.7097845, 46.65305, 50.07156, -3.2753804, 0.0, 0.0, 0.0, 2
72.10039, 21.211412, 139.37894, 36.607468, 171.05215, 124.99609, 24.423193, 29.438482
7.4569955, 42.468945, 46.373863, 11.157187, 0.0, 0.0, 0.0, -1
104.91199, 23.167747, 148.54494, 45.767994, 170.76894, 149.14024, 34.007828, 27.737175
2.6634393, 37.990147, 42.661682, 19.348171, 0.0, 0.0, 0.0, -1
112.83765, 24.656143, 151.25937, 48.783348, 164.90726, 161.35507, 33.05524, 26.397823
0.35771295, 38.221405, 42.6455, 19.133091, 0.0, 0.0, 0.0, -1
89.662895, 24.812353, 175.40158, 49.090748, 139.37912, 172.05469, 32.351547, 25.749357
0.0023930143, 0.0, 0.0, 0.0, -36.11101, -26.313507, -37.575478, 5
0.5592041, 9.569657, 65.15384, 45.400658, 59.822876, 78.14819, 4.965434, 5.041256
2.211465, -27.281734, -2.049995, -70.66827, 0.0, 0.0, 0.0, 2
1.6418228, 5.4089704, 83.857124, 44.37583, 93.54746, 106.48365, 4.6850953, 5.7685823
0.41620594, -17.821949, 14.797497, -67.380554, 0.0, 0.0, 0.0, -1
32.617695, 4.209344, 53.36374, 44.23943, 70.69086, 81.736755, 4.712101, 5.9408464
0.0021620367, 0.0, 0.0, 0.0, -23.102478, -32.376896, 44.520626, 4
48.284515, 4.208634, 37.7023, 44.239204, 55.033173, 66.07837, 4.7119713, 5.940784
2.6381974, -28.534832, -36.635773, 34.829395, 0.0, 0.0, 0.0, 1
70.11807, 4.2467885, 6.2226257, 44.23869, 18.80716, 34.606415, 4.71141, 5.9406834
7.9002485, -38.4533, 6.3382583, 55.208443, 0.0, 0.0, 0.0, 0
147.9281, 8.26972, 59.40046, 41.31314, 110.22157, 113.997025, 7.145119, 3.2183647
8.564151, -16.793772, 39.29712, 43.909107, 0.0, 0.0, 0.0, 0
159.357, 23.446363, 76.15225, 35.052036, 147.28523, 156.04413, 21.501678, 18.738352
2.2679133, -4.900385, 47.11274, 47.986877, 0.0, 0.0, 0.0, 0
135.83661, 25.076334, 54.335022, 34.83213, 124.676636, 131.16734, 23.009888, 20.129772
0.24248593, -1.0129702, 48.80076, 50.186264, 0.0, 0.0, 0.0, -1
104.677704, 25.418291, 23.555054, 34.79728, 93.69337, 99.17686, 23.328623, 20.403759
0.010092024, 0.0, 0.0, 0.0, 26.084127, -22.978552, -50.937317, 5
73.247215, 25.433914, 7.858368, 34.79585, 62.27027, 66.78276, 23.343136, 20.394217
9.4771385E-6, 0.0, 0.0, 0.0, 41.50754, -17.070944, -41.421513, -1
57.05529, 9.075025, 158.12276, 23.312733, 172.0237, 161.6473, 6.1202936, 3.2845585
0.5940586, 32.91897, 21.398289, -45.682743, 0.0, 0.0, 0.0, -1
29.700981, 8.6467085, 170.39407, 23.31224, 153.84705, 171.28192, 6.023209, 3.5603683
1.4599301, 31.27157, 29.558104, -39.170322, 0.0, 0.0, 0.0, 2
0.13562012, 6.596394, 135.78143, 23.6834, 122.70483, 142.31732, 5.341283, 3.9676766
0.56006944, 31.08429, 31.20499, -37.710724, 0.0, 0.0, 0.0, -1
39.077446, 4.768542, 168.91188, 24.281712, 160.2375, 179.92503, 5.5761714, 4.5509963
0.0022959057, 0.0, 0.0, 0.0, -33.751175, -15.876463, 50.37236, 3
82.70429, 3.9507558, 159.62587, 24.281149, 173.68324, 155.87547, 5.0914955, 4.298362
6.25548, -19.2157, 21.615229, 59.16907, 0.0, 0.0, 0.0, 0
172.83722, 8.310933, 80.49481, 23.046137, 134.45074, 122.07421, 7.4385557, 6.2389426
9.217833, -3.2786825, 45.591076, 51.13024, 0.0, 0.0, 0.0, 0
172.2028, 10.474683, 84.83977, 22.655989, 144.20547, 135.05121, 9.052773, 7.591754
8.387367, 4.602628, 45.78079, 49.61658, 0.0, 0.0, 0.0, -1
161.27237, 23.773466, 105.169235, 23.761425, 156.44629, 155.79214, 21.790226, 19.43676
2.5211353, 15.442738, 41.86065, 42.696617, 0.0, 0.0, 0.0, -1
158.79872, 25.983189, 108.20366, 24.450693, 155.33499, 154.84068, 23.77652, 21.323015
0.5520772, 18.45829, 40.633636, 40.908073, 0.0, 0.0, 0.0, -1
61.468, 27.56505, 15.685464, 24.827803, 59.4388, 58.94304, 25.002264, 22.241299
1.449585E-4, 0.0, 0.0, 0.0, 29.205626, -20.74738, -50.046997, 5
9.804852, 36.6084, 34.007374, 24.827808, 1.9804268, 10.394392, 31.245205, 32.33832
4.493869, -33.577232, -33.018337, -33.404434, 0.0, 0.0, 0.0, 0
9.825016, 38.427505, 31.573809, 24.827808, 3.6107273, 11.446703, 36.129784, 34.457764
9.1668415, -33.383263, -33.175354, -33.44138, 0.0, 0.0, 0.0, 2
5.252651, 35.823147, 18.203125, 21.344414, 12.691746, 3.255499, 33.38702, 32.075226
9.293823, -32.707012, -33.43464, -33.85835, 0.0, 0.0, 0.0, 2
6.8805695, 29.04957, 25.413168, 12.490013, 16.991045, 4.774498, 26.793736, 25.4016
9.320908, -12.726318, -42.48755, -44.786137, 0.0, 0.0, 0.0, 2
9.861068, 20.9143, 85.39417, 4.1893005, 24.385166, 10.565221, 19.449183, 16.244349
9.210272, 34.174, -30.262438, -35.563557, 0.0, 0.0, 0.0, 2
5.274353, 15.664857, 84.31329, 37.033302, 98.95007, 87.42078, 4.7705216, 6.1109376
0.0, 0.0, 0.0, 0.0, -33.65792, -17.866158, 48.475925, 3
52.382507, 15.111236, 37.061066, 37.033302, 51.683197, 40.17639, 4.7713523, 6.1117105
1.2329708, -25.743324, -28.859764, 45.39691, 0.0, 0.0, 0.0, 1
65.97189, 14.896294, 21.282227, 37.033302, 35.89943, 24.400116, 4.771579, 6.1119857
6.566247, -35.1036, -3.4900606, 61.406334, 0.0, 0.0, 0.0, 0
136.75012, 16.595623, 57.717285, 35.51433, 79.76764, 88.80289, 7.2125683, 8.356249
6.7587566, -21.003195, 33.56304, 45.43376, 0.0, 0.0, 0.0, 0
134.27051, 22.134684, 61.695923, 31.567215, 126.73273, 125.47833, 13.09415, 18.284248
2.364109, -18.378529, 39.522667, 42.098804, 0.0, 0.0, 0.0, 0
7.594513, 24.726677, 71.96127, 29.130726, 14.566081, 17.216492, 21.00142, 21.95521
7.0861673, -25.866592, -38.798336, -35.33507, 0.0, 0.0, 0.0, 1
19.716858, 18.959265, 59.888397, 23.343784, 5.118561, 12.31485, 13.568873, 14.823522
9.036113, -19.933445, -42.382698, -37.68386, 0.0, 0.0, 0.0, 1
25.040253, 13.797702, 77.715485, 20.114244, 5.16037, 19.682373, 6.8780694, 8.652241
8.675983, -66.55762, 4.820027, -28.622356, 0.0, 0.0, 0.0, 0
0.37330627, 36.988567, 70.05388, 51.685505, 65.1678, 64.8936, 35.471107, 43.975136
6.8580046, -20.165506, -31.264233, -48.570263, 0.0, 0.0, 0.0, 2
15.440224, 30.248907, 71.65117, 47.547737, 58.833576, 59.63973, 26.61936, 34.002186
2.8836162, -18.418844, -31.755054, -49.826103, 0.0, 0.0, 0.0, 2
4.8916645, 26.396059, 91.424736, 45.969563, 65.53939, 70.12719, 20.415043, 26.584143
0.3642611, -16.541803, -35.415794, -48.042404, 0.0, 0.0, 0.0, -1
7.7176666, 4.168703, 97.22304, 40.05264, 105.668686, 87.57695, 4.8457813, 4.8752594
6.249324E-5, 0.0, 0.0, 0.0, -38.22408, -17.003553, 44.77237, 3
66.56271, 3.425761, 38.380966, 40.596874, 34.43373, 10.074997, 4.2565265, 4.6893625
0.8532883, -36.79939, -7.8965783, 55.30403, 0.0, 0.0, 0.0, -1
82.36066, 3.426088, 22.585175, 40.596874, 16.292114, 9.034332, 4.5543613, 4.8335958
5.988425, -26.80309, 18.727577, 54.469334, 0.0, 0.0, 0.0, 0
147.51498, 4.264563, 41.228607, 40.214993, 68.01065, 89.812164, 4.87031, 5.216473
9.174385, -15.5017805, 36.41626, 48.08196, 0.0, 0.0, 0.0, 0
172.54393, 18.593182, 82.009735, 35.56018, 157.32121, 153.86661, 17.796589, 19.470034
3.9705188, 2.192309, 48.28579, 49.5219, 0.0, 0.0, 0.0, -1
173.61725, 21.829676, 87.861786, 35.548138, 160.70572, 157.01958, 20.294363, 21.848518
2.039159, 2.6007106, 48.111435, 49.287853, 0.0, 0.0, 0.0, -1
163.52663, 22.71794, 79.1418, 35.60208, 151.15523, 147.75064, 21.155666, 22.445871
0.69549674, 3.648107, 47.625057, 48.726837, 0.0, 0.0, 0.0, -1
67.981384, 10.869715, 32.065018, 24.12462, 32.29245, 70.84541, 3.5086994, 4.4992075
1.8202987, 11.391012, 34.927776, -53.681213, 0.0, 0.0, 0.0, 2
5.0992584, 8.643841, 90.480804, 24.124348, 91.93028, 126.59543, 3.5416803, 3.9873567
1.9367304, 11.585522, 36.116165, -52.29831, 0.0, 0.0, 0.0, 2
1.1853333, 5.941516, 98.1893, 24.321726, 111.601, 140.38655, 3.8626094, 4.2082562
0.968426, 11.154783, 39.914516, -48.930702, 0.0, 0.0, 0.0, -1
16.613586, 4.773857, 115.67607, 24.456106, 136.63109, 161.58467, 4.2053075, 4.8072963
1.5041174, 25.623386, 44.11411, -30.262508, 0.0, 0.0, 0.0, 2
48.053566, 4.5033655, 147.65515, 24.49871, 170.72253, 165.07541, 4.3311553, 4.809247
2.9416258, 29.107744, 46.826546, -24.06571, 0.0, 0.0, 0.0, 2
86.99981, 4.3381686, 179.08215, 24.49825, 157.8454, 136.17822, 4.33085, 2.010363
2.5357246, 31.249207, 49.60808, -19.142706, 0.0, 0.0, 0.0, 2
157.18369, 3.1198738, 145.67952, 25.650229, 115.895065, 124.693954, 6.095427, 1.6892903
0.99904937, -32.64117, -46.33041, 21.028416, 0.0, 0.0, 0.0, -1
46.73143, 5.2602854, 52.457245, 38.148014, 53.672974, 41.777878, 6.0172687, 3.894038
0.0, 0.0, 0.0, 0.0, -22.349323, 7.190437, 70.46024, 3
62.536407, 5.260338, 36.65468, 38.148014, 37.871017, 20.857132, 6.017727, 4.006069
0.8682579, -29.545189, -15.837492, 54.61732, 0.0, 0.0, 0.0, -1
80.04637, 4.9892836, 20.964142, 38.148014, 21.108948, 0.66404724, 6.098185, 4.135523
4.5560484, -27.613956, 11.858431, 60.52761, 0.0, 0.0, 0.0, 0
173.8957, 17.646345, 80.621, 34.478428, 149.2659, 156.9334, 14.885576, 16.190025
7.2331734, 14.418478, 44.778446, 40.803078, 0.0, 0.0, 0.0, -1
174.1051, 21.617807, 87.23024, 34.40158, 157.50858, 160.46931, 18.099695, 20.002977
3.3565896, 4.906604, 47.216873, 47.87652, 0.0, 0.0, 0.0, -1
174.17152, 23.435303, 90.245056, 34.521545, 164.29297, 161.50056, 20.571735, 21.78491
1.5460069, 6.058481, 46.811443, 47.130074, 0.0, 0.0, 0.0, -1
105.539925, 11.37536, 69.043915, 23.107565, 67.719315, 26.34665, 3.5664659, 3.4551253
1.238971, 35.881336, 30.037292, -34.08137, 0.0, 0.0, 0.0, 2
6.4809036, 8.540544, 168.71484, 24.312386, 170.57648, 152.77591, 4.775777, 3.7003443
0.3232189, 34.830563, 33.414814, -31.754622, 0.0, 0.0, 0.0, -1
9.312798, 7.590394, 175.32712, 24.625029, 172.9827, 170.73874, 5.0907125, 3.9858248
2.1798916, 36.116566, 42.382793, -21.500637, 0.0, 0.0, 0.0, 2
41.327522, 6.425092, 143.91078, 24.628563, 141.56033, 157.8205, 5.094277, 3.989959
4.1590242, 39.724667, 53.46864, -6.8066955, 0.0, 0.0, 0.0, 2
57.442368, 5.951522, 128.09756, 24.628532, 116.0254, 144.17426, 4.5660343, 3.9336548
6.126651, 21.81371, 50.02598, 28.160309, 0.0, 0.0, 0.0, -1
83.94542, 5.1685166, 116.71391, 25.557673, 87.88556, 146.08328, 3.2175322, 4.978926
8.735258, -7.380721, 40.31108, 52.308197, 0.0, 0.0, 0.0, 0
179.5905, 10.949261, 85.0269, 25.515343, 148.72127, 154.50728, 7.3575926, 9.286716
9.12495, -4.2665215, 46.308907, 49.424576, 0.0, 0.0, 0.0, 0
177.83334, 13.110498, 88.83043, 25.260586, 153.70547, 157.91302, 9.124537, 11.173516
7.036147, 4.945399, 46.641804, 48.412796, 0.0, 0.0, 0.0, -1
162.82242, 26.797365, 102.39502, 26.33492, 152.97488, 155.62518, 20.282118, 23.20538
1.3678346, 14.475139, 42.111763, 43.4131, 0.0, 0.0, 0.0, -1
147.07117, 28.031548, 88.9617, 26.602316, 137.82669, 140.56339, 21.24026, 24.26328
0.5152007, 15.0822525, 41.81897, 43.098778, 0.0, 0.0, 0.0, -1
114.97241, 28.882391, 58.48233, 26.757174, 106.06488, 108.95978, 21.831882, 24.949932
0.028666168, 0.0, 0.0, 0.0, 5.291043, -30.699413, -64.009544, 5
50.485413, 29.734627, 4.2622986, 26.776505, 41.81552, 45.069885, 22.195505, 25.513638
0.0018935655, 0.0, 0.0, 0.0, 38.477737, -17.269886, -44.25238, 5
4.9672546, 5.557613, 64.547424, 47.133904, 64.67648, 81.295135, 4.9916453, 5.919782
1.3266658E-4, 0.0, 0.0, 0.0, -35.227108, -21.296164, 43.476727, 3
29.32544, 5.5560875, 40.181305, 47.133453, 37.27411, 51.567688, 4.9245915, 5.805291
2.3399794, -34.838745, -27.608685, 37.55257, 0.0, 0.0, 0.0, 0
138.12881, 24.672441, 50.667694, 39.501106, 134.38382, 127.583954, 19.82112, 18.947788
0.3038578, -4.92939, 47.18537, 47.885235, 0.0, 0.0, 0.0, -1
106.575134, 24.961699, 19.437683, 39.471764, 102.907715, 96.21644, 20.106968, 19.22555
0.0113589, 0.0, 0.0, 0.0, 29.94556, -21.53724, -48.517204, 5
74.962296, 24.972895, 12.16272, 39.47061, 71.29717, 64.61104, 20.117937, 19.237324
7.1525574E-5, 0.0, 0.0, 0.0, 42.519234, -15.418405, -42.062363, -1
4.8786077, 21.540697, 85.5711, 29.473028, 85.77633, 86.17245, 6.0766735, 4.4922247
2.4734163, -5.664107, 12.228329, -82.10757, 0.0, 0.0, 0.0, 2
57.454865, 33.127872, 108.50557, 66.02493, 128.36618, 87.29607, 46.403355, 45.462074
0.24802342, -38.554688, -36.10844, -25.33687, 0.0, 0.0, 0.0, -1
40.920837, 33.085365, 92.82959, 66.024895, 111.37782, 70.325775, 45.363045, 44.405476
6.4223957, -40.021755, -36.895374, -23.082869, 0.0, 0.0, 0.0, 0
49.813843, 30.571238, 8.220978, 61.970074, 18.694244, 26.978241, 35.697533, 35.07071
8.986307, -44.233517, -37.993156, -17.773327, 0.0, 0.0, 0.0, 0
59.20401, 27.746283, 8.54187, 56.43875, 14.090912, 39.73654, 27.789068, 28.843515
7.105766, -48.001778, -38.268272, -13.729948, 0.0, 0.0, 0.0, 0
66.296616, 26.328978, 8.7933655, 52.752968, 9.252045, 48.46524, 22.673157, 26.022688
4.6480546, -52.882774, -37.772976, -9.344252, 0.0, 0.0, 0.0, 0
74.22191, 23.667076, 9.176773, 47.97965, 8.131531, 62.003296, 16.09207, 23.068628
3.9377604, -38.820114, 5.0621977, 56.11769, 0.0, 0.0, 0.0, 0
78.3775, 22.172327, 9.345932, 46.138435, 21.874786, 66.223175, 14.17353, 21.700893
0.61135423, -60.121716, -34.699154, -5.1791286, 0.0, 0.0, 0.0, -1
19.286377, 21.013716, 70.76958, 45.18053, 25.741928, 6.894623, 13.793582, 20.737398
0.0013776146, 0.0, 0.0, 0.0, 46.14714, 3.9113734, -49.941486, 5
105.945114, 11.326562, 121.02289, 10.223498, 150.74236, 155.42683, 1.6603459, 5.324184
1.0482808, 46.049007, 23.776598, -30.174389, 0.0, 0.0, 0.0, 2
4.949188, 10.150286, 59.390762, 41.858387, 50.062057, 65.05568, 5.658506, 4.849746
0.7218148, -10.085418, -7.373452, -82.54113, 0.0, 0.0, 0.0, -1
4.943985, 9.773558, 66.21149, 41.85843, 56.887268, 71.24899, 5.6311707, 4.7110248
1.4630983, -10.783271, -1.8418136, -87.374916, 0.0, 0.0, 0.0, 2
3.1559296, 5.665304, 81.6989, 41.78174, 74.51317, 96.25691, 4.4639707, 4.320793
0.47769693, -11.939665, 4.9303713, -83.12996, 0.0, 0.0, 0.0, -1
35.259247, 3.9745204, 51.302536, 41.692764, 44.77217, 74.76689, 4.5530844, 4.4913425
9.75185E-4, 0.0, 0.0, 0.0, -15.364079, -19.834446, 64.801476, 4
54.21649, 3.8451931, 35.575073, 41.69288, 25.02716, 59.036774, 4.6724634, 4.4913673
2.1540346, -29.784506, -21.495647, 48.71985, 0.0, 0.0, 0.0, 0
174.24055, 13.641781, 74.99945, 37.53383, 155.9552, 147.74623, 12.937445, 11.565062
7.064057, -12.917574, 43.212917, 43.869503, 0.0, 0.0, 0.0, 0
170.28291, 16.13059, 75.39032, 36.764755, 154.39365, 152.04082, 16.18768, 14.583836
5.8368826, -3.0104089, 48.216072, 48.77352, 0.0, 0.0, 0.0, 0
171.17783, 18.960066, 80.94954, 36.336792, 156.2709, 156.43071, 19.30803, 17.659657
4.5672746, -0.44199163, 49.199863, 50.358147, 0.0, 0.0, 0.0, 0
171.35431, 19.863361, 82.37511, 36.28336, 156.34471, 157.1793, 19.990923, 18.421402
4.1138883, 8.492835, 46.173077, 45.334087, 0.0, 0.0, 0.0, -1
171.80998, 22.641537, 86.77086, 36.26004, 157.05943, 158.8342, 21.893497, 20.44051
3.1693723, 18.879946, 42.135406, 38.984646, 0.0, 0.0, 0.0, -1
161.43207, 23.52066, 77.66106, 36.297504, 147.48648, 149.9136, 22.51502, 21.14493
0.6466466, 3.0250814, 47.94094, 49.033974, 0.0, 0.0, 0.0, -1
0.855793, 15.559681, 124.3434, 39.64461, 123.54918, 167.88689, 5.5988684, 3.513984
0.7042827, 22.949554, 33.062305, -43.98814, 0.0, 0.0, 0.0, -1
1.8202877, 12.442486, 122.21367, 39.998657, 88.446335, 156.04808, 3.592515, 5.470503
0.0023393356, 0.0, 0.0, 0.0, 16.767492, 5.58722, 77.64529, -1
32.570427, 11.496968, 153.71664, 39.999107, 80.80038, 173.57849, 4.672355, 3.6347256
0.0018807584, 0.0, 0.0, 0.0, -30.279911, -2.4863915, 67.2337, 3
68.7537, 10.715907, 174.75165, 39.999596, 103.2467, 165.93109, 5.8395305, 2.6528509
0.86341697, -15.748281, 31.757513, 52.494205, 0.0, 0.0, 0.0, -1
87.07101, 10.355017, 159.01285, 39.999836, 117.20275, 170.94397, 6.534619, 2.6645544
5.470169, -11.607855, 42.213055, 46.179092, 0.0, 0.0, 0.0, 0
176.55737, 21.191732, 92.52843, 38.09369, 171.33925, 177.71695, 18.94538, 15.685623
3.778077, 3.6061273, 48.397266, 47.99661, 0.0, 0.0, 0.0, -1
176.39322, 23.911015, 96.622665, 38.079937, 173.0276, 176.52707, 21.600348, 18.690048
1.6079544, 5.6797285, 47.350304, 46.969967, 0.0, 0.0, 0.0, -1
164.84972, 24.789251, 109.441605, 38.117027, 175.01384, 172.36928, 22.460861, 19.660944
0.37905005, 4.8269963, 47.64158, 47.531425, 0.0, 0.0, 0.0, -1
101.94205, 25.418858, 173.2644, 38.15644, 111.82788, 110.75473, 23.078638, 20.499882
0.0081536, 0.0, 0.0, 0.0, -33.37648, -21.720963, -44.902557, 5
70.35969, 25.41886, 155.15324, 38.156437, 80.24553, 80.083084, 23.078638, 20.605904
0.0, 0.0, 0.0, 0.0, -40.335926, -19.328144, -40.335926, 3
38.917923, 25.41886, 123.71148, 38.156437, 48.803764, 49.507927, 23.078638, 20.752455
0.0, 0.0, 0.0, 0.0, -39.883785, -18.888674, -41.22754, 5
117.31307, 43.301826, 175.68333, 54.849, 169.97664, 175.90953, 41.23918, 24.811852
1.4557207E-5, 0.0, 0.0, 0.0, -36.78128, -20.353498, -42.86522, 5
100.913506, 43.22656, 168.63559, 54.848988, 156.04294, 161.22794, 41.05757, 24.653208
0.37062132, -22.022242, -29.21079, -48.766968, 0.0, 0.0, 0.0, -1
84.475235, 43.125492, 152.97781, 54.848988, 141.52695, 145.73944, 40.961464, 24.63082
7.049678, -20.069418, -23.907331, -56.023247, 0.0, 0.0, 0.0, 2
4.055632, 33.45156, 77.804535, 49.73733, 51.322765, 65.56766, 34.144035, 20.144308
4.4530706, -12.282043, -28.803768, -58.914192, 0.0, 0.0, 0.0, 2
2.6000843, 25.356256, 85.97223, 49.568592, 63.580387, 74.085815, 25.5139, 15.047259
1.6839806, -9.365943, -26.498669, -64.13539, 0.0, 0.0, 0.0, 2
2.5305195, 24.400728, 86.98453, 49.436813, 62.415165, 71.68503, 24.280819, 14.393636
0.49270555, -8.790211, -30.391682, -60.818108, 0.0, 0.0, 0.0, -1
78.52307, 11.020574, 53.777008, 30.610088, 48.485077, 61.180237, 7.50786, 4.441845
1.8968539, 16.880095, 28.0961, -55.0238, 0.0, 0.0, 0.0, 2
45.343132, 10.739267, 94.87267, 30.026218, 96.09701, 106.44103, 6.522609, 3.8282733
1.6843052, 28.756042, 32.77051, -38.473442, 0.0, 0.0, 0.0, 2
6.119667, 8.065697, 135.93655, 30.805187, 136.92996, 151.50366, 6.625812, 5.2790585
0.49483, 29.529724, 33.657585, -36.812695, 0.0, 0.0, 0.0, -1
11.582802, 7.1366954, 152.30551, 31.117704, 155.24469, 169.48358, 6.9488897, 5.6662865
1.176627, 53.16693, 46.364956, -0.46811184, 0.0, 0.0, 0.0, 2
29.966385, 6.59833, 168.12865, 31.15561, 169.31615, 174.50026, 6.558016, 5.7143955
2.9055533, 40.02707, 40.987576, 18.985355, 0.0, 0.0, 0.0, -1
88.79344, 5.205734, 144.61952, 31.154737, 167.86897, 110.132126, 4.2623086, 3.4001617
4.7816257, 14.346772, 34.10778, 51.54545, 0.0, 0.0, 0.0, -1
121.471115, 5.304353, 130.50888, 31.952278, 165.16736, 110.657166, 5.2204266, 3.1391048
7.9167233, -12.4423275, 36.780174, 50.7775, 0.0, 0.0, 0.0, 0
172.01003, 12.577921, 80.2896, 30.998669, 148.32217, 148.58461, 11.473965, 7.737942
5.7800765, -14.647836, 43.081264, 42.2709, 0.0, 0.0, 0.0, 0
169.4654, 22.75841, 91.49896, 30.182543, 157.69826, 155.64626, 21.211344, 19.5769
1.8281176, 6.7420063, 45.93918, 47.318813, 0.0, 0.0, 0.0, -1
167.45155, 23.72113, 91.07538, 30.306635, 156.20271, 153.8381, 22.13613, 20.821321
0.8613785, 7.2999983, 45.650284, 47.04972, 0.0, 0.0, 0.0, -1
136.42117, 24.14146, 60.799927, 30.405037, 125.54651, 122.80002, 22.765194, 21.580772
0.21467997, 7.266818, 45.63364, 47.09954, 0.0, 0.0, 0.0, -1
105.6962, 23.78559, 29.620087, 30.43843, 94.79367, 91.55527, 22.867983, 21.9272
0.0021980687, 0.0, 0.0, 0.0, 22.715769, -22.826815, -54.457413, 5
74.32008, 23.628191, 1.9863281, 30.438293, 64.35744, 61.038254, 23.02785, 22.114693
0.002350354, 0.0, 0.0, 0.0, 43.463306, -14.235388, -42.301304, -1
78.09306, 11.360555, 31.233185, 24.228704, 16.24988, 27.856295, 2.8225722, 6.2502947
1.2669468, 11.785335, -33.542606, -54.67206, 0.0, 0.0, 0.0, 2
40.68601, 4.633671, 54.134186, 48.855816, 30.4505, 59.054626, 7.2802715, 4.3973384
1.0164592, -30.930716, -34.457554, -34.611732, 0.0, 0.0, 0.0, 2
37.67374, 4.0825086, 63.49164, 48.50771, 45.491302, 71.736176, 6.783618, 4.071482
0.3186646, -32.125782, -34.50952, -33.364697, 0.0, 0.0, 0.0, -1
24.950302, 3.8519535, 79.57849, 48.35312, 65.9339, 86.7262, 6.5959496, 3.9191008
0.0015375795, 0.0, 0.0, 0.0, -39.412548, -25.163439, 35.42401, 3
35.32936, 3.8474662, 69.25818, 48.35006, 58.710876, 64.43823, 6.439195, 4.1993685
0.0, 0.0, 0.0, 0.0, -41.67601, -13.134395, 45.189594, 3
51.022354, 3.8474662, 53.565186, 48.35006, 40.026794, 43.77661, 6.579668, 4.2273726
0.0, 0.0, 0.0, 0.0, -30.315062, -0.1548239, 69.53011, 3
63.51841, 3.7364268, 37.860535, 48.35006, 21.738892, 23.49408, 6.688053, 4.286223
5.7216954, -30.825403, 16.033264, 53.14133, 0.0, 0.0, 0.0, 0
169.51054, 17.413824, 72.057465, 43.085445, 154.12187, 152.14845, 16.444021, 14.962449
5.44394, -6.830879, 45.924732, 47.244385, 0.0, 0.0, 0.0, 0
170.38895, 20.652948, 76.335724, 42.47, 157.64687, 156.10022, 19.596273, 18.088482
3.3243923, -4.0429, 47.476837, 48.480263, 0.0, 0.0, 0.0, 0
171.09303, 24.271563, 81.22641, 42.07001, 160.47783, 159.4927, 23.23831, 21.692692
1.1535666, -2.7149973, 48.20493, 49.080074, 0.0, 0.0, 0.0, 0
146.78453, 25.058777, 57.864136, 42.02359, 136.45787, 135.49016, 24.02616, 22.490314
0.36445108, -2.2525897, 48.44116, 49.30625, 0.0, 0.0, 0.0, -1
115.267555, 25.402397, 26.763428, 42.008003, 105.0444, 104.2218, 24.358501, 22.809116
0.020040743, 0.0, 0.0, 0.0, 26.248512, -22.74052, -51.010967, 5
83.88618, 25.422392, 4.5936584, 42.00719, 73.72591, 73.180115, 24.388998, 22.814013
0.0, 0.0, 0.0, 0.0, 41.82679, -16.509827, -41.663383, -1
20.881176, 25.422392, 67.598656, 42.00719, 10.665918, 10.211442, 24.395672, 22.823732
0.0, 0.0, 0.0, 0.0, 49.93505, -4.041727, -46.023224, -1
179.49066, 42.174965, 110.61162, 53.13509, 155.09712, 140.82045, 50.97401, 39.684265
0.169387, 22.664898, 38.054806, 39.280296, 0.0, 0.0, 0.0, -1
164.38074, 42.595943, 95.100174, 53.22996, 138.5746, 123.68541, 52.10891, 40.401955
9.536743E-6, 0.0, 0.0, 0.0, -39.915474, -20.200155, -39.88437, 3
133.07776, 42.646587, 63.677902, 53.229946, 106.327866, 90.81093, 53.044147, 40.95385
0.0, 0.0, 0.0, 0.0, -20.938309, -25.370832, -53.690857, 5
101.52958, 42.646553, 32.128754, 53.229946, 74.76059, 59.24771, 53.06512, 40.95841
6.631931, -17.648495, -38.244793, -44.106716, 0.0, 0.0, 0.0, 2
1.4935684, 26.075397, 81.020325, 47.76239, 19.032612, 32.95786, 30.340752, 24.796041
2.2062492, -9.89304, -43.764194, -46.342766, 0.0, 0.0, 0.0, 2
0.65403366, 23.834038, 83.14755, 47.36138, 17.303389, 27.853642, 26.455296, 22.620913
0.5285562, -9.241638, -44.689415, -46.068947, 0.0, 0.0, 0.0, -1
4.965576, 23.186872, 78.13971, 42.73117, 66.17859, 83.11142, 4.5887375, 5.242213
4.3641205, 6.704781, 20.122429, -73.17279, 0.0, 0.0, 0.0, 2
3.205297, 14.178244, 98.756744, 43.130966, 126.40604, 131.53674, 4.945309, 7.0210066
0.1938031, 8.807337, 36.435623, -54.757042, 0.0, 0.0, 0.0, -1
18.474585, 13.402258, 83.24274, 43.16062, 101.49472, 116.940704, 4.138922, 7.1516614
4.2980504, -46.35622, -19.100618, 34.543167, 0.0, 0.0, 0.0, 0
48.44801, 12.255984, 51.861023, 43.160667, 28.194214, 90.78253, 3.8760254, 5.2238855
6.3191214, -56.577827, 1.5505285, 41.871647, 0.0, 0.0, 0.0, 0
177.87599, 15.463041, 79.901276, 37.165947, 169.46408, 161.1225, 12.670734, 7.260413
6.5053673, 1.0989926, 49.698597, 49.202408, 0.0, 0.0, 0.0, -1
22.195454, 5.844098, 174.16342, 10.2597, 176.30942, 131.85109, 3.904753, 4.227022
0.4934122, 51.430847, 30.304274, -18.264889, 0.0, 0.0, 0.0, -1
2.0830097, 13.276952, 94.94005, 49.7041, 94.990036, 93.072586, 28.791166, 44.537277
0.0, 0.0, 0.0, 0.0, -32.599335, -13.73691, 53.663754, 3
63.457966, 13.434625, 31.931946, 49.7041, 25.821014, 27.607697, 23.648127, 38.93011
5.45785, -26.370834, -11.31865, 62.310516, 0.0, 0.0, 0.0, 0
150.15771, 21.781902, 61.55298, 46.173145, 125.62128, 91.012115, 18.928322, 24.440186
1.8680015, -12.942149, 31.654804, 55.40305, 0.0, 0.0, 0.0, 0
150.66022, 22.615088, 62.645477, 45.94083, 129.38693, 95.995056, 19.81546, 23.901062
0.56819654, -6.5082073, 38.454746, 55.037045, 0.0, 0.0, 0.0, -1
111.75735, 22.478294, 24.368591, 45.757862, 94.93184, 64.868286, 20.827341, 23.000904
0.0010661981, 0.0, 0.0, 0.0, 43.91754, -2.9573853, -53.125084, 5
17.37069, 21.182138, 70.01266, 45.75786, 2.969409, 18.816517, 20.032063, 21.170555
0.0010490487, 0.0, 0.0, 0.0, 47.063457, 5.8587303, -47.077812, 5
4.954256, 21.180704, 82.42125, 45.757378, 7.9165134, 9.677876, 20.438797, 18.966915
6.6085553, -30.53814, -39.79047, -29.671392, 0.0, 0.0, 0.0, 1
57.719177, 16.410482, 52.933594, 41.047806, 42.034145, 40.066063, 14.977911, 13.460603
9.287426, -20.231163, -49.325157, -30.44368, 0.0, 0.0, 0.0, 1
60.86678, 12.634889, 80.72119, 38.29183, 51.826565, 46.21488, 9.320762, 7.970205
7.1964, -38.38097, 35.65279, 25.966248, 0.0, 0.0, 0.0, 0
171.64561, 12.891723, 40.102203, 31.037943, 169.33435, 177.14197, 13.858287, 11.036293
8.0542145, 15.35014, 47.585545, 37.064312, 0.0, 0.0, 0.0, -1
132.5874, 17.808167, 115.47752, 32.293564, 144.25426, 145.11542, 20.509274, 15.418237
6.1186795, 22.781479, 41.287125, 35.931396, 0.0, 0.0, 0.0, -1
145.63988, 23.711323, 126.550995, 35.95307, 160.28705, 156.45226, 24.3735, 21.768856
1.4874, 24.78415, 39.71943, 35.49642, 0.0, 0.0, 0.0, -1
119.71977, 25.113443, 156.58513, 36.913383, 133.69464, 130.00966, 25.156578, 23.303663
0.2981524, 24.96965, 39.527294, 35.503056, 0.0, 0.0, 0.0, -1
88.65507, 25.365395, 171.65622, 37.088127, 102.31931, 98.85488, 25.106636, 23.5773
0.003531996, 0.0, 0.0, 0.0, -39.94702, -20.111416, -39.94156, 3
110.54702, 12.271951, 168.51962, 55.212593, 161.3945, 173.46048, 53.755756, 39.442833
2.7256198, 42.933514, 42.198647, 14.867832, 0.0, 0.0, 0.0, -1
131.50584, 12.63965, 152.99675, 56.934765, 146.49696, 170.40358, 53.923786, 40.953094
0.99313235, 42.477158, 41.807613, 15.715236, 0.0, 0.0, 0.0, -1
150.2232, 12.892564, 137.24524, 57.703625, 131.2326, 154.90344, 53.25664, 40.292908
5.5583835, -37.124203, -30.138783, 32.737015, 0.0, 0.0, 0.0, 0
137.16145, 13.925911, 60.076706, 56.639275, 56.647934, 82.65599, 45.031395, 32.794502
8.444009, -35.479942, -22.472765, 42.0473, 0.0, 0.0, 0.0, 0
134.16997, 17.704292, 46.124573, 52.913536, 46.51062, 78.93167, 37.003136, 27.49997
5.2361717, -36.443726, -10.986706, 52.569572, 0.0, 0.0, 0.0, 0
137.84514, 21.277182, 51.13141, 49.609272, 59.963318, 100.92853, 29.497896, 23.860542
2.6846187, -38.651855, 2.7789977, 58.569153, 0.0, 0.0, 0.0, 0
135.43312, 22.81171, 51.4971, 48.146194, 69.75937, 113.10022, 25.60187, 23.030413
0.53127724, -36.531197, 10.702198, 52.7666, 0.0, 0.0, 0.0, -1
39.111214, 23.039373, 42.065796, 47.68757, 13.720032, 25.25562, 23.237352, 22.381134
0.0020827313, 0.0, 0.0, 0.0, 42.537594, -10.086603, -47.375797, 5
1.224929, 21.276548, 74.83115, 32.997982, 94.20758, 79.31473, 5.919656, 4.8699903
3.9797428, -16.4052, 17.254185, -66.340614, 0.0, 0.0, 0.0, 2
0.83906555, 16.585627, 94.1077, 41.795383, 129.56995, 129.87817, 6.6052275, 4.4143424
0.26975358, 7.3076696, 38.69078, -54.001553, 0.0, 0.0, 0.0, -1
16.567505, 15.841352, 78.799286, 41.82965, 115.54657, 116.62552, 6.78792, 4.5991745
0.0036758753, 0.0, 0.0, 0.0, -37.317764, -18.922379, 43.759857, 3
47.651855, 15.73032, 47.37178, 41.83036, 84.13469, 79.06477, 6.790618, 4.2535872
0.20633255, -21.8918, -39.403664, 38.704536, 0.0, 0.0, 0.0, -1
61.438126, 15.488276, 31.585648, 41.830547, 68.34993, 43.45668, 6.791023, 3.6959584
2.0587442, -24.337643, -33.21026, 42.4521, 0.0, 0.0, 0.0, 1
75.02693, 15.266013, 15.940094, 41.830784, 52.705383, 4.989746, 6.791461, 3.7400804
5.7484255, -34.718494, -6.136592, 59.144913, 0.0, 0.0, 0.0, 0

SIGNAL KNOWLEDGE:
1.156457, 22.366322, 59.964336, 29.283976, 51.968487, 69.00526, 5.346973, 4.8359604,implicit, 1
3.173524, 14.45, 72.940384, 28.858402, 26.999828, 48.312817, 9.484904, 4.2318053,implicit, 0
49.246895, 9.321407, 126.85155, 22.464165, 125.59743, 88.938065, 3.5599096, 3.4339843,implicit, 1
72.83676, 4.7295604, 123.93281, 24.247177, 126.13044, 95.63496, 5.3401585, 3.3919756,implicit, 0
4.9574356, 23.929659, 67.71, 26.18538, 17.695229, 13.955605, 22.34589, 21.655449,implicit, 0
3.9156494, 20.879717, 78.28055, 49.31958, 8.284119, 13.020203, 21.121887, 22.475538,implicit, 0
3.4112244, 19.171078, 82.468445, 49.31958, 9.68219, 12.563553, 18.792816, 20.054134,implicit, 0
5.8434753, 20.382404, 87.035385, 48.724358, 18.417603, 22.699936, 20.670486, 23.97829,explicit:callForPass, 0
4.971941, 22.149147, 99.91011, 49.088657, 41.86162, 68.9099, 26.245308, 20.796486,implicit, 0
4.8895264, 10.292219, 68.40881, 45.761677, 56.746307, 72.96982, 5.397193, 4.675198,implicit, 1
4.854645, 25.434381, 76.2534, 34.795845, 6.1247463, 5.721239, 23.34314, 20.928352,implicit, 0
4.9982986, 8.185314, 140.0011, 23.311329, 125.14245, 140.97375, 5.537718, 3.5655205,implicit, 1
101.49845, 15.858684, 121.380585, 6.8956623, 99.83169, 109.82451, 6.803523, 15.359799,implicit, 1
43.19844, 5.86024, 157.15189, 7.5641713, 160.462, 151.04959, 4.056999, 7.9523945,implicit, 1
9.866119, 3.6803577, 60.832672, 10.662572, 54.746185, 67.290985, 3.5183156, 4.8321824,implicit, 1
4.5946555, 24.0124, 92.17404, 45.856865, 40.434265, 52.62851, 18.336151, 21.865772,implicit, 0
4.915741, 10.228229, 53.435608, 40.596264, 44.1362, 58.644073, 5.64761, 4.786156,implicit, 1
7.7176666, 4.168703, 97.22304, 40.05264, 105.668686, 87.57695, 4.8457813, 4.8752594,implicit, 1
4.997452, 23.413668, 78.331665, 35.652134, 5.4631653, 9.366623, 21.572563, 20.924707,implicit, 0
4.9428406, 21.69699, 80.97528, 35.25649, 10.262039, 8.204729, 20.793941, 19.376837,implicit, 0
7.5914, 20.056704, 80.97528, 35.651585, 11.226013, 7.288269, 19.909065, 19.040308,explicit:callForPass, 0
34.21904, 9.554301, 63.450058, 24.124498, 64.895004, 99.31203, 3.541807, 4.3324366,implicit, 1
42.67256, 16.61399, 4.91098, 49.921116, 6.9071655, 4.644684, 34.079685, 29.824484,implicit, 1
59.248657, 7.2933826, 3.6299438, 38.14723, 26.897415, 9.394089, 6.5842676, 3.8669102,implicit, 1
4.938965, 25.437853, 75.767395, 34.76262, 3.8071747, 6.483124, 22.586578, 23.756426,implicit, 0
11.131268, 11.375366, 163.45067, 23.107569, 162.12286, 128.60938, 3.567441, 2.5934596,implicit, 1
2.3346863, 31.776348, 48.730835, 26.776525, 2.2925415, 5.2528687, 26.581911, 28.85689,explicit:callForPass, 0
7.6137695, 29.498121, 29.761047, 46.34709, 68.97333, 13.032532, 3.0411983, 13.379697,implicit, 1
57.322235, 15.6502695, 61.477417, 54.410408, 102.711945, 85.64993, 17.946339, 26.703964,implicit, 1
4.983534, 24.972929, 82.141594, 39.47055, 0.5094452, 6.8459454, 19.968412, 19.972752,implicit, 0
32.127945, 8.834271, 84.65154, 31.776012, 84.35436, 37.089134, 4.9328074, 5.101998,implicit, 1
3.770752, 19.187456, 85.10515, 45.179157, 23.440125, 9.762146, 16.525541, 18.853523,implicit, 0
126.303604, 12.375334, 90.59404, 9.957037, 142.46309, 129.11247, 1.5768042, 5.0744514,implicit, 1
29.965363, 5.394128, 67.51596, 10.423039, 76.92529, 61.64331, 6.6194286, 8.146634,implicit, 1
8.084656, 26.94337, 4.871643, 52.195057, 14.11792, 41.352234, 33.045063, 22.298128,implicit, 1
4.8941345, 24.17024, 77.94809, 36.336376, 8.0460205, 5.0415497, 22.699398, 21.645851,implicit, 0
4.9006042, 29.001074, 39.922012, 25.045378, 45.91536, 35.54222, 4.2870684, 5.6112366,implicit, 1
78.56189, 14.08792, 41.093353, 46.075928, 26.392914, 41.45755, 28.083452, 4.7203937,implicit, 1
4.9178257, 25.41886, 89.71138, 38.156437, 14.803665, 17.667526, 23.078638, 21.683863,implicit, 0
4.9661417, 21.021635, 83.48717, 49.326195, 19.204943, 20.814165, 20.61216, 19.107943,explicit:callForPass, 0
90.32394, 11.299351, 36.820007, 31.010752, 18.177277, 37.696167, 8.310021, 4.7090745,implicit, 1
4.869854, 22.693663, 72.85936, 30.436623, 4.214119, 8.558708, 20.908258, 20.967365,implicit, 0
14.606503, 11.36012, 94.71915, 24.227522, 88.15231, 73.15744, 3.2375033, 6.318046,implicit, 1
4.880249, 27.733875, 80.32091, 44.306084, 19.912933, 14.549255, 23.0768, 26.864523,explicit:callForPass, 0
94.18947, 15.208117, 58.10936, 55.587414, 104.726395, 70.36363, 35.851994, 21.562477,implicit, 1
48.9664, 7.5398464, 9.580566, 50.36441, 41.13156, 2.1394958, 19.239576, 5.646566,implicit, 1
113.148834, 5.5775504, 25.84961, 49.411175, 67.96994, 35.292664, 9.797422, 4.7106614,implicit, 1
4.9515114, 25.422392, 83.52832, 42.00719, 5.2279625, 6.204484, 24.38482, 22.843561,implicit, 0
3.3116722, 22.589296, 84.15869, 47.192875, 15.323879, 17.21869, 22.29833, 20.89164,implicit, 0
27.68982, 43.238552, 27.546844, 43.787262, 33.227966, 51.693115, 8.620683, 3.066189,implicit, 1
4.875359, 25.401688, 88.97476, 37.60461, 15.802034, 15.102694, 23.361145, 21.116905,implicit, 0
94.001526, 9.359847, 112.25145, 9.439812, 65.94292, 83.778595, 2.731055, 2.490302,implicit, 1
85.587975, 6.4412584, 102.74261, 9.697902, 110.170586, 167.58891, 3.3455184, 3.5728498,implicit, 1
4.868866, 25.37343, 87.851105, 37.092278, 17.471893, 14.563324, 24.07503, 23.02721,implicit, 0
3.3667307, 25.6572, 76.263504, 47.685623, 16.096512, 13.93428, 22.809275, 24.670462,explicit:callForPass, 0

SHOOT KNOWLEDGE:
87.49027, 10.292808, 4.884247, 26.022533, 61.38954, 63.890144, 11.691409, 17.186668
50.059883, 13.435311, 25.296463, 24.725828, 27.995789, 33.609344, 16.69454, 15.9796095
11.256393, 10.264113, 4.795212, 17.268192, 125.499054, 110.28479, 3.7237372, 6.416478

