POS KNOWLEDGE:
74.48845, 16.398327, 0.8535309, 50.52285, 36.198807, 47.32187, 48.281277, 50.28614
3.7933261, -57.111656, -40.240974, -2.6473675, 0.0, 0.0, 0.0, 0
72.817505, 15.731739, 2.1960247, 45.955235, 28.344364, 35.34337, 35.73805, 38.4765
3.7809052, -46.452015, -38.06957, -15.478417, 0.0, 0.0, 0.0, 0
75.88191, 14.942978, 2.1970181, 41.40921, 30.670166, 38.40038, 23.397903, 26.953783
3.7964978, -46.12548, -37.236137, -16.638378, 0.0, 0.0, 0.0, 0
89.680336, 13.304505, 0.8549347, 36.839478, 41.13581, 47.916504, 7.278244, 13.054362
3.2942183, -66.90782, -16.4984, 16.593773, 0.0, 0.0, 0.0, 0
95.116, 12.275642, 7.224701, 32.41874, 26.036163, 64.30011, 4.1321454, 6.303085
0.6080665, -49.486973, -24.142405, -26.370617, 0.0, 0.0, 0.0, -1
16.106947, 25.386889, 47.691467, 26.41443, 5.2834473, 6.898346, 23.36314, 21.191174
3.968067, -17.488396, -40.77732, -41.734287, 0.0, 0.0, 0.0, 2
2.2958121, 25.385883, 61.505035, 26.41366, 8.528107, 9.304291, 23.362083, 21.650015
20.532253, -88.08423, -8.934843, 2.9809253, 0.0, 0.0, 0.0, 0
2.1954038, 16.87154, 71.070114, 25.304708, 11.889909, 13.124345, 19.896656, 18.350544
12.878874, -80.705246, -8.062166, 11.232589, 0.0, 0.0, 0.0, 0
138.40636, 8.681386, 31.54303, 6.3559623, 142.76624, 147.91014, 16.031305, 16.796543
0.607956, -32.03993, 37.37094, 30.58913, 0.0, 0.0, 0.0, -1
98.98873, 6.8914385, 5.907074, 5.608644, 119.92916, 120.82991, 15.191737, 17.034426
1.03014485E-4, 0.0, 0.0, 0.0, 39.06645, -21.56119, -39.372356, 5
74.31619, 5.80261, 9.814026, 5.6085725, 107.77942, 108.21243, 14.395925, 16.286263
0.526936, 22.711615, -48.43277, -28.855614, 0.0, 0.0, 0.0, -1
15.934007, 4.4097586, 41.291992, 5.6085696, 83.827835, 79.91014, 12.961649, 15.56375
2.1233, 39.79733, -52.7493, 7.45337, 0.0, 0.0, 0.0, 1
118.838776, 4.1961985, 147.00693, 6.764692, 13.472969, 18.568886, 4.2776413, 6.4130406
2.6301582, 49.621624, -18.778421, 31.599957, 0.0, 0.0, 0.0, 1
137.88776, 5.5057473, 141.67914, 8.791793, 132.37158, 82.180504, 2.9653604, 5.4561825
1.7666667, 36.76715, 26.833904, 36.398945, 0.0, 0.0, 0.0, -1
149.44954, 6.4372067, 131.73564, 10.190011, 139.17815, 101.43352, 4.1309443, 5.2888985
0.3522856, 35.341576, 26.805883, 37.85254, 0.0, 0.0, 0.0, -1
141.38972, 6.453637, 117.31419, 10.4347315, 123.59462, 90.18678, 4.0934944, 5.1410575
0.0021290306, 0.0, 0.0, 0.0, -52.231186, -17.39416, -30.374659, 3
104.03691, 5.3772206, 54.34265, 10.438744, 57.825165, 28.647614, 3.801553, 4.223949
9.4689056E-4, 0.0, 0.0, 0.0, 24.162645, 26.773748, -49.063606, 5
156.60107, 21.331568, 173.70331, 52.035915, 161.44293, 173.2302, 21.473835, 51.163452
0.63219666, 35.11531, 34.653038, 30.231651, 0.0, 0.0, 0.0, -1
176.5362, 20.214357, 142.30893, 53.01721, 131.09341, 141.84775, 19.589373, 49.20783
0.003453372, 0.0, 0.0, 0.0, -44.436993, -22.216894, -33.346115, 3
140.13898, 17.6793, 94.948395, 53.022137, 84.83499, 94.48892, 15.195064, 47.744495
0.5908922, -37.469612, -37.172318, -25.358067, 0.0, 0.0, 0.0, -1
128.7206, 17.010733, 79.24382, 53.022564, 69.65428, 78.78548, 13.728506, 46.768772
2.0222218, -38.6352, -37.759937, -23.604856, 0.0, 0.0, 0.0, 0
69.60989, 15.274324, 4.9301147, 51.686974, 1.4529419, 4.4675293, 6.8187447, 37.981133
2.971686, -31.074902, -22.581087, -46.34401, 0.0, 0.0, 0.0, 2
18.193146, 12.568284, 56.02957, 49.911606, 69.30708, 57.776733, 4.4107327, 28.793003
3.1670976, -53.318035, -38.167267, -8.514694, 0.0, 0.0, 0.0, 0
115.420494, 7.636112, 30.474731, 42.945637, 66.239, 35.857513, 2.9072785, 10.75524
2.9129162, -59.634613, 0.597557, 39.76783, 0.0, 0.0, 0.0, 0
125.25282, 6.4300137, 21.24293, 34.28133, 168.54257, 97.141884, 4.1182117, 1.9250499
3.5750813, -38.973324, 29.351679, 31.675, 0.0, 0.0, 0.0, 0
104.5948, 7.5001345, 4.580675, 26.975756, 98.724754, 148.15115, 2.7054608, 6.5395613
3.5215995, -29.009354, 33.071278, 37.919373, 0.0, 0.0, 0.0, 0
179.16678, 48.53851, 173.5387, 52.048912, 172.95834, 172.8024, 50.9769, 54.211704
0.62444776, 33.435528, 33.421047, 33.14342, 0.0, 0.0, 0.0, -1
150.47101, 46.8579, 142.0748, 53.01852, 141.5058, 140.85684, 51.946224, 55.208836
0.0033298212, 0.0, 0.0, 0.0, -40.7077, -20.775906, -38.516396, 3
105.532776, 42.828472, 94.92218, 53.02307, 94.35324, 91.57712, 51.95077, 54.085293
0.6118575, -33.595116, -33.570087, -32.834797, 0.0, 0.0, 0.0, -1
90.64766, 41.50279, 79.20763, 53.023506, 78.63872, 75.667435, 51.95121, 53.988323
2.9462414, -33.79426, -33.75982, -32.445923, 0.0, 0.0, 0.0, 0
23.773193, 31.823565, 4.882263, 50.897675, 4.296234, 1.2371521, 43.356148, 45.299194
3.7983668, -34.5784, -33.16982, -32.25178, 0.0, 0.0, 0.0, 0
30.040283, 20.874624, 4.8828125, 38.77364, 4.241638, 6.547516, 8.312994, 13.8291235
2.4886296, -35.240852, -19.953178, -44.805973, 0.0, 0.0, 0.0, 2
30.41507, 21.603386, 48.363556, 36.276554, 60.690475, 95.52359, 4.5837154, 6.383253
0.39587784, -57.811165, -0.9883705, -41.200466, 0.0, 0.0, 0.0, -1
15.437256, 21.455212, 33.077362, 36.126133, 44.489105, 81.73508, 4.591544, 5.9340134
0.00793055, 0.0, 0.0, 0.0, -31.975811, -36.04847, -31.97572, 4
2.4589233, 21.079283, 22.538452, 36.122284, 26.392426, 40.518585, 4.833652, 6.0162034
0.0, 0.0, 0.0, 0.0, 75.90726, 8.057917, 16.034824, -1
4.99527, 19.958162, 22.696198, 36.122284, 24.94104, 35.97867, 4.762286, 5.983941
0.0, 0.0, 0.0, 0.0, 80.6673, 19.019737, -0.31296343, 5
4.9579773, 18.28201, 34.950897, 36.122284, 34.721313, 41.492584, 4.502443, 5.967815
0.0, 0.0, 0.0, 0.0, 85.661316, 13.879665, 0.45902523, -1
4.8919373, 16.677992, 47.706818, 36.122284, 48.51599, 48.69409, 4.5013657, 6.085893
0.0, 0.0, 0.0, 0.0, 79.97065, 19.85299, -0.17636059, 5
4.895508, 16.676477, 47.706818, 36.122284, 49.1026, 46.73941, 4.508973, 6.084309
0.0, 0.0, 0.0, 0.0, 72.82816, 27.002636, 0.1692044, -1
5.0087585, 16.452198, 49.474762, 36.122284, 52.017853, 46.472595, 4.5452075, 6.0549283
0.0, 0.0, 0.0, 0.0, 68.04268, 31.543585, -0.4137309, 5
4.8913574, 15.334471, 59.405518, 36.122284, 65.34161, 50.69928, 4.4778256, 5.4374657
0.0, 0.0, 0.0, 0.0, 63.187874, 36.658867, 0.15325549, -1
4.9521127, 24.265211, 67.01468, 29.828138, 7.1474614, 5.9105973, 21.318943, 22.83835
5.583381, -4.7283125, -46.68865, -48.58304, 0.0, 0.0, 0.0, 2
4.9192286, 22.60562, 69.42182, 29.828138, 7.8548536, 6.6337123, 21.018803, 22.542925
4.0287814, -16.822233, -42.240612, -40.937157, 0.0, 0.0, 0.0, 1
177.80719, 28.387955, 175.14243, 52.116684, 174.60275, 179.44568, 51.28147, 51.494816
0.6223259, 34.336872, 31.662575, 34.000553, 0.0, 0.0, 0.0, -1
145.95248, 26.416813, 143.65155, 53.08303, 143.12491, 147.84674, 49.307766, 49.51682
0.0033395458, 0.0, 0.0, 0.0, -39.720562, -19.882893, -40.39654, 5
97.99855, 22.106127, 96.33153, 53.087593, 95.8123, 100.4803, 44.954975, 45.107834
0.590678, -33.54212, -33.49901, -32.95887, 0.0, 0.0, 0.0, -1
81.85565, 20.977133, 80.65274, 53.088028, 80.13568, 84.78403, 43.486897, 43.63497
2.4831462, -33.598248, -33.552532, -32.849216, 0.0, 0.0, 0.0, 0
30.896057, 18.14931, 4.8675504, 45.671207, 4.2196655, 9.578522, 16.76241, 13.416947
3.5616467, -40.847633, -35.573776, -23.578594, 0.0, 0.0, 0.0, 0
42.694836, 19.97594, 4.8744235, 43.358925, 24.814957, 11.015259, 10.013101, 10.207061
2.4535015, -48.062523, -35.737236, -16.200237, 0.0, 0.0, 0.0, 0
55.90268, 16.565638, 17.578125, 41.24935, 13.829742, 30.819397, 5.9705234, 7.213478
0.5927557, -49.88427, -34.987793, 15.127936, 0.0, 0.0, 0.0, -1
42.684326, 17.12139, 5.351898, 40.644238, 9.298431, 24.02118, 4.780829, 5.984859
0.0015334901, 0.0, 0.0, 0.0, 50.68366, 24.044708, -25.271637, 5
4.9055634, 17.718845, 32.775406, 40.64506, 25.700333, 41.132553, 5.4989343, 4.6722813
0.0015115062, 0.0, 0.0, 0.0, 64.04303, 35.874454, 0.08251897, -1
4.961792, 17.60648, 33.591644, 40.645092, 26.928864, 42.408447, 5.4320526, 4.6756797
0.001335456, 0.0, 0.0, 0.0, 64.42627, 35.269226, -0.30450925, 5
4.9045258, 17.047443, 38.13829, 40.64509, 31.945938, 47.369553, 5.454044, 4.662034
7.472257E-4, 0.0, 0.0, 0.0, 64.59581, 35.275234, 0.1289617, -1
4.9310455, 15.369252, 52.55214, 40.645195, 47.422012, 63.288895, 5.416902, 4.621453
8.341498E-5, 0.0, 0.0, 0.0, 64.90211, 34.92591, -0.17198226, 5
9.9605255, 14.979212, 97.765854, 36.21841, 30.484268, 26.148956, 16.118298, 17.121864
3.5336704, 16.161892, -37.232796, -46.605316, 0.0, 0.0, 0.0, 2
6.173462, 10.424522, 106.88649, 37.14879, 33.801895, 37.407837, 7.5344353, 14.851339
0.7837548, -26.466263, -48.989704, -24.544043, 0.0, 0.0, 0.0, -1
37.831955, 9.562652, 76.634964, 37.46683, 12.684708, 11.270798, 4.9267373, 12.493869
1.5682198, -53.277386, -23.211489, 23.511122, 0.0, 0.0, 0.0, 0
82.01503, 10.342949, 40.666397, 35.84357, 17.77208, 28.36699, 3.3352427, 4.615843
0.002358394, 0.0, 0.0, 0.0, -22.708744, 26.850323, 50.440933, 3
86.04396, 10.343056, 36.641068, 35.84302, 30.06868, 37.49141, 4.293055, 3.323882
0.55200845, -31.106684, 11.4773245, 57.415993, 0.0, 0.0, 0.0, -1
101.82517, 10.343134, 20.86322, 35.842525, 19.737122, 53.558807, 4.8564477, 3.2643719
1.3633764, -31.247452, 10.948922, 57.803623, 0.0, 0.0, 0.0, 0
164.5825, 10.894764, 42.760193, 35.564, 46.82834, 118.79201, 4.8294425, 3.8226006
0.545035, -32.932354, 7.9985647, 59.06908, 0.0, 0.0, 0.0, -1
131.19266, 11.761853, 10.619247, 35.121567, 16.160675, 63.802017, 4.731465, 5.736909
0.0025185496, 0.0, 0.0, 0.0, 43.65404, 2.5446339, -53.801323, 5
0.05671692, 16.027958, 70.01283, 28.815657, 5.9809265, 12.689865, 15.598134, 17.014238
7.423177, -72.36619, -21.570112, -6.0636897, 0.0, 0.0, 0.0, 0
60.07719, 10.8714285, 11.764706, 24.252296, 45.563267, 42.36088, 12.446793, 8.757139
6.102267, -78.37885, -10.536571, 11.084569, 0.0, 0.0, 0.0, 0
140.69513, 11.438526, 64.8633, 17.503325, 112.091965, 80.15787, 2.0253701, 3.095832
3.611346, -26.87515, 30.874992, 42.249863, 0.0, 0.0, 0.0, 0
147.45392, 33.040943, 160.93036, 54.619495, 142.48611, 131.66702, 58.62809, 39.825855
0.62464714, 36.865196, 29.842672, 33.29213, 0.0, 0.0, 0.0, -1
113.60538, 32.863388, 129.72914, 55.56631, 111.613266, 98.3739, 57.29412, 41.116726
0.0020962814, 0.0, 0.0, 0.0, -39.945034, -19.965979, -40.08899, 5
81.606766, 32.700806, 98.28058, 55.5673, 80.2612, 66.550385, 54.37219, 41.187706
0.4148659, -34.82329, -31.786991, -33.389713, 0.0, 0.0, 0.0, -1
65.960175, 32.700844, 82.63342, 55.56756, 64.66388, 50.90381, 52.91486, 41.187332
2.610931, -35.152233, -31.541494, -33.306274, 0.0, 0.0, 0.0, 0
13.2771, 26.267796, 4.865631, 52.856377, 12.019077, 21.806828, 39.93729, 30.19068
3.770388, -36.92877, -34.059444, -29.011786, 0.0, 0.0, 0.0, 0
15.491638, 23.521334, 2.0505066, 40.760986, 30.942871, 16.542343, 11.438831, 3.7129045
2.220613, -55.64943, -13.932946, -30.417633, 0.0, 0.0, 0.0, 0
41.937653, 25.252155, 26.892822, 39.154247, 74.685104, 28.358887, 5.912513, 4.9237094
0.0011256128, 0.0, 0.0, 0.0, 31.11817, 18.810669, -50.071163, 5
4.8356934, 24.742393, 13.065582, 39.154594, 6.3547363, 12.334778, 5.978696, 4.967483
0.0014671844, 0.0, 0.0, 0.0, 59.390034, 40.411003, 0.19896746, -1
4.891571, 22.50852, 26.191391, 39.154713, 15.5585785, 29.716446, 5.6818857, 4.7632585
0.0015682692, 0.0, 0.0, 0.0, 62.900425, 36.974297, -0.12527995, 5
4.8803864, 21.348635, 33.43657, 39.1548, 24.387466, 39.359756, 5.5751767, 4.717338
0.0015437348, 0.0, 0.0, 0.0, 63.836582, 36.136944, 0.02647627, -1
5.05159, 20.78867, 36.96498, 39.154884, 28.40129, 43.331863, 5.552008, 4.7022634
0.0012640934, 0.0, 0.0, 0.0, 63.606636, 35.922665, -0.47069207, 5
4.916031, 20.230476, 40.889236, 39.15492, 33.01146, 47.910324, 5.5904765, 4.7239585
6.529483E-4, 0.0, 0.0, 0.0, 63.82826, 36.02009, 0.15164895, -1
4.888489, 18.552273, 52.9722, 39.155014, 46.190826, 61.477417, 5.4690566, 4.6450515
3.7555088E-4, 0.0, 0.0, 0.0, 59.120415, 32.201595, -8.677989, 5
5.537552, 20.355503, 83.917786, 36.773064, 11.483871, 15.074036, 20.780018, 21.762411
4.0198016, -14.548358, -43.484375, -41.967266, 0.0, 0.0, 0.0, 1
0.7541199, 15.308134, 82.96431, 35.964226, 7.88414, 12.009766, 16.780207, 17.78238
1.6757574, -46.14266, -31.456825, -22.400524, 0.0, 0.0, 0.0, 0
31.015472, 11.391945, 52.98143, 35.780697, 21.956406, 19.061905, 13.998653, 15.215317
3.205406, -78.37159, -15.333875, 6.294533, 0.0, 0.0, 0.0, 0
111.151634, 6.051218, 4.9266834, 32.319466, 63.318115, 71.95883, 5.974795, 10.658728
3.370087, -64.83734, -9.639796, 25.522861, 0.0, 0.0, 0.0, 0
153.73018, 23.903511, 159.57863, 54.62648, 150.99385, 149.96733, 53.38294, 45.143166
0.62469596, 35.565815, 33.46606, 30.968124, 0.0, 0.0, 0.0, -1
176.80017, 23.211973, 128.32867, 55.565796, 117.95831, 116.87326, 53.232277, 44.741344
0.0033316757, 0.0, 0.0, 0.0, -40.082348, -19.995274, -39.92238, 3
146.014, 22.949936, 96.928406, 55.569195, 86.17227, 85.35205, 53.04051, 42.16546
0.5465036, -38.223778, -37.52473, -24.251492, 0.0, 0.0, 0.0, -1
130.248, 22.949923, 81.16289, 55.569466, 70.41234, 69.642044, 52.671986, 40.705917
2.372288, -38.55699, -37.790848, -23.652163, 0.0, 0.0, 0.0, 0
78.9841, 17.934217, 4.9400024, 45.251606, 7.9477234, 6.449768, 17.39393, 7.023729
2.6281826, -33.44565, -18.3422, -48.212147, 0.0, 0.0, 0.0, 2
32.986237, 17.160099, 37.409454, 44.18781, 50.02295, 43.50998, 12.071693, 5.0199847
2.2852795, -36.050068, -21.878883, -42.07105, 0.0, 0.0, 0.0, 2
20.448822, 15.956856, 42.37149, 43.140663, 68.94495, 57.775528, 8.540645, 4.518651
1.0909824, -39.7582, -29.088533, -31.153265, 0.0, 0.0, 0.0, 0
33.529297, 15.736999, 27.733124, 42.79169, 61.680374, 44.548767, 7.3218236, 4.3848257
0.3879724, -42.79665, -38.119305, -19.08405, 0.0, 0.0, 0.0, -1
1.9427185, 16.510347, 54.178345, 42.13102, 63.916718, 53.75934, 5.777994, 4.4959087
0.0018381692, 0.0, 0.0, 0.0, 59.54817, 35.80386, 4.6479735, -1
4.868988, 14.632627, 68.08121, 42.129032, 68.94101, 70.240326, 6.1119695, 4.5385413
7.9947035E-4, 0.0, 0.0, 0.0, 55.955803, 44.022614, -0.021583723, 5
2.083393, 32.4092, 86.59067, 49.73416, 37.798183, 91.79489, 45.65875, 33.55346
8.320511, 2.2709582, -23.77412, -73.954926, 0.0, 0.0, 0.0, 2
1.5983486, 27.530308, 92.22125, 49.27163, 36.46844, 93.08237, 36.842293, 29.208307
4.6544747, -2.8314817, -35.30082, -61.867695, 0.0, 0.0, 0.0, 2
1.2206345, 18.345633, 97.88755, 49.61977, 38.101448, 99.366585, 25.53399, 27.116539
0.96133524, -18.198217, -34.910484, -46.891296, 0.0, 0.0, 0.0, -1
14.536334, 17.607885, 82.85194, 49.71894, 23.948524, 84.97782, 23.565044, 25.756767
2.642385, -55.447094, -44.246754, -0.30614838, 0.0, 0.0, 0.0, 0
134.31314, 16.863493, 16.714722, 43.83518, 67.8916, 15.922668, 6.0522456, 5.15992
0.0018369143, 0.0, 0.0, 0.0, 35.073925, 17.629627, -47.296444, 5
2.9367638, 23.052317, 95.05938, 42.981678, 14.064289, 16.165964, 21.113113, 22.656712
3.9029844, 9.64132, -44.097126, -46.26155, 0.0, 0.0, 0.0, 2
0.531044, 14.713887, 99.08129, 43.606636, 16.642353, 22.02924, 16.671959, 18.431305
0.8909858, -9.135534, -47.971508, -42.892956, 0.0, 0.0, 0.0, -1
16.032228, 12.4347925, 84.28824, 43.77564, 1.851347, 7.341835, 16.010363, 17.796604
2.563764, -71.410355, -10.0346985, 18.554949, 0.0, 0.0, 0.0, 0
119.20667, 8.302617, 4.897644, 37.371483, 62.37414, 82.35739, 3.274699, 7.392815
1.8282077, -64.13766, -1.6332769, 34.229076, 0.0, 0.0, 0.0, 0
122.196655, 7.3508816, 2.0175781, 35.155476, 66.63734, 79.357445, 2.09137, 4.648113
0.36530483, -57.991894, -15.687328, 26.32078, 0.0, 0.0, 0.0, -1
126.9156, 7.375605, 5.726654, 34.810154, 59.01053, 71.3189, 2.002619, 3.8745222
0.007951489, 0.0, 0.0, 0.0, 36.439175, -5.757512, -57.803314, 5
34.10879, 10.820432, 57.114834, 34.790173, 49.81042, 7.638058, 3.8620772, 4.6228156
0.67326236, -24.134666, -35.462135, -40.4032, 0.0, 0.0, 0.0, -1
12.947684, 14.1524935, 64.81107, 34.789215, 65.0481, 24.946453, 5.0612884, 5.280912
0.6098399, -23.753794, -31.885647, -44.36056, 0.0, 0.0, 0.0, -1
4.925329, 20.997356, 80.35128, 27.334024, 19.455193, 17.618889, 19.179855, 20.63901
6.1630077, -0.22988147, -48.27188, -51.49824, 0.0, 0.0, 0.0, 2
17.4306, 19.054073, 95.43401, 27.480433, 33.483818, 31.135803, 17.790617, 19.194868
18.248209, -80.348816, -19.626413, 0.0247694, 0.0, 0.0, 0.0, 0
166.77327, 6.277362, 35.502045, 11.26997, 106.163925, 108.274475, 3.6928146, 7.4933124
1.5623909, -37.931026, 31.303406, 30.765564, 0.0, 0.0, 0.0, 0
167.27554, 5.3705387, 14.212158, 9.8045435, 140.18832, 120.354385, 4.226403, 7.551767
0.4307059, -39.398148, 32.01661, 28.585243, 0.0, 0.0, 0.0, -1
177.74008, 4.961069, 29.891571, 9.4079, 110.701294, 99.06358, 4.2335234, 7.6031675
0.017030964, 0.0, 0.0, 0.0, 44.04799, -12.277702, -43.67431, -1
147.57613, 4.623164, 61.358368, 9.373838, 48.22371, 47.471382, 4.2802033, 7.113648
0.55209583, 46.653084, -31.517729, -21.829182, 0.0, 0.0, 0.0, -1
131.78838, 4.6229877, 77.14667, 9.373838, 25.83264, 22.33359, 4.4541864, 6.982371
1.1517053, 52.082573, -26.056871, -21.860556, 0.0, 0.0, 0.0, 1
116.11389, 4.6227207, 92.822525, 9.373838, 8.926773, 2.5551224, 4.494799, 6.903794
1.3185251, 63.79473, -10.317883, -25.887384, 0.0, 0.0, 0.0, 2
74.64938, 4.296214, 141.22835, 9.887586, 84.7386, 78.571976, 2.7081707, 7.177822
0.46662486, 57.81945, 22.65986, -19.520687, 0.0, 0.0, 0.0, -1
104.25012, 3.9296432, 122.51645, 10.606684, 107.13425, 84.50772, 3.126954, 7.299589
0.0, 0.0, 0.0, 0.0, 25.867388, 22.325283, -51.807327, 5
48.584488, 18.778818, 75.5918, 22.036894, 55.022217, 58.348877, 21.50365, 22.46137
7.9931273, -33.06637, -34.85428, -32.079353, 0.0, 0.0, 0.0, 1
24.952301, 7.926502, 14.174545, 14.30299, 12.392548, 6.4514465, 9.785515, 13.711512
2.9237263, -56.557644, -31.572136, -11.870221, 0.0, 0.0, 0.0, 0
74.378784, 5.623035, 11.589676, 10.725774, 35.552643, 63.51326, 3.8757272, 8.132121
2.23046, -59.007748, 5.5754223, 35.416832, 0.0, 0.0, 0.0, 0
121.08792, 6.397302, 53.28514, 9.928181, 60.13614, 105.69699, 3.2400615, 7.9037547
0.49066535, -43.048264, 5.5578575, 51.39388, 0.0, 0.0, 0.0, -1
108.29082, 6.6796613, 39.827805, 9.72528, 46.705124, 88.75223, 3.219308, 6.9363666
0.055019334, 0.0, 0.0, 0.0, -1.1410244, -34.48606, -64.37292, 5
92.89607, 6.716608, 24.376236, 9.701038, 29.390167, 70.177444, 3.2856576, 6.6220546
0.54872996, -15.741554, -34.7344, -49.524048, 0.0, 0.0, 0.0, -1
77.18584, 6.7166343, 8.666077, 9.701035, 13.509979, 54.440582, 3.291683, 6.4218335
1.419969, 1.1664426, -26.583199, -72.25037, 0.0, 0.0, 0.0, 2
2.4781647, 5.3956265, 76.529785, 9.427468, 83.1266, 41.430862, 3.1732054, 4.823606
1.4303398, 43.117405, 34.63066, -22.251934, 0.0, 0.0, 0.0, 2
168.3602, 26.36104, 177.45297, 52.117752, 161.10999, 174.96378, 35.876747, 36.244556
0.6300347, 34.105, 33.682156, 32.21284, 0.0, 0.0, 0.0, -1
161.11682, 26.698624, 145.83203, 53.095345, 130.12445, 143.41803, 33.89206, 34.269653
0.0034578661, 0.0, 0.0, 0.0, -41.169613, -20.551601, -38.27878, 3
119.14482, 25.295849, 98.51442, 53.10014, 83.209335, 96.160904, 29.49194, 29.877304
0.48526084, -34.426163, -33.775772, -31.798065, 0.0, 0.0, 0.0, -1
104.91591, 25.048883, 82.79599, 53.10062, 67.663666, 80.46835, 27.926357, 28.311352
2.8377635, -34.621037, -33.44547, -31.933495, 0.0, 0.0, 0.0, 0
19.695679, 16.925621, 4.8786926, 48.850636, 9.761841, 2.6273193, 10.705974, 10.830093
2.5381289, -35.156483, -36.40482, -28.438694, 0.0, 0.0, 0.0, 1
26.697845, 10.72345, 12.280365, 46.579628, 11.420898, 11.54892, 6.493602, 6.3280916
1.3220581, -38.05561, -43.691948, -18.252445, 0.0, 0.0, 0.0, 1
60.244324, 8.832797, 41.75296, 45.904068, 23.57837, 49.360657, 4.9746385, 5.26637
0.5644926, -42.222233, -44.7959, -12.98186, 0.0, 0.0, 0.0, -1
50.86458, 8.496102, 26.62622, 45.661808, 14.303162, 35.67105, 4.8540897, 5.295694
0.016613718, 0.0, 0.0, 0.0, 45.22419, 20.242418, -34.53339, 5
4.846844, 22.591167, 85.58885, 38.913944, 7.6865845, 12.006149, 20.912863, 21.049604
4.056162, 2.141609, -48.46629, -49.392105, 0.0, 0.0, 0.0, 2
4.9700165, 14.619777, 92.22397, 40.200947, 11.691467, 17.252716, 16.464918, 16.402456
3.2638686, -15.647157, -43.885456, -40.467384, 0.0, 0.0, 0.0, 1
20.837692, 13.598806, 77.36981, 40.28199, 3.470047, 2.3280334, 15.789924, 15.749958
2.8247583, -73.3077, -18.044865, 8.6474285, 0.0, 0.0, 0.0, 0
130.35901, 12.175946, 4.941971, 30.335796, 103.31972, 79.97043, 11.22637, 5.0850725
3.406629, -54.353065, 13.957821, 31.689114, 0.0, 0.0, 0.0, 0
149.8007, 17.710527, 46.726395, 24.560919, 84.804756, 82.047226, 1.9313842, 3.2130437
0.39550498, -31.816078, -8.094494, 60.089428, 0.0, 0.0, 0.0, -1
116.19675, 18.685616, 16.69078, 24.232304, 62.230927, 36.638885, 2.392974, 3.1563432
4.8223734E-4, 0.0, 0.0, 0.0, 35.60367, 13.531372, -50.864964, 5
66.24176, 18.686178, 33.261047, 24.232153, 73.34155, 33.366837, 3.8922346, 3.5035677
15.631095, -47.765285, 27.906727, 24.327984, 0.0, 0.0, 0.0, 0
138.30368, 5.932404, 29.511414, 9.30609, 140.40388, 110.025856, 12.222594, 2.700585
2.5100534, -34.038113, 52.89718, -13.064711, 0.0, 0.0, 0.0, 0
84.40958, 6.483603, 32.754944, 8.179522, 156.97235, 126.01398, 7.3478346, 3.0275905
2.7638402, 23.076475, 48.962242, -27.961285, 0.0, 0.0, 0.0, 2
26.29245, 4.037905, 157.3421, 8.512149, 155.16473, 178.55136, 6.6028543, 4.2932415
1.7887365, 39.820038, 39.903343, -20.276615, 0.0, 0.0, 0.0, 2
38.068512, 2.6945126, 159.9909, 9.954952, 178.034, 169.00955, 7.7965045, 4.748325
0.6612069, 40.881706, 42.021297, -17.096996, 0.0, 0.0, 0.0, -1
3.255188, 13.09299, 24.548767, 17.743364, 6.8546295, 10.996368, 16.605091, 17.613546
5.9834924, -34.618603, -35.211624, -30.169773, 0.0, 0.0, 0.0, 1
135.64398, 3.2093167, 43.393326, 10.426396, 138.90933, 55.155014, 5.386207, 4.737612
1.524366, -33.318546, 24.130144, 42.551308, 0.0, 0.0, 0.0, 0
150.59009, 3.8823903, 56.53119, 10.051665, 151.5254, 70.31065, 6.070288, 4.1502028
0.47179967, -31.01916, 24.149124, 44.831715, 0.0, 0.0, 0.0, -1
146.79428, 4.5873275, 52.40352, 9.68379, 146.25119, 64.04326, 6.7753797, 3.650359
1.9073486E-6, 0.0, 0.0, 0.0, -20.681114, -17.240685, -62.0782, 5
131.11823, 4.5873175, 36.73201, 9.68379, 130.57733, 43.36252, 6.7750444, 3.5659218
0.44215333, -21.542006, -39.55831, -38.899685, 0.0, 0.0, 0.0, -1
99.64013, 4.5872865, 5.2607117, 9.68379, 99.10114, 11.099609, 6.7743697, 3.5553713
1.8573463, -20.794836, -39.006573, -40.198593, 0.0, 0.0, 0.0, 2
53.547363, 4.4088016, 43.107758, 9.609662, 38.25538, 39.089905, 6.5663357, 3.4654722
3.5217412, -12.180939, -51.818066, -36.000996, 0.0, 0.0, 0.0, 1
55.491837, 2.5827024, 81.512344, 9.015748, 43.041306, 96.04837, 4.9965234, 3.5544672
3.4076529, 28.095528, 42.784748, 29.11972, 0.0, 0.0, 0.0, -1
143.33528, 4.1355133, 113.50667, 9.888825, 116.046555, 140.4388, 4.340377, 3.216882
0.54132843, 26.746841, 38.39002, 34.863136, 0.0, 0.0, 0.0, -1
122.66896, 4.840042, 144.91354, 10.2891, 144.73341, 169.03816, 4.5155478, 3.095036
1.3231524E-6, 0.0, 0.0, 0.0, -23.738605, -21.890451, -54.37094, 5
75.52933, 4.839955, 167.94455, 10.289098, 174.2158, 154.00186, 3.923802, 2.843194
0.0, 0.0, 0.0, 0.0, -39.901695, -20.196608, -39.901695, 3
4.8592224, 24.577412, 90.066025, 48.60632, 82.719086, 55.637466, 26.445984, 37.34375
4.242914, 4.833372, -23.654533, -71.51209, 0.0, 0.0, 0.0, 2
4.737137, 16.01278, 94.07628, 48.789474, 74.63237, 51.241867, 15.304378, 28.135311
1.1026403, -23.759703, -40.837288, -35.403008, 0.0, 0.0, 0.0, 1
20.661865, 15.220385, 79.13159, 48.870895, 62.647003, 37.1631, 13.616199, 26.20955
2.6707633, -49.0553, -41.48661, 9.458082, 0.0, 0.0, 0.0, 0
92.14218, 11.299712, 4.935547, 47.491745, 5.736389, 44.221375, 6.7330737, 17.777117
3.4102015, -53.436543, -20.039316, 26.52415, 0.0, 0.0, 0.0, 0
126.992035, 13.967677, 56.525543, 45.143948, 74.18259, 95.52571, 4.431663, 9.040677
1.693956, -39.44201, 10.416659, 50.141327, 0.0, 0.0, 0.0, 0
105.613785, 14.9731455, 42.67163, 44.48363, 67.111984, 88.6028, 4.3389983, 7.4811645
0.482831, -40.42578, 15.13309, 44.441128, 0.0, 0.0, 0.0, -1
69.530426, 13.682507, 12.993011, 44.123425, 37.31137, 67.37546, 4.3501034, 5.73451
4.3420107E-5, 0.0, 0.0, 0.0, 29.876814, -24.180536, -45.942646, 5
3.9225006, 11.541388, 38.62561, 44.12344, 34.88887, 5.9049835, 4.829322, 5.8447094
0.0, 0.0, 0.0, 0.0, 53.5719, 44.088707, 2.3393912, -1
5.144104, 10.945478, 44.805405, 44.12344, 41.06668, 23.897125, 4.829349, 6.316163
0.0, 0.0, 0.0, 0.0, 59.471996, 40.200428, -0.327586, 5
4.902481, 9.831889, 60.076126, 44.12344, 56.337097, 45.198166, 4.8293505, 6.4734225
0.0, 0.0, 0.0, 0.0, 59.187782, 40.651264, 0.16096099, -1
118.12695, 5.118669, 4.995041, 33.144974, 53.17639, 70.88086, 3.262142, 6.595312
0.96815854, -57.51481, -11.398515, 31.086674, 0.0, 0.0, 0.0, -1
109.93294, 5.469538, 18.445358, 32.54595, 35.59091, 52.705627, 2.8821638, 5.416714
1.1946677, -52.26286, -12.504032, 35.23311, 0.0, 0.0, 0.0, 0
125.66838, 1.608556, 96.28223, 31.503872, 85.849625, 39.22966, 3.7769551, 5.2703133
0.3128151, -58.52144, -29.777998, 11.7005625, 0.0, 0.0, 0.0, -1
145.9602, 1.8121578, 111.75796, 31.226189, 105.274086, 54.944923, 4.107148, 5.3889666
0.0076929396, 0.0, 0.0, 0.0, -66.58146, -10.436421, -22.98212, 3
150.02563, 2.8310304, 127.513725, 31.21926, 125.71194, 73.829445, 4.7085238, 5.547866
0.69211376, -28.452972, -41.75738, 29.789654, 0.0, 0.0, 0.0, -1
172.55121, 3.9165392, 122.35052, 31.219246, 122.64364, 74.59934, 5.0517254, 5.753473
1.7530468, -30.54952, -40.902817, 28.547659, 0.0, 0.0, 0.0, 1
138.71686, 4.5575604, 90.77327, 31.21923, 91.06615, 48.366364, 5.0517244, 5.7079577
1.8042203, -34.118397, -39.243176, 26.638424, 0.0, 0.0, 0.0, 1
102.497406, 5.5309157, 40.13539, 30.246729, 52.08197, 15.792282, 5.150945, 4.841202
0.57959014, -34.62407, -36.055252, 29.32068, 0.0, 0.0, 0.0, -1
78.73393, 5.8857465, 11.912964, 29.901718, 23.643143, 3.59375, 5.3610344, 4.7863154
0.007275806, 0.0, 0.0, 0.0, 46.25812, 22.201189, -31.54069, 5
4.9954224, 5.9114704, 62.09305, 29.878778, 57.97296, 67.16115, 4.4185114, 5.772027
8.573792E-5, 0.0, 0.0, 0.0, 59.8471, 28.952745, 11.200155, -1
7.4252014, 23.08197, 64.77753, 28.184294, 3.498352, 6.946411, 22.732262, 21.762417
4.088187, -5.9536295, -46.05699, -47.98938, 0.0, 0.0, 0.0, 2
136.63358, 37.31348, 147.26996, 53.07545, 170.55713, 147.86777, 47.377193, 46.930695
0.0049305703, 0.0, 0.0, 0.0, -39.974297, -19.990467, -40.035233, 5
120.7238, 37.25349, 131.4821, 53.078804, 173.65239, 132.07759, 47.38005, 45.463158
0.002358867, 0.0, 0.0, 0.0, -39.99898, -20.003193, -39.99783, 3
89.11626, 37.25495, 99.87367, 53.079536, 141.95204, 100.464096, 46.42075, 42.424213
0.37737367, -35.16989, -30.356815, -34.473293, 0.0, 0.0, 0.0, -1
73.45874, 37.255703, 84.21573, 53.079872, 126.14661, 84.803375, 44.949738, 40.95409
2.9003186, -34.88907, -31.037647, -34.073288, 0.0, 0.0, 0.0, 0
6.855957, 33.888676, 4.979248, 49.646267, 48.93628, 5.6014404, 30.637497, 25.662008
3.7881134, -35.75934, -29.73316, -34.507504, 0.0, 0.0, 0.0, 0
19.689941, 25.444025, 4.9792175, 42.814426, 54.535126, 5.6754456, 13.000356, 7.0737495
2.260508, -39.9981, -47.71292, -12.28898, 0.0, 0.0, 0.0, 1
54.563934, 23.684597, 23.021301, 42.014664, 23.136139, 25.305328, 9.859383, 5.572772
1.8529098, -41.199722, -52.165127, 6.635147, 0.0, 0.0, 0.0, 1
94.75769, 22.700235, 55.04785, 41.43932, 18.847504, 63.21045, 7.2878838, 4.5380673
0.55350363, -38.263916, -45.38307, 16.353008, 0.0, 0.0, 0.0, -1
80.19783, 21.743383, 32.10318, 40.99083, 3.9599304, 42.154144, 6.6789646, 4.172058
0.001837876, 0.0, 0.0, 0.0, 33.908947, 12.841216, -53.249836, 5
44.197906, 20.064823, 15.061539, 40.990833, 34.674942, 13.390244, 6.9002714, 4.5595183
0.0014978293, 0.0, 0.0, 0.0, 47.425797, 23.784935, -28.78927, 5
4.842743, 17.824408, 70.89859, 40.99095, 79.12247, 69.57999, 6.895346, 4.558992
1.7548644E-4, 0.0, 0.0, 0.0, 70.345634, 29.404406, 0.24995932, -1
4.999527, 17.264162, 75.19089, 40.990944, 80.611755, 73.87424, 6.821786, 4.558979
0.0, 0.0, 0.0, 0.0, 79.349785, 20.186556, -0.4636599, 5
4.8589325, 16.744146, 79.73793, 40.990944, 84.999374, 78.42128, 6.649821, 4.558979
0.0, 0.0, 0.0, 0.0, 81.651596, 17.836935, 0.5114652, -1
4.93631, 16.415709, 83.11345, 40.990944, 89.86348, 81.7968, 6.399659, 4.558979
0.0, 0.0, 0.0, 0.0, 83.07469, 16.559387, -0.36592397, 5
4.9040527, 15.914463, 88.15291, 40.990944, 99.03117, 84.00456, 5.2926183, 4.3900743
0.0, 0.0, 0.0, 0.0, 75.73913, 24.065908, 0.19496776, -1
20.618118, 14.413951, 74.89673, 37.65462, 11.863037, 0.85723877, 18.269249, 15.804745
2.9164612, -79.43082, -4.997025, 15.572155, 0.0, 0.0, 0.0, 0
144.92896, 8.808101, 46.099182, 26.734232, 114.80745, 79.73935, 2.0764031, 3.1397862
0.68699, -41.80338, -14.598623, 43.598, 0.0, 0.0, 0.0, -1
153.06827, 7.727218, 18.80011, 26.422234, 39.237366, 23.693954, 3.9892085, 4.557444
1.3364298, -33.398212, -43.280525, 23.32127, 0.0, 0.0, 0.0, 1
86.543015, 3.8248675, 76.044205, 26.036594, 55.85263, 81.600555, 5.6866083, 4.8048587
0.70617855, -39.270245, -43.418472, 17.31129, 0.0, 0.0, 0.0, -1
138.00078, 44.804813, 164.41176, 54.673054, 174.08043, 179.9081, 38.956764, 31.536581
0.6207252, 34.40345, 36.509842, 29.086712, 0.0, 0.0, 0.0, -1
170.22139, 45.57714, 133.27577, 55.583454, 154.40117, 148.28072, 39.931416, 29.581184
0.0043553947, 0.0, 0.0, 0.0, -44.28446, -22.425236, -33.290302, 3
174.00749, 45.57972, 117.508194, 55.58606, 138.63255, 132.35597, 39.934223, 28.114004
0.0020291368, 0.0, 0.0, 0.0, -39.88448, -20.229012, -39.88651, 5
158.31102, 45.580376, 101.81258, 55.586357, 122.936874, 116.4868, 39.9346, 26.647406
0.29973793, -40.193783, -38.071293, -21.734926, 0.0, 0.0, 0.0, -1
142.46227, 45.58105, 85.964676, 55.586655, 107.08894, 100.44548, 39.93498, 25.183235
2.8758972, -40.577618, -38.361763, -21.060614, 0.0, 0.0, 0.0, 0
64.07187, 43.132412, 4.772949, 52.994713, 27.216644, 18.446533, 36.2554, 12.215087
3.3609965, -37.996662, -33.68601, -28.317326, 0.0, 0.0, 0.0, 0
65.88675, 39.555187, 4.7738647, 51.49235, 27.872925, 17.702667, 31.936684, 8.475661
2.411479, -33.3012, -36.48986, -30.208933, 0.0, 0.0, 0.0, 1
62.17679, 37.507908, 0.8913269, 50.025444, 22.859894, 8.997772, 27.678288, 5.7727804
3.054893, -27.818754, -27.534754, -44.646496, 0.0, 0.0, 0.0, 2
14.69458, 33.32135, 47.603973, 48.081905, 28.563568, 63.97809, 16.031754, 4.3624415
2.897764, -34.91544, -27.691914, -37.39265, 0.0, 0.0, 0.0, 2
29.93924, 32.849163, 32.882996, 47.846596, 15.394348, 50.59323, 14.22558, 4.35139
2.9041438, -38.577087, -29.172575, -32.25034, 0.0, 0.0, 0.0, 0
1.6348794, 22.841688, 83.01907, 34.846226, 10.265564, 9.560852, 22.878912, 21.246473
4.268566, 2.4877472, -48.08413, -49.42812, 0.0, 0.0, 0.0, 2
0.77749777, 14.638214, 92.22747, 35.07215, 12.706875, 16.448544, 18.369781, 16.643332
1.163213, -26.327927, -40.67643, -32.995647, 0.0, 0.0, 0.0, 1
16.32956, 13.887871, 77.64212, 35.15779, 5.4736023, 1.6192322, 16.707626, 15.993119
3.0085835, -79.47247, -6.184073, 14.343454, 0.0, 0.0, 0.0, 0
4.8987274, 20.47691, 79.040695, 45.512, 17.615463, 21.580795, 20.908543, 24.925745
4.122673, -15.467268, -42.848743, -41.683987, 0.0, 0.0, 0.0, 1
0.5601654, 14.447571, 76.85065, 44.378464, 16.092728, 13.268936, 16.317244, 19.85757
2.385549, -55.544334, -31.401264, -13.0544, 0.0, 0.0, 0.0, 0
126.0864, 11.617985, 4.9588623, 38.83118, 40.564972, 78.06154, 3.4518635, 9.003582
1.6559985, -51.67005, -14.19833, 34.13162, 0.0, 0.0, 0.0, 0
134.9914, 11.653255, 4.958908, 38.101986, 36.791107, 77.558395, 3.0046792, 7.67351
0.59480846, -45.99306, -18.428074, 35.578865, 0.0, 0.0, 0.0, -1
165.80383, 12.103453, 16.234802, 37.177654, 42.691666, 90.88699, 2.8570797, 5.4851937
0.0038700292, 0.0, 0.0, 0.0, 37.452488, -6.0481677, -56.499344, 5
103.23893, 12.093814, 46.80652, 37.175194, 37.804504, 17.588928, 3.8816583, 4.7605734
0.002503401, 0.0, 0.0, 0.0, 27.791628, 13.203229, -59.005142, 5
68.55205, 10.751899, 78.45776, 37.17421, 74.945984, 14.329803, 4.761914, 4.7453012
5.561406E-4, 0.0, 0.0, 0.0, -69.89096, -25.074545, 5.034504, 3
52.629105, 5.211092, 56.310257, 37.17389, 56.79323, 29.733109, 5.0485215, 6.099878
7.5395335E-5, 0.0, 0.0, 0.0, 25.515865, 18.823893, -55.66024, 5
4.863907, 7.5177608, 33.782303, 37.17384, 43.552444, 29.884216, 4.2661715, 5.367939
0.0, 0.0, 0.0, 0.0, 65.87842, 32.84263, 1.2789603, -1
5.3842926, 6.5933113, 42.023132, 37.17384, 52.018982, 37.404266, 4.26723, 5.274027
0.0, 0.0, 0.0, 0.0, 65.37061, 33.614883, -1.0145022, 5
4.891922, 6.2827835, 49.272324, 37.17384, 58.936966, 45.60112, 4.2541447, 5.3876143
0.0, 0.0, 0.0, 0.0, 61.035656, 29.748869, 9.215476, -1
97.89391, 5.1309123, 4.983902, 29.901442, 64.631454, 58.305405, 11.032298, 6.401577
3.419256, -60.60396, -10.535446, 28.8606, 0.0, 0.0, 0.0, 0
119.78175, 5.8390417, 4.983612, 27.64008, 77.823105, 52.5997, 6.628668, 3.7850254
2.4589026, -40.487537, 20.952412, 38.56005, 0.0, 0.0, 0.0, 0
166.88051, 6.5218177, 12.675262, 25.607891, 136.22829, 59.572845, 4.083459, 2.554381
3.4561381, -24.798046, 36.875282, 38.32667, 0.0, 0.0, 0.0, 0
137.61986, 6.5309753, 55.687286, 23.300575, 154.4526, 87.941315, 2.7442694, 3.0931408
3.7924972, -27.731102, 33.937286, 38.33161, 0.0, 0.0, 0.0, 0
171.153, 38.81261, 160.31218, 54.649628, 150.31895, 178.55098, 52.120598, 51.352547
0.6231802, 33.26899, 32.64293, 34.08809, 0.0, 0.0, 0.0, -1
138.3828, 37.992237, 129.0868, 55.590103, 117.0222, 149.7199, 52.79271, 49.37867
0.0032093984, 0.0, 0.0, 0.0, -39.9317, -20.07304, -39.995255, 5
106.6633, 37.70015, 97.61154, 55.593338, 85.10812, 118.10025, 52.764523, 46.443935
0.49584737, -34.053043, -32.54625, -33.400707, 0.0, 0.0, 0.0, -1
90.89856, 37.70048, 81.84674, 55.593616, 69.37262, 102.25577, 51.591415, 44.974678
1.998173, -34.061184, -32.534367, -33.404446, 0.0, 0.0, 0.0, 0
16.5997, 22.645369, 4.896698, 48.280106, 9.2742, 29.407135, 25.192913, 30.677132
3.8206944, -34.758793, -32.16863, -33.072575, 0.0, 0.0, 0.0, 0
18.37561, 19.70413, 4.896637, 45.266006, 10.116089, 31.96106, 16.526148, 27.961554
3.4244113, -35.072033, -31.927425, -33.000546, 0.0, 0.0, 0.0, 0
17.926544, 18.705505, 4.896637, 42.19775, 9.313202, 35.118317, 8.369415, 25.266752
2.7722967, -32.22507, -31.03747, -36.73746, 0.0, 0.0, 0.0, 2
22.294373, 17.856388, 28.543121, 37.770126, 48.643738, 5.118988, 3.850933, 9.712794
2.1124825, -35.984394, -26.678879, -37.336727, 0.0, 0.0, 0.0, 2
25.604431, 16.017492, 30.788605, 36.013557, 60.074356, 15.568512, 2.7632031, 7.1732655
0.51813257, -37.774887, -21.43608, -40.78903, 0.0, 0.0, 0.0, -1
3.8698425, 21.980207, 78.733505, 45.51472, 96.76218, 11.879028, 18.444874, 20.271406
4.0894275, -10.410889, -28.202497, -61.386616, 0.0, 0.0, 0.0, 2
3.8644562, 15.008727, 82.760925, 44.99636, 82.52348, 12.843262, 10.573098, 15.899133
1.4656485, -34.230103, -36.28358, -29.486317, 0.0, 0.0, 0.0, 1
19.726227, 12.862339, 67.962006, 44.918762, 70.752426, 2.2373047, 9.491623, 15.215531
2.227297, -61.70004, -33.17, 5.1299677, 0.0, 0.0, 0.0, 0
135.75026, 5.5722966, 51.45764, 43.153996, 60.489502, 104.796005, 4.517753, 6.876283
0.44655803, -42.015656, 3.2285333, 54.755814, 0.0, 0.0, 0.0, -1
116.742004, 4.9231963, 36.156662, 42.945282, 45.71997, 87.63748, 4.5253205, 6.454554
0.012468781, 0.0, 0.0, 0.0, 24.531857, -18.74224, -56.725906, 5
63.343704, 4.1858373, 11.0638275, 42.92631, 7.531967, 31.826767, 4.7975216, 6.6399164
0.0024916339, 0.0, 0.0, 0.0, 43.940983, -12.146636, -43.91238, -1
31.827896, 4.1843166, 42.588486, 42.925655, 39.072098, 5.2872467, 4.797566, 6.851088
0.0010921654, 0.0, 0.0, 0.0, -41.742897, 3.3950052, 54.8621, 3
31.27449, 4.181983, 43.15393, 42.92469, 39.660736, 14.085388, 4.797664, 7.1057796
0.104094885, -41.047157, -19.157608, 39.79523, 0.0, 0.0, 0.0, -1
47.053604, 4.1815367, 27.375214, 42.924633, 23.886765, 1.0367126, 4.79798, 7.1707644
0.104813285, -40.096367, -20.289099, 39.614532, 0.0, 0.0, 0.0, -1
62.8853, 4.1813364, 11.543701, 42.924633, 8.057892, 12.07103, 4.798233, 7.2228737
0.106611714, -39.37043, -21.767572, 38.862, 0.0, 0.0, 0.0, -1
78.56906, 4.1813364, 4.1400604, 42.924633, 7.6258698, 25.03334, 4.798233, 7.260301
0.11600156, -38.349655, -23.826857, 37.82349, 0.0, 0.0, 0.0, -1
126.766785, 4.2545714, 51.439728, 42.87134, 55.9299, 64.671875, 4.751356, 7.248272
0.013510473, 0.0, 0.0, 0.0, -38.597267, -22.920616, -38.482117, 3
130.5948, 4.25991, 55.20233, 42.867363, 59.766388, 64.27789, 4.747903, 7.1136603
0.006634591, 0.0, 0.0, 0.0, -32.40185, -19.893795, -47.704357, 5
127.69801, 4.2648177, 52.24588, 42.863724, 56.877808, 60.09555, 4.744757, 6.984831
9.995948E-4, 0.0, 0.0, 0.0, -8.176428, -6.403508, -85.42007, 5
96.36891, 4.2648263, 20.921356, 42.864063, 25.552032, 26.70256, 4.7450976, 6.7091303
7.477491E-4, 0.0, 0.0, 0.0, 27.429012, 14.0519905, -58.519, 5
80.717896, 4.264901, 5.2734985, 42.864307, 9.898163, 9.185059, 4.745955, 6.595761
5.0583074E-4, 0.0, 0.0, 0.0, 36.7355, 20.091368, -43.17313, 5
1.5157928, 18.187231, 80.02779, 37.677204, 9.206757, 14.35318, 17.941523, 19.149906
3.959075, -14.109555, -43.952034, -41.93841, 0.0, 0.0, 0.0, 1
107.783325, 3.5765703, 4.8724365, 32.92731, 56.22847, 67.62555, 4.689987, 8.77162
2.833609, -61.808098, 3.2571838, 34.93472, 0.0, 0.0, 0.0, 0
120.16054, 2.949988, 4.8716736, 29.605959, 55.512863, 86.04831, 3.2765465, 7.046915
3.3227522, -33.87059, 31.045628, 35.08378, 0.0, 0.0, 0.0, 0
4.479477, 21.45423, 73.3403, 47.34798, 25.689667, 9.21347, 32.637455, 20.886496
4.228028, -10.723281, -43.705883, -45.570835, 0.0, 0.0, 0.0, 2
4.4680023, 19.727732, 73.3403, 47.34798, 22.358017, 9.44696, 28.63597, 20.239006
4.4974337, -16.310417, -42.642597, -41.046986, 0.0, 0.0, 0.0, 1
90.26291, 10.24118, 4.933258, 44.15966, 47.9691, 58.72667, 11.329366, 9.071968
2.363088, -59.815998, -25.535505, 14.648499, 0.0, 0.0, 0.0, 0
102.343, 10.657776, 4.962982, 41.920765, 49.22888, 52.62375, 7.0226984, 5.228435
0.5290494, -55.66163, -28.919506, 15.418859, 0.0, 0.0, 0.0, -1
65.78255, 9.666178, 32.32016, 41.051456, 27.090515, 16.853256, 6.2933254, 4.176771
1.103559E-5, 0.0, 0.0, 0.0, 24.204033, 27.233318, -48.56265, 5
20.152664, 9.1360655, 63.813156, 41.051453, 20.52211, 34.674484, 6.9161243, 4.087944
6.3180923E-6, 0.0, 0.0, 0.0, -63.401558, -8.664327, 27.934116, 3
17.074371, 13.305898, 47.2726, 41.05145, 11.876709, 48.06581, 5.907813, 5.0626316
0.049408082, 0.0, 0.0, 0.0, -16.041344, -8.602706, 75.35595, 3
30.228912, 14.310996, 31.59845, 41.05145, 2.2418213, 32.38942, 5.8390145, 5.0631056
0.6967785, -41.836502, -14.779061, 43.384434, 0.0, 0.0, 0.0, -1
59.774643, 15.211864, 0.12593079, 41.05145, 29.365295, 0.9122009, 5.81391, 5.064065
0.59686506, -40.537155, -18.298483, 41.164364, 0.0, 0.0, 0.0, -1
65.17873, 15.433128, 4.109543, 40.67265, 28.603622, 8.554825, 6.157988, 4.7931023
3.874302E-5, 0.0, 0.0, 0.0, 36.973415, 14.982957, -48.043625, 5
46.74727, 14.145289, 11.575165, 40.672646, 9.935303, 7.12973, 6.279587, 4.7931843
3.6239624E-5, 0.0, 0.0, 0.0, 38.78729, 19.390854, -41.821857, 5
28.540787, 12.901529, 27.331985, 40.67264, 8.823029, 22.88565, 6.37818, 4.7932253
3.6239624E-5, 0.0, 0.0, 0.0, 39.514782, 19.903677, -40.58154, 5
12.822311, 11.636226, 43.028625, 40.672638, 27.542694, 38.580887, 6.4503417, 4.793356
3.194809E-5, 0.0, 0.0, 0.0, 46.025257, 26.302958, -27.671783, 5
4.606537, 10.788825, 51.04222, 40.672634, 38.79692, 46.593445, 6.493494, 4.7934017
1.2556712E-5, 0.0, 0.0, 0.0, 64.25429, 34.67928, 1.0664315, -1
4.9431915, 9.012534, 72.5556, 40.672626, 72.624374, 72.76071, 6.070132, 4.490087
2.1219254E-5, 0.0, 0.0, 0.0, 76.02829, 23.96775, -0.00396126, 5
4.933975, 8.462684, 81.42827, 40.672626, 82.91307, 79.83183, 6.070627, 4.5066814
2.8371811E-5, 0.0, 0.0, 0.0, 82.083984, 17.880957, 0.03505802, -1
4.935211, 11.233801, 92.12544, 40.67259, 97.171585, 84.99426, 4.5532947, 5.72363
6.5432646E-6, 0.0, 0.0, 0.0, -67.8653, -31.974882, -0.15980802, 3
4.8742676, 9.776071, 61.140564, 40.672577, 70.38925, 57.141495, 4.286973, 5.4255967
7.1525574E-7, 0.0, 0.0, 0.0, -65.598816, -34.099976, 0.30121505, 3
7.214798, 21.41383, 77.6019, 31.182245, 17.360886, 22.037659, 20.220161, 21.946892
3.806534, -11.284384, -43.90558, -44.810036, 0.0, 0.0, 0.0, 2
3.7232208, 19.295912, 77.6019, 31.182245, 18.672363, 23.564026, 19.030474, 20.861183
4.1923847, -14.640005, -43.0061, -42.353897, 0.0, 0.0, 0.0, 1
3.3021774, 14.855419, 82.79481, 30.371897, 20.86515, 26.280678, 15.757243, 17.717127
1.6073917, -35.351864, -37.7089, -26.939238, 0.0, 0.0, 0.0, 1
12.523788, 12.699515, 68.3114, 30.2377, 5.8358765, 11.372238, 15.10056, 17.082169
2.960928, -68.32686, -30.613274, -1.0598695, 0.0, 0.0, 0.0, 0
163.51953, 10.687611, 166.62842, 54.620346, 137.833, 156.59714, 46.999737, 58.11148
0.62467146, 36.090324, 31.936464, 31.973215, 0.0, 0.0, 0.0, -1
163.57484, 9.769596, 135.31142, 55.58577, 107.29938, 125.46828, 44.844574, 57.08676
0.0022044347, 0.0, 0.0, 0.0, -40.015614, -19.97251, -40.011875, 3
147.84508, 9.614913, 119.57335, 55.586525, 91.675156, 109.75499, 43.367626, 55.62435
0.0018059422, 0.0, 0.0, 0.0, -40.0147, -19.97001, -40.01529, 5
132.11789, 9.615258, 103.84604, 55.58679, 76.06645, 94.053925, 41.926346, 54.15255
0.599057, -36.577473, -34.259068, -29.163465, 0.0, 0.0, 0.0, -1
100.602356, 9.615906, 72.33127, 55.587345, 44.820312, 62.5961, 38.99213, 51.21078
2.9186308, -37.519257, -34.948147, -27.532595, 0.0, 0.0, 0.0, 0
49.911743, 6.445705, 4.959961, 51.680027, 24.253845, 5.369812, 23.745398, 35.50474
3.8164372, -46.956924, -42.720642, -10.32243, 0.0, 0.0, 0.0, 0
95.08832, 6.1088095, 33.73004, 42.16572, 37.056458, 50.12625, 4.701711, 8.540165
1.6289524, -54.70986, -25.348234, -19.941902, 0.0, 0.0, 0.0, 0
72.792625, 5.379926, 50.410126, 41.813274, 55.355194, 74.039185, 4.745187, 7.730155
0.91952664, -50.288265, -20.515446, -29.19629, 0.0, 0.0, 0.0, -1
17.607206, 15.029705, 74.27641, 36.460228, 3.448039, 1.6295977, 19.655828, 18.038595
2.7353845, -77.81484, -14.967638, 7.217517, 0.0, 0.0, 0.0, 0
138.43793, 15.367642, 26.313572, 28.05421, 86.77988, 68.99443, 6.559879, 2.532109
3.2905228, -28.853926, 26.427042, 44.71903, 0.0, 0.0, 0.0, 0
164.22168, 17.809752, 61.139618, 22.964128, 92.74512, 90.471405, 7.8868823, 3.0437605
2.0290391, -31.92685, 8.606094, 59.467052, 0.0, 0.0, 0.0, 0
160.24231, 18.446098, 62.671326, 21.84033, 78.91232, 88.67447, 6.9186773, 3.034698
0.531786, -32.989212, -6.1485233, 60.862263, 0.0, 0.0, 0.0, -1
141.73451, 17.86022, 48.034454, 21.614182, 56.975586, 68.16144, 6.4445133, 3.0734987
0.010273142, 0.0, 0.0, 0.0, 30.622377, 17.815634, -51.56198, 5
4.8547573, 15.052894, 74.44493, 21.57792, 63.03429, 79.4883, 4.1741843, 2.9336357
0.0018033226, 0.0, 0.0, 0.0, 60.020847, 39.634235, 0.34492207, -1
152.15988, 47.96311, 155.44473, 54.631306, 112.4681, 147.66211, 42.884556, 32.23055
0.6206535, 37.055565, 26.772959, 36.17148, 0.0, 0.0, 0.0, -1
121.49361, 46.75587, 124.31975, 55.548267, 81.42345, 117.10982, 43.60983, 30.073551
7.7167794E-4, 0.0, 0.0, 0.0, -38.520172, -19.14021, -42.339622, 5
88.435356, 45.805897, 92.86916, 55.548733, 49.972893, 85.81338, 43.61075, 27.198637
0.40145645, -35.03867, -30.169037, -34.792294, 0.0, 0.0, 0.0, -1
70.887085, 45.24515, 77.03342, 55.548874, 34.137054, 70.06882, 43.611362, 25.728485
2.5662298, -35.289314, -30.164894, -34.54579, 0.0, 0.0, 0.0, 0

NONPOS KNOWLEDGE:
4.9732056, 11.799096, 86.16992, 33.759876, 84.89447, 126.67285, 4.9315896, 5.401686
1.7517664, -19.66927, 7.0034103, -73.327324, 0.0, 0.0, 0.0, 2
2.4447632, 7.040929, 84.32028, 31.55293, 102.53226, 125.260376, 4.8710074, 6.602033
3.1457443, -60.062374, -25.337425, 14.600208, 0.0, 0.0, 0.0, 0
138.03302, 5.6767354, 25.637924, 27.26767, 52.800735, 86.24097, 1.7713994, 3.46192
0.34810933, -68.09138, 4.8728185, 27.035803, 0.0, 0.0, 0.0, -1
153.74997, 5.642394, 41.36789, 26.93628, 47.89836, 75.664276, 1.7082063, 3.5739508
0.01593108, 0.0, 0.0, 0.0, 57.91677, -28.45999, -13.623236, 4
172.8646, 5.296934, 66.86714, 26.921173, 22.895203, 50.393127, 1.7062525, 3.5784118
0.0021970014, 0.0, 0.0, 0.0, -30.27622, 15.160698, -54.56308, 5
142.87584, 4.8499393, 51.589508, 26.920713, 38.169388, 65.68878, 1.7057838, 3.576927
0.49487597, -21.77987, -39.233368, 38.98676, 0.0, 0.0, 0.0, -1
141.45761, 4.8366566, 50.989075, 26.920597, 38.77054, 66.29489, 1.7057399, 3.5766022
3.2619362, -28.029016, -9.625536, 62.345444, 0.0, 0.0, 0.0, 0
142.0088, 4.8366075, 51.550217, 26.920477, 8.929733, 65.73857, 2.817561, 3.5763674
7.660946, -18.637262, 23.811277, 57.55146, 0.0, 0.0, 0.0, 0
158.86209, 7.039087, 65.383575, 26.044462, 85.180664, 159.06131, 3.0868726, 4.141767
9.16254, -4.809159, 46.75284, 48.438, 0.0, 0.0, 0.0, 0
165.9271, 12.393436, 77.41547, 24.746468, 143.6268, 175.86354, 8.430236, 10.284031
6.47151, 7.9927177, 44.151817, 47.85547, 0.0, 0.0, 0.0, -1
169.62372, 20.802973, 96.99347, 25.074673, 156.12128, 167.31943, 18.963354, 17.652441
3.7815294, 21.462997, 38.95246, 39.58454, 0.0, 0.0, 0.0, -1
170.42197, 24.413778, 104.809845, 26.069527, 159.1196, 165.58951, 22.42325, 20.43088
0.6146915, 15.39566, 42.09121, 42.513134, 0.0, 0.0, 0.0, -1
110.71825, 25.387594, 46.921448, 26.41491, 99.89526, 104.37753, 23.36391, 21.179495
0.007693846, 0.0, 0.0, 0.0, 14.315648, -25.562716, -60.12164, 5
47.80178, 25.387259, 15.995789, 26.414675, 36.978424, 39.576843, 23.36352, 21.135218
0.0022161144, 0.0, 0.0, 0.0, 43.06622, -14.162774, -42.771004, -1
59.76085, 3.7890484, 39.903824, 10.440134, 37.488815, 56.93193, 3.9757364, 2.8830545
1.3489688E-4, 0.0, 0.0, 0.0, 44.459763, 13.231013, -42.309223, 5
46.432755, 3.7477684, 55.572784, 10.440139, 53.548126, 70.240265, 3.9873526, 2.712293
0.546405, 43.22885, 42.643097, -14.128049, 0.0, 0.0, 0.0, -1
15.059784, 3.7476275, 86.94379, 10.440259, 87.246826, 95.163574, 4.006024, 2.4848351
1.1659021, 42.08648, 41.56722, -16.346308, 0.0, 0.0, 0.0, 2
45.15892, 3.24683, 43.07509, 11.448046, 26.01036, 5.4826202, 3.0451603, 1.6667075
0.0063302363, 0.0, 0.0, 0.0, -5.812554, 33.82834, 60.359108, 3
60.733, 3.2446265, 27.411743, 11.453637, 4.28006, 25.209442, 3.196154, 1.8753128
0.8593392, -17.462107, 37.805244, 44.732647, 0.0, 0.0, 0.0, -1
76.45654, 3.2444775, 11.688538, 11.453656, 24.579803, 45.172607, 3.4523587, 2.1974814
4.553946, -5.29724, 47.626408, 47.076355, 0.0, 0.0, 0.0, 0
123.6584, 3.2434802, 35.515625, 11.45364, 74.82764, 93.472885, 4.2376637, 3.1764708
9.097306, 16.547192, 41.85581, 41.597004, 0.0, 0.0, 0.0, -1
174.5586, 13.215193, 120.95639, 12.95516, 157.6849, 165.3721, 11.673475, 13.029587
7.323161, 27.413713, 36.439163, 36.147118, 0.0, 0.0, 0.0, -1
176.44151, 23.09915, 145.71915, 20.045008, 169.68192, 165.7506, 21.55357, 22.076468
2.7815332, 29.32965, 35.34608, 35.32427, 0.0, 0.0, 0.0, -1
161.89844, 24.917776, 133.64093, 21.59097, 155.62993, 151.73853, 23.483618, 23.443647
0.5398277, 30.495003, 34.692326, 34.812668, 0.0, 0.0, 0.0, -1
130.3664, 25.387295, 102.6886, 21.996838, 124.11319, 120.41203, 24.062138, 23.736769
0.03496642, 0.0, 0.0, 0.0, -28.232468, -22.814754, -48.95278, 5
36.0701, 25.457167, 8.476776, 22.057386, 29.537613, 26.677032, 24.288979, 23.234715
0.0, 0.0, 0.0, 0.0, 26.083305, -20.887484, -53.02921, 5
6.87381, 8.283929, 78.02835, 35.77999, 99.65318, 87.506744, 5.673843, 4.488292
0.17659515, -17.220272, 7.0241494, -75.75558, 0.0, 0.0, 0.0, -1
22.33081, 7.588882, 62.485992, 35.744236, 85.577576, 73.938034, 5.706853, 4.484877
1.0454376E-4, 0.0, 0.0, 0.0, -34.42291, -13.98255, 51.59455, 3
37.9093, 7.5185547, 46.801605, 35.744255, 69.88995, 58.250458, 5.70711, 4.485174
0.36947903, -26.14655, -37.06841, 36.78504, 0.0, 0.0, 0.0, -1
53.670197, 7.518699, 31.037994, 35.744274, 54.12317, 42.483734, 5.7073956, 4.485528
2.2170012, -26.87413, -32.70267, 40.423195, 0.0, 0.0, 0.0, 1
69.368225, 7.6724987, 15.336517, 35.744286, 28.764431, 24.251633, 5.078516, 4.482491
6.4113054, -29.79612, 16.295202, 53.908684, 0.0, 0.0, 0.0, 0
135.3914, 10.434743, 57.91484, 33.74191, 85.485886, 112.480606, 4.1068883, 8.163365
8.953061, -14.552325, 37.93491, 47.512768, 0.0, 0.0, 0.0, 0
149.02483, 15.084349, 73.60127, 31.542114, 151.2181, 131.62404, 10.229045, 13.504057
7.2369556, -7.3387203, 45.091015, 47.570267, 0.0, 0.0, 0.0, 0
155.43115, 20.172134, 76.171814, 30.214104, 156.89331, 141.17667, 16.841084, 18.603539
3.9400282, -2.4116213, 48.214317, 49.37406, 0.0, 0.0, 0.0, 0
158.47313, 23.739902, 83.30325, 29.86521, 160.17502, 146.67886, 20.440224, 21.817816
1.5553027, -1.2253891, 48.82591, 49.948704, 0.0, 0.0, 0.0, 0
156.0972, 24.609072, 82.06412, 29.851822, 157.8222, 144.79135, 21.316576, 22.61823
0.6499432, -1.8607272, 48.47678, 49.66249, 0.0, 0.0, 0.0, -1
124.11206, 24.60159, 51.451843, 29.832867, 126.56661, 113.73414, 21.846611, 23.059464
0.03296473, 0.0, 0.0, 0.0, 17.654226, -25.263315, -57.082455, 5
4.8925138, 13.862121, 75.37188, 41.304333, 63.49504, 84.94418, 5.40616, 4.61528
1.3108631, -0.669355, 11.054164, -88.27648, 0.0, 0.0, 0.0, 2
0.8370514, 9.010982, 79.061874, 40.49006, 87.21654, 104.991104, 5.2193046, 4.8889227
0.025439668, 0.0, 0.0, 0.0, -34.6213, -0.6216438, 64.757065, 3
96.149765, 6.2847176, 15.134003, 41.107265, 68.07634, 78.93973, 5.2448263, 3.542248
9.0546465, -16.396704, 38.834774, 44.76852, 0.0, 0.0, 0.0, 0
172.96086, 19.889883, 82.07245, 36.129658, 156.68883, 160.22339, 18.646328, 17.505121
3.11607, 2.693232, 48.181736, 49.12503, 0.0, 0.0, 0.0, -1
157.54074, 24.012787, 72.8712, 36.182564, 144.12047, 147.21213, 22.516964, 21.496407
0.5636951, 2.78519, 48.244926, 48.969887, 0.0, 0.0, 0.0, -1
126.84302, 23.983875, 42.148987, 36.21701, 112.923584, 116.23134, 22.816263, 21.83445
0.0357585, 0.0, 0.0, 0.0, 22.66364, -23.509422, -53.82694, 5
64.28177, 23.832403, 20.661743, 36.220867, 50.29608, 54.085953, 22.39905, 21.764204
7.98636E-4, 0.0, 0.0, 0.0, 43.506145, -13.747881, -42.74597, -1
99.69255, 11.761961, 20.883331, 35.121117, 17.177872, 23.8172, 4.810261, 6.0454044
1.2886862, 32.034378, 17.050928, -50.914692, 0.0, 0.0, 0.0, 2
7.558159, 11.7620325, 113.02652, 35.11974, 109.33884, 81.418274, 4.8082447, 6.0678673
1.3645911, 30.496248, 21.20066, -48.303093, 0.0, 0.0, 0.0, 2
1.0673447, 9.01319, 123.357185, 35.78891, 121.39637, 119.031166, 4.7310658, 7.819423
0.22522056, 29.00536, 27.365913, -43.628727, 0.0, 0.0, 0.0, -1
16.676392, 8.279173, 139.41768, 35.923515, 124.70064, 137.35239, 4.0584564, 8.144821
9.823373E-4, 0.0, 0.0, 0.0, 2.2805245, 3.213036, 94.50644, -1
34.552803, 7.931616, 155.22943, 35.92504, 122.38186, 153.17508, 3.8350947, 8.14632
0.0023032757, 0.0, 0.0, 0.0, -27.886127, -12.594504, 59.519367, 3
73.51524, 7.21289, 173.06792, 35.92477, 135.0093, 175.1321, 4.293338, 8.146254
0.12720983, -29.451052, 5.1341295, 65.41482, 0.0, 0.0, 0.0, -1
92.54653, 6.9601803, 157.38577, 35.924595, 144.5653, 159.45566, 4.8111854, 8.146258
6.3368583, -20.181046, 24.515373, 55.303585, 0.0, 0.0, 0.0, 0
179.0777, 16.892673, 89.43648, 32.432, 164.54839, 147.70724, 15.478564, 13.48498
6.851444, -4.930398, 45.289413, 49.780186, 0.0, 0.0, 0.0, 0
178.65659, 18.843615, 92.89137, 32.301327, 166.80698, 152.53595, 17.324446, 15.446594
4.9387493, 8.892773, 45.487713, 45.61952, 0.0, 0.0, 0.0, -1
169.11246, 23.093344, 108.621376, 32.425617, 170.36061, 170.74551, 20.392632, 20.496778
2.5903628, 14.374353, 43.19817, 42.42748, 0.0, 0.0, 0.0, -1
163.94566, 24.507313, 117.84898, 32.64172, 174.3197, 177.58276, 23.047712, 22.728607
0.72799766, 12.498827, 43.59817, 43.903004, 0.0, 0.0, 0.0, -1
132.97139, 24.51798, 150.29305, 32.71923, 142.93326, 149.85547, 23.24615, 23.414053
0.08780752, 0.0, 0.0, 0.0, -26.370663, -24.994835, -48.634506, 5
101.540054, 24.484055, 177.96222, 32.733578, 111.862625, 116.52443, 23.043499, 23.764648
0.0015955147, 0.0, 0.0, 0.0, -40.328506, -20.03157, -39.63992, 3
4.833908, 22.564238, 78.4536, 32.734978, 14.874878, 18.431427, 20.546068, 21.46086
0.59686416, -34.334034, -35.541553, -30.12441, 0.0, 0.0, 0.0, -1
4.833908, 22.564238, 78.4536, 32.734978, 14.888565, 18.525925, 20.560463, 21.42123
4.2675076, -22.19213, -41.602226, -36.205647, 0.0, 0.0, 0.0, 1
4.833908, 22.564238, 78.4536, 32.734978, 14.864944, 18.302826, 20.53763, 21.497644
5.4216447, -31.455635, -37.177353, -31.367016, 0.0, 0.0, 0.0, 1
4.833908, 22.564238, 78.4536, 32.734978, 14.854233, 18.416367, 20.550068, 21.457975
5.5825453, -31.36415, -37.23299, -31.402863, 0.0, 0.0, 0.0, 1
22.320602, 16.015894, 74.427704, 27.91559, 8.751877, 2.7530975, 13.423286, 14.109645
1.6831405, -15.222963, -45.47538, -39.30166, 0.0, 0.0, 0.0, 1
20.485123, 15.217717, 79.577515, 27.612242, 6.3999786, 0.039215088, 12.524123, 13.172377
0.4769358, -14.843364, -45.957726, -39.19891, 0.0, 0.0, 0.0, -1
53.65506, 14.542668, 49.452606, 27.364683, 39.396072, 32.498444, 11.733378, 12.385059
7.3144394E-5, 0.0, 0.0, 0.0, -14.324098, 27.687773, 57.988132, 3
70.71771, 13.984661, 33.716095, 27.364668, 54.787247, 47.80394, 11.551247, 12.217619
7.247925E-5, 0.0, 0.0, 0.0, 17.60236, 27.050533, 55.347103, -1
103.26936, 13.591989, 2.153366, 27.364647, 85.48956, 78.31499, 11.013974, 11.734389
4.626135, 4.2886353, 49.21611, 46.495255, 0.0, 0.0, 0.0, -1
177.80556, 14.449243, 80.57779, 27.442276, 164.74756, 158.04669, 12.332541, 12.9371195
6.7504725, 16.628315, 43.673206, 39.698483, 0.0, 0.0, 0.0, -1
132.92633, 25.202318, 153.39777, 30.23854, 141.62646, 145.31023, 22.84108, 23.41893
0.43458948, 22.384285, 40.026306, 37.58941, 0.0, 0.0, 0.0, -1
39.78267, 24.485172, 111.713936, 30.333853, 47.795082, 51.601204, 22.498861, 23.131336
0.0030258, 0.0, 0.0, 0.0, -40.753174, -19.64321, -39.603615, 3
4.8279877, 16.579515, 70.180115, 39.155014, 65.47952, 82.0849, 5.252987, 4.5318427
0.93884724, -11.684442, 1.462798, -86.85276, 0.0, 0.0, 0.0, -1
0.6121826, 13.043554, 77.088806, 39.033802, 73.98923, 99.1716, 4.1213927, 4.728954
0.0015962127, 0.0, 0.0, 0.0, -33.00317, -22.235088, 44.76174, 3
30.953049, 11.836809, 45.527985, 39.03347, 42.421783, 67.606964, 4.1211786, 4.728417
0.37232947, -27.864147, -33.32377, 38.812084, 0.0, 0.0, 0.0, -1
46.66057, 11.225424, 29.820892, 39.033375, 26.710846, 51.89679, 4.1211586, 4.7282257
4.0657516, -33.684353, -8.717483, 57.598167, 0.0, 0.0, 0.0, 0
138.9191, 10.389774, 51.797363, 37.983192, 106.16821, 67.33533, 8.66451, 5.146296
9.147484, -13.247431, 41.288666, 45.463905, 0.0, 0.0, 0.0, 0
161.178, 18.908941, 73.49521, 34.985756, 146.16689, 132.38364, 17.34961, 15.3040495
5.622848, -16.793276, 40.744644, 42.46208, 0.0, 0.0, 0.0, 0
162.20786, 20.399958, 75.9736, 34.712234, 148.43039, 136.8996, 18.706327, 17.625288
4.3331547, -11.874886, 42.810917, 45.314198, 0.0, 0.0, 0.0, 0
163.2512, 22.174915, 78.95572, 34.472767, 150.71936, 144.29767, 20.346966, 21.191042
3.4497762, -1.9773566, 47.886547, 50.136097, 0.0, 0.0, 0.0, 0
164.14343, 23.95095, 81.96304, 34.32557, 152.6654, 149.515, 22.009773, 23.294003
1.4596641, -2.0424333, 47.60992, 50.347645, 0.0, 0.0, 0.0, 0
151.8852, 24.809656, 70.78404, 34.291313, 140.84871, 137.99136, 22.787104, 23.869066
0.4781998, 3.9492223, 47.369297, 48.681484, 0.0, 0.0, 0.0, -1
89.00661, 25.385439, 8.619156, 34.269043, 79.059326, 75.98686, 23.031906, 23.995426
0.0015424751, 0.0, 0.0, 0.0, 35.403767, -19.151873, -45.444363, 5
57.611008, 25.385418, 22.778091, 34.268654, 47.88971, 44.525055, 22.978535, 23.74913
0.0024978393, 0.0, 0.0, 0.0, 48.050106, -7.40653, -44.543365, -1
9.883636, 15.699205, 94.60036, 34.26604, 17.99295, 17.791443, 15.739344, 19.52741
0.0, 0.0, 0.0, 0.0, 68.29028, -12.461315, -19.24841, -1
9.95578, 15.3598795, 96.3114, 34.26604, 17.896164, 16.113739, 15.2107725, 19.289997
0.0, 0.0, 0.0, 0.0, 80.241516, 12.659367, -7.099124, 5
9.965027, 15.01337, 98.30084, 34.26604, 17.893234, 14.582962, 14.6463995, 18.957594
0.0, 0.0, 0.0, 0.0, 56.60432, 19.023151, 24.372528, -1
6.0628967, 14.17036, 108.15573, 34.26604, 21.766098, 12.844391, 13.109568, 17.324955
3.1617296, 51.818275, 34.479706, 13.70202, 0.0, 0.0, 0.0, -1
72.05433, 12.6515255, 174.0951, 35.69651, 96.12023, 87.59638, 11.153384, 16.178196
3.904152, 13.531285, 46.53724, 39.931473, 0.0, 0.0, 0.0, -1
123.42792, 11.758766, 129.46397, 37.235977, 148.66508, 141.2096, 10.632033, 14.713978
7.7051826, -6.4368854, 46.26013, 47.30298, 0.0, 0.0, 0.0, 0
168.93759, 16.111864, 84.61921, 37.139153, 166.52753, 166.82274, 14.666598, 18.768963
6.3264165, -3.9549577, 47.756107, 48.288937, 0.0, 0.0, 0.0, 0
167.10126, 20.208448, 101.76428, 36.655895, 178.44824, 173.98546, 18.951609, 23.467031
3.1089616, 2.1593263, 48.879635, 48.96104, 0.0, 0.0, 0.0, -1
165.08914, 23.618628, 108.96059, 36.704956, 177.01685, 175.86589, 21.892696, 26.384186
0.567109, 3.9171503, 47.835117, 48.247734, 0.0, 0.0, 0.0, -1
102.26605, 24.52392, 173.17458, 36.77307, 113.722, 115.69714, 22.776072, 26.085823
8.1281156E-5, 0.0, 0.0, 0.0, -36.55354, -20.928339, -42.518124, 5
70.88024, 24.524382, 155.43936, 36.77308, 82.33578, 84.603355, 22.775639, 25.685186
7.2991964E-4, 0.0, 0.0, 0.0, -40.013092, -19.974869, -40.012043, 3
5.607605, 9.763627, 84.026825, 41.897537, 92.294464, 136.48929, 4.5104403, 3.6299095
0.016728884, 0.0, 0.0, 0.0, 46.57274, 11.276562, 42.150696, -1
41.42402, 8.067302, 131.12558, 41.89191, 139.7515, 175.09985, 4.5094385, 3.6298006
0.0010828906, 0.0, 0.0, 0.0, -42.364758, -28.52161, -29.113636, 3
42.203533, 7.9793196, 131.8939, 41.891094, 101.98964, 174.30296, 5.392267, 3.6303022
3.7918834E-4, 0.0, 0.0, 0.0, -35.850533, -42.32653, -21.822939, 4
18.750137, 7.853464, 100.43703, 41.890694, 60.868027, 122.7088, 6.4276724, 2.9072561
0.0, 0.0, 0.0, 0.0, -44.377483, -51.553734, -4.0687766, 4
28.538017, 7.850498, 105.8767, 41.890694, 64.04098, 117.03582, 7.0922155, 2.905145
0.0, 0.0, 0.0, 0.0, -56.61778, -19.46727, 23.914951, 3
14.640747, 7.946803, 55.616577, 41.890694, 14.775421, 18.572144, 9.907269, 4.5402427
0.12499965, -54.739326, 2.4193397, 42.84133, 0.0, 0.0, 0.0, -1
29.202393, 8.397879, 39.861145, 41.890694, 0.813385, 8.505829, 10.135183, 4.910842
5.7073984, -37.399433, 25.621307, 36.97926, 0.0, 0.0, 0.0, 0
138.68643, 23.124813, 61.07155, 33.9833, 128.11726, 144.15839, 20.885246, 17.701674
2.581387, -12.095313, 43.4404, 44.46429, 0.0, 0.0, 0.0, 0
129.3096, 25.391237, 52.39113, 32.964172, 119.23546, 129.16318, 23.134998, 20.712988
0.41560686, -10.893284, 43.730324, 45.376392, 0.0, 0.0, 0.0, -1
98.50873, 25.812466, 21.81607, 32.80131, 88.66315, 97.69091, 23.504206, 20.95609
0.040679768, 0.0, 0.0, 0.0, 27.59754, -24.496296, -47.90616, 5
66.9953, 25.879211, 9.658722, 32.776173, 57.185974, 65.358505, 23.563217, 20.868084
0.0023169643, 0.0, 0.0, 0.0, 41.2418, -17.521317, -41.23689, -1
119.775665, 44.18901, 172.20041, 52.735126, 149.33792, 173.80664, 60.03422, 36.522095
0.025406776, 0.0, 0.0, 0.0, -35.84173, -17.78053, -46.37774, 5
103.29042, 44.264133, 172.04933, 52.754936, 133.54128, 172.3365, 60.57277, 36.83493
0.7143107, -18.831223, -31.146908, -50.02187, 0.0, 0.0, 0.0, -1
86.69578, 44.324604, 156.222, 52.754898, 117.702286, 157.7234, 60.669903, 37.05078
7.186681, -14.845496, -28.862404, -56.292107, 0.0, 0.0, 0.0, 2
2.3718796, 36.22356, 82.29321, 50.42322, 37.500576, 88.22519, 51.300987, 35.37719
7.3247976, -8.381598, -26.551624, -65.06678, 0.0, 0.0, 0.0, 2
119.548965, 16.86422, 1.9467163, 43.833336, 50.184418, 2.1982117, 6.1848125, 4.8643003
0.48996857, 1.703478, -25.90245, -72.39407, 0.0, 0.0, 0.0, -1
25.290638, 16.864042, 92.30972, 43.833336, 52.743042, 92.024536, 6.562178, 4.85537
0.4893396, 1.7109185, -22.778275, -75.51081, 0.0, 0.0, 0.0, -1
5.6119804, 13.9187975, 112.760056, 43.843403, 82.829636, 117.592636, 6.5711155, 4.884906
0.0015424972, 0.0, 0.0, 0.0, 32.0416, -0.807689, 67.15071, 4
27.067318, 13.296441, 144.34314, 43.843166, 104.98016, 112.10373, 6.3982716, 4.0290384
0.0014347306, 0.0, 0.0, 0.0, -18.254932, 8.000841, 73.744225, 3
62.685726, 12.553256, 175.82568, 43.842823, 111.589165, 114.37093, 6.9860406, 4.658067
0.24863087, -11.065579, 40.39329, 48.541126, 0.0, 0.0, 0.0, -1
79.99979, 12.315695, 168.36552, 43.842613, 121.51547, 113.82467, 7.443128, 4.570017
6.1294413, -7.0370965, 46.674908, 46.287994, 0.0, 0.0, 0.0, 0
165.99142, 17.491522, 91.844574, 42.78486, 177.53044, 177.32672, 16.406624, 14.410959
4.0308523, 2.5328681, 49.228237, 48.2389, 0.0, 0.0, 0.0, -1
168.09848, 22.83426, 99.10144, 42.83425, 178.35446, 178.15862, 21.350857, 20.389969
1.6314042, 4.401436, 48.216476, 47.382088, 0.0, 0.0, 0.0, -1
160.53322, 23.724318, 108.12274, 42.908512, 170.15424, 173.91035, 22.132381, 21.42369
0.44288656, 4.897344, 47.932335, 47.17032, 0.0, 0.0, 0.0, -1
97.99197, 24.454103, 171.8385, 42.982727, 106.95634, 110.965164, 22.585089, 22.388174
0.0019396922, 0.0, 0.0, 0.0, -35.356606, -21.770405, -42.872993, 5
66.65695, 24.454107, 156.82649, 42.982723, 75.52783, 79.58539, 22.4418, 22.501245
0.0024307184, 0.0, 0.0, 0.0, -39.826633, -20.34753, -39.825836, 3
34.94289, 24.454536, 125.11221, 42.98257, 43.049606, 46.858192, 22.344545, 22.80554
0.002472007, 0.0, 0.0, 0.0, -39.432404, -20.12539, -40.44221, 5
1.3878098, 29.994982, 63.160484, 34.4053, 75.737175, 66.286095, 4.8411374, 3.9403174
6.285238, -25.163088, 15.76838, -59.06853, 0.0, 0.0, 0.0, 2
5.133874, 20.885138, 74.858955, 32.648705, 137.09514, 129.31068, 6.82228, 5.397217
3.6253757, -60.01586, -28.990301, 10.99383, 0.0, 0.0, 0.0, 0
86.5384, 17.808945, 3.9345398, 31.32684, 75.67168, 4.4573364, 5.1649084, 2.759185
4.7079787, -32.23363, 22.995192, 44.771175, 0.0, 0.0, 0.0, 0
174.60649, 19.90652, 100.63258, 27.155495, 120.66691, 178.73636, 6.68795, 11.953671
4.2106905, 7.509757, 45.323162, 47.167084, 0.0, 0.0, 0.0, -1
164.41086, 22.471605, 92.12099, 27.829407, 175.98587, 157.7762, 12.231674, 18.521969
3.045998, 13.283582, 44.143436, 42.57298, 0.0, 0.0, 0.0, -1
163.99579, 24.237488, 94.63429, 28.114418, 166.4759, 155.26593, 16.007978, 21.240822
0.5737399, 9.670781, 45.037457, 45.291763, 0.0, 0.0, 0.0, -1
70.00632, 25.136614, 2.1049194, 28.2996, 67.32966, 58.958572, 19.56626, 23.196888
1.1873245E-4, 0.0, 0.0, 0.0, 39.975636, -17.28884, -42.735527, 5
38.516228, 25.136211, 29.38507, 28.299578, 34.85235, 27.46825, 19.49059, 23.19689
1.0919571E-4, 0.0, 0.0, 0.0, 43.190994, -13.618996, -43.190014, -1
4.8136578, 24.626562, 63.764595, 28.299484, 6.884431, 5.7648134, 22.210678, 23.728966
1.1118375, -21.549303, -39.964016, -38.486683, 0.0, 0.0, 0.0, 1
4.8136578, 24.626562, 63.764595, 28.299484, 6.7780943, 5.800726, 22.193941, 23.736847
3.7244146, -11.393398, -43.85264, -44.753967, 0.0, 0.0, 0.0, 2
65.37654, 3.9296432, 161.39003, 10.606684, 162.52354, 156.33144, 3.5415971, 5.769256
0.0, 0.0, 0.0, 0.0, -33.72274, 4.1241074, -62.15315, 5
33.97001, 3.9296432, 167.20343, 10.606684, 166.06992, 177.55923, 3.5415971, 5.303442
2.4140918, 40.45447, 40.91084, -18.63469, 0.0, 0.0, 0.0, 2
30.82933, 2.0374289, 140.54854, 12.77909, 125.459854, 151.52199, 4.9471784, 2.2131386
0.4446539, 46.387154, 44.61128, -9.001563, 0.0, 0.0, 0.0, -1
82.468185, 1.6485564, 173.06693, 13.484271, 154.61679, 175.89206, 5.3251743, 3.0945315
9.0271E-4, 0.0, 0.0, 0.0, -38.800884, -14.111622, 47.087494, 3
98.31423, 1.6484531, 171.08585, 13.48411, 167.21866, 172.17392, 5.14621, 3.2307255
0.3698779, -41.98466, -18.93798, 39.07736, 0.0, 0.0, 0.0, -1
114.04853, 1.648316, 155.35413, 13.483984, 179.59274, 161.7107, 4.802904, 3.2302403
4.9879284, -20.00447, 29.095346, 50.900185, 0.0, 0.0, 0.0, 0
172.84344, 1.9915756, 93.684364, 13.333836, 112.48844, 122.590706, 4.5134883, 3.0671842
9.360093, -2.6239464, 44.779354, 52.5967, 0.0, 0.0, 0.0, 0
177.30112, 3.8062873, 85.57541, 12.726042, 118.332886, 137.31929, 4.6524887, 3.906314
9.358767, 11.135144, 43.414185, 45.450672, 0.0, 0.0, 0.0, -1
162.42917, 21.238747, 164.1934, 21.556362, 170.03389, 173.22919, 21.476448, 22.47579
0.7427447, 31.982752, 34.56048, 33.45677, 0.0, 0.0, 0.0, -1
131.87842, 21.221958, 163.74164, 21.966139, 139.1925, 142.42075, 21.89178, 22.857035
0.028452188, 0.0, 0.0, 0.0, -41.518078, -19.667412, -38.81451, 3
77.99381, 19.794077, 107.08193, 22.03688, 84.83445, 88.179085, 21.706362, 22.639565
3.2009606, -32.9928, -34.313698, -32.6935, 0.0, 0.0, 0.0, 1
29.765038, 4.0829206, 127.02404, 9.899587, 133.68689, 107.51087, 3.1651666, 5.157606
3.4440067, 33.470703, 39.64013, -26.889164, 0.0, 0.0, 0.0, 2
3.436676, 3.5410051, 95.97038, 10.48335, 99.63907, 85.04593, 3.7061934, 5.076287
7.7589006, 34.19916, 50.90372, 14.897119, 0.0, 0.0, 0.0, -1
22.988739, 1.5927442, 117.53363, 12.041204, 130.05545, 118.91992, 2.8381324, 5.007241
6.150751, 32.158367, 50.49443, 17.347197, 0.0, 0.0, 0.0, -1
0.43743896, 1.6005918, 120.70421, 14.301733, 153.92305, 134.34291, 4.5727673, 5.9919987
2.3524024, 36.918877, 56.424637, -6.656497, 0.0, 0.0, 0.0, 2
2.8746033, 1.7793465, 133.06409, 15.590857, 171.68884, 148.90897, 5.651631, 6.435638
0.38555267, 32.564774, 47.571663, -19.863567, 0.0, 0.0, 0.0, -1
8.507782, 6.158265, 61.570297, 45.62454, 72.14415, 56.19841, 4.620044, 5.3961973
0.001410542, 0.0, 0.0, 0.0, 51.32141, 13.727074, -34.951515, 5
4.929718, 6.091896, 67.048386, 45.62384, 78.07326, 62.10649, 4.5896974, 5.3753133
1.09796114E-4, 0.0, 0.0, 0.0, -37.695274, -17.580946, 44.723778, 3
17.548111, 4.9725666, 57.048645, 45.6234, 69.51819, 43.20221, 4.5757017, 4.784711
0.0, 0.0, 0.0, 0.0, -29.290455, -7.829114, 62.88043, 3
33.372345, 4.9558234, 41.270508, 45.6234, 53.740997, 24.475311, 4.576097, 5.020813
0.9852236, -34.13935, -25.848856, 40.011795, 0.0, 0.0, 0.0, -1
49.23117, 4.9561133, 25.409042, 45.6234, 37.88054, 5.934845, 4.5764937, 5.269162
6.31795, -32.22657, 11.923491, 55.84994, 0.0, 0.0, 0.0, 0
173.60655, 19.744377, 79.208374, 40.171745, 161.78165, 158.39325, 16.991991, 18.188932
4.518582, -1.4656496, 48.953568, 49.58078, 0.0, 0.0, 0.0, 0
175.06381, 21.72388, 83.36087, 39.97624, 163.40681, 159.96393, 19.402306, 20.444334
2.9721684, 0.691291, 49.480564, 49.828148, 0.0, 0.0, 0.0, -1
174.73717, 23.61715, 85.74455, 39.96259, 164.29535, 161.08229, 21.191668, 22.21713
0.5649148, 1.4529684, 49.07479, 49.47224, 0.0, 0.0, 0.0, -1
19.083694, 23.546589, 69.979324, 39.985966, 8.667206, 5.1875, 21.422297, 22.347967
0.0, 0.0, 0.0, 0.0, 47.05254, 9.997882, -42.949577, 5
97.70395, 18.686104, 1.7988281, 24.232224, 59.36856, 5.62117, 3.150675, 3.3158782
0.5825617, 15.004232, 32.197723, -52.798046, 0.0, 0.0, 0.0, -1
30.39516, 2.2589006, 176.03448, 10.481401, 169.5466, 175.10117, 8.071102, 4.881558
0.11674114, 41.9952, 42.588802, -15.415991, 0.0, 0.0, 0.0, -1
16.523106, 2.1747053, 167.9979, 10.594512, 161.19571, 174.39713, 7.7780476, 4.45393
2.0542773E-5, 0.0, 0.0, 0.0, -49.375744, -21.395008, -29.22925, 3
0.8056488, 2.1747038, 152.28041, 10.594513, 152.56108, 157.3073, 7.3080893, 4.120636
2.2324943E-5, 0.0, 0.0, 0.0, 40.877125, 20.689676, 38.433197, -1
19.967327, 2.1747203, 131.5086, 10.594513, 144.30003, 137.39151, 6.2085867, 3.529056
0.72110593, 56.18423, 43.55291, 0.262851, 0.0, 0.0, 0.0, -1
11.412441, 2.1747336, 162.88892, 10.594493, 165.52289, 170.76923, 4.356492, 3.0835164
1.088289, 59.02923, 37.059357, 3.911414, 0.0, 0.0, 0.0, -1
42.845585, 2.1747336, 165.67795, 10.594493, 128.80042, 170.70251, 3.2238438, 3.0538173
1.7762398, 32.98181, 17.988844, 49.029343, 0.0, 0.0, 0.0, -1
70.681076, 2.1493268, 151.90836, 10.881337, 126.44793, 166.56421, 3.2784703, 3.3608413
4.8053613, -7.906571, 27.159817, 64.93362, 0.0, 0.0, 0.0, 0
134.0058, 2.271418, 107.12009, 11.292823, 104.649445, 147.13647, 3.8209739, 3.0769782
9.067215, 12.458191, 41.919994, 45.621815, 0.0, 0.0, 0.0, -1
169.38701, 22.72808, 139.31999, 20.718208, 160.6979, 161.24869, 20.969631, 22.548683
2.4231198, 29.634008, 34.894184, 35.471813, 0.0, 0.0, 0.0, -1
159.0879, 23.645348, 130.23668, 21.473093, 150.29309, 151.29762, 21.920576, 23.46415
0.42709675, 29.900698, 34.81398, 35.285324, 0.0, 0.0, 0.0, -1
127.65762, 24.163568, 99.45639, 21.904545, 118.98103, 120.12759, 22.478394, 23.991323
0.10233425, 29.795483, 34.90874, 35.295776, 0.0, 0.0, 0.0, -1
96.27565, 24.265293, 68.199005, 21.989273, 88.14256, 88.61544, 22.472897, 24.054127
0.001107319, 0.0, 0.0, 0.0, -22.217735, -25.007471, -52.77479, 5
33.190147, 24.26532, 5.1135254, 21.989271, 24.494942, 25.730219, 22.577272, 24.064734
0.0010161474, 0.0, 0.0, 0.0, 20.539635, -24.23617, -55.224194, 5
4.94417, 24.265335, 23.132452, 21.989271, 3.5852718, 2.6294193, 22.551939, 24.084038
5.535404, -35.11813, -33.806896, -31.07497, 0.0, 0.0, 0.0, 0
25.404675, 19.637543, 9.953273, 19.041866, 15.81865, 14.689593, 19.105536, 20.898666
9.276687, -38.142487, -35.339478, -26.518032, 0.0, 0.0, 0.0, 0
42.37467, 12.792134, 15.603602, 11.813201, 27.324108, 23.243069, 11.681528, 13.010038
9.278053, -62.20603, -31.385113, -6.4088545, 0.0, 0.0, 0.0, 0
89.086876, 8.709187, 56.224026, 3.7181044, 90.587036, 75.70894, 5.1491776, 5.8568516
9.324043, 36.072987, 35.338512, 28.588501, 0.0, 0.0, 0.0, -1
149.76788, 20.434057, 174.43134, 16.771687, 160.54395, 157.59204, 18.052565, 19.323757
0.62748945, 34.654186, 33.89518, 31.450636, 0.0, 0.0, 0.0, -1
149.22745, 20.59853, 174.99725, 17.740208, 157.70854, 159.68578, 18.853415, 20.295609
3.0530624, 34.70198, 33.945084, 31.352932, 0.0, 0.0, 0.0, -1
151.17783, 20.739407, 176.27324, 20.300922, 159.1347, 162.80536, 20.636726, 21.488619
1.8127247, 34.507305, 33.908276, 31.584421, 0.0, 0.0, 0.0, -1
121.28346, 21.139051, 150.10095, 21.866753, 128.6221, 131.98755, 21.926725, 22.831684
0.22979376, 34.279236, 33.89503, 31.82573, 0.0, 0.0, 0.0, -1
103.17612, 20.832132, 130.91354, 22.09421, 110.387726, 113.706955, 22.03487, 22.955957
6.719175E-5, 0.0, 0.0, 0.0, -41.39477, -19.646662, -38.958565, 3
88.30636, 20.279428, 115.16895, 22.094278, 95.44883, 98.75721, 21.913755, 22.849897
0.86457735, -33.10144, -34.160706, -32.73785, 0.0, 0.0, 0.0, -1
59.63822, 4.839955, 152.05344, 10.289098, 157.8747, 138.33493, 3.9499898, 2.8428047
4.2184525, 46.635147, 47.7057, -5.6591525, 0.0, 0.0, 0.0, 2
9.94455, 4.839955, 102.35977, 10.289098, 107.26428, 87.60919, 3.878634, 2.767485
3.0470233, 48.281624, 47.71815, 4.0002284, 0.0, 0.0, 0.0, -1
34.485535, 2.3116295, 13.757889, 14.033296, 39.901978, 26.409363, 5.9791994, 3.4952776
3.6983418, -28.397715, -30.35666, 41.24562, 0.0, 0.0, 0.0, 1
52.94568, 2.3252041, 2.034668, 14.032988, 21.16652, 5.5554657, 6.1421514, 3.653877
7.4689727, -21.170345, 8.515406, 70.31425, 0.0, 0.0, 0.0, 0
123.3987, 3.742438, 56.435974, 13.304242, 49.129807, 79.416336, 5.525642, 3.9619372
9.316639, 11.213633, 38.965008, 49.821358, 0.0, 0.0, 0.0, -1
160.70403, 17.87444, 126.07051, 16.429073, 146.90242, 152.42964, 15.452803, 16.668558
4.945772, 28.69947, 35.148636, 36.151897, 0.0, 0.0, 0.0, -1
164.15704, 21.68068, 138.93411, 21.346815, 154.85678, 157.87802, 21.431162, 22.561993
0.9025986, 29.93696, 34.73729, 35.325752, 0.0, 0.0, 0.0, -1
1.0102844, 28.310238, 19.916046, 22.085686, 8.557526, 5.5390625, 24.574846, 25.473259
6.4503436, -32.89252, -33.893963, -33.213516, 0.0, 0.0, 0.0, 1
0.86642456, 25.674187, 19.0419, 16.924164, 6.7275085, 2.6044922, 21.54085, 22.439802
9.348293, -31.679285, -34.70771, -33.61301, 0.0, 0.0, 0.0, 1
1.6945496, 21.783005, 25.408844, 11.515706, 7.7806396, 2.168457, 16.920788, 17.754044
9.185121, -29.238834, -36.4007, -34.360466, 0.0, 0.0, 0.0, 1
93.91852, 33.93192, 160.23097, 55.615135, 172.1379, 144.3601, 50.509106, 68.0452
0.731223, 26.965961, 23.034039, -50.000008, 0.0, 0.0, 0.0, -1
61.840622, 34.68816, 128.90591, 56.283707, 138.49023, 112.002, 48.895176, 66.068954
6.1987753, -28.338633, -31.0107, -40.65067, 0.0, 0.0, 0.0, 2
21.163467, 32.1069, 57.457794, 53.234142, 60.610794, 34.603607, 39.67209, 54.37856
4.602705, -26.10053, -33.018936, -40.880535, 0.0, 0.0, 0.0, 2
26.943604, 26.751934, 63.054337, 49.745113, 60.596817, 33.20552, 30.894505, 42.96063
1.8295358, -24.895252, -34.87081, -40.233936, 0.0, 0.0, 0.0, 2
12.733856, 25.292149, 81.07927, 48.84734, 75.75766, 48.228043, 27.833342, 39.032024
0.5333163, -24.425013, -35.80949, -39.7655, 0.0, 0.0, 0.0, -1
4.9441223, 9.277504, 68.19107, 44.12344, 64.45187, 56.063904, 4.829358, 6.48623
1.817431, 2.7174175, 6.015797, -91.266785, 0.0, 0.0, 0.0, 2
1.0249786, 6.317883, 88.63132, 44.162537, 104.98509, 90.17183, 2.5435445, 5.9963627
0.62806803, 1.1848654, 28.721083, -70.094055, 0.0, 0.0, 0.0, -1
27.026329, 4.8416834, 121.43035, 44.171192, 162.09271, 130.92056, 2.5145826, 6.10014
0.003026172, 0.0, 0.0, 0.0, 20.369549, 19.609238, 60.02121, -1
51.62018, 4.521845, 152.9375, 44.171364, 166.36942, 151.63028, 2.5158932, 5.6400146
0.002566991, 0.0, 0.0, 0.0, -39.70269, -1.8002295, 58.49708, 3
84.42433, 3.7966707, 159.93771, 44.17159, 139.50032, 176.55638, 2.7441003, 4.935812
5.0178976, -29.16351, 15.102963, 55.733532, 0.0, 0.0, 0.0, 0
175.25941, 23.100077, 95.379456, 39.29603, 175.6374, 171.83545, 20.591894, 21.36799
2.2934704, 1.7969815, 49.00316, 49.19986, 0.0, 0.0, 0.0, -1
175.25, 24.003557, 96.69632, 39.31254, 175.99025, 172.30812, 21.478245, 22.226152
1.3904027, 2.3604176, 48.724133, 48.915447, 0.0, 0.0, 0.0, -1
159.37247, 24.85825, 113.80969, 39.34726, 167.86636, 171.27805, 22.281109, 23.115494
0.5360958, 2.9094696, 48.45867, 48.63186, 0.0, 0.0, 0.0, -1
127.983734, 25.323807, 145.87103, 39.3741, 136.25581, 139.77022, 22.781351, 23.503101
0.03638868, 0.0, 0.0, 0.0, -30.771309, -23.07526, -46.153435, 5
33.50763, 25.39395, 119.551315, 39.378735, 41.78058, 45.190292, 22.826612, 23.594837
0.0021634868, 0.0, 0.0, 0.0, -39.995842, -20.01435, -39.989803, 3
4.8974915, 5.7346206, 66.52074, 29.878786, 62.96393, 70.71094, 4.3871527, 5.812209
0.43075424, 44.75918, 45.378834, -9.861994, 0.0, 0.0, 0.0, -1
4.912567, 5.4603157, 73.363785, 29.878786, 69.85164, 77.42981, 4.3821507, 5.8306456
3.43077, 43.053032, 46.300217, -10.646753, 0.0, 0.0, 0.0, 2
26.681458, 4.42742, 122.98721, 30.237907, 112.338715, 128.9486, 3.8514376, 6.218456
3.1056201, 45.12684, 48.144913, -6.7282495, 0.0, 0.0, 0.0, 2
98.00127, 3.2044394, 157.52634, 32.539787, 157.63054, 165.9828, 6.204765, 9.020219
1.0844997, 46.889996, 49.7218, 3.3882093, 0.0, 0.0, 0.0, -1
127.171814, 3.2403903, 173.92484, 33.16799, 174.03464, 178.33, 6.8894744, 9.803899
0.32527816, 45.38369, 47.458088, 7.158219, 0.0, 0.0, 0.0, -1
148.4076, 3.3062146, 169.9513, 33.430695, 171.4599, 163.64407, 7.207621, 10.168523
0.009151285, 0.0, 0.0, 0.0, -59.38589, -28.712591, -11.901517, 3
164.25024, 3.3085032, 154.25342, 33.438286, 158.4216, 147.99869, 7.284668, 9.953168
5.6762075, -42.624336, -15.141137, 42.23452, 0.0, 0.0, 0.0, 0
159.96413, 10.549599, 74.88747, 29.478046, 133.1887, 120.8499, 9.999517, 9.547772
12.512787, -17.571793, 38.427242, 44.000965, 0.0, 0.0, 0.0, 0
160.39223, 17.522827, 79.492905, 27.821592, 145.07008, 138.91542, 15.681584, 15.4983225
5.4464273, 1.7092247, 47.266613, 51.024162, 0.0, 0.0, 0.0, -1
163.65352, 22.40059, 89.82448, 27.779459, 152.51628, 148.72902, 20.738628, 19.87894
2.6311634, 6.8171525, 45.415806, 47.767044, 0.0, 0.0, 0.0, -1
164.5106, 24.183239, 93.53319, 27.986359, 154.30992, 150.88509, 22.433378, 21.527487
1.2702392, 7.6110907, 45.07626, 47.31265, 0.0, 0.0, 0.0, -1
143.87962, 25.025873, 74.25517, 28.11687, 134.09154, 130.84251, 23.230293, 22.291937
0.41243654, 7.9541936, 44.922375, 47.123432, 0.0, 0.0, 0.0, -1
49.772095, 25.429453, 19.208862, 28.1842, 40.150574, 36.946777, 23.625687, 22.69765
0.002249253, 0.0, 0.0, 0.0, 47.507713, -4.977881, -47.51441, 5
9.9314575, 21.259079, 65.036316, 28.184294, 1.5516663, 5.5604553, 21.993399, 20.91171
20.858406, -82.0222, -11.156307, 6.8214936, 0.0, 0.0, 0.0, 0
1.08107, 10.626174, 111.72803, 41.524704, 126.59186, 102.490326, 5.5309615, 5.2842474
0.0057976986, 0.0, 0.0, 0.0, 28.907066, 11.360655, 59.732277, -1
32.545074, 9.949631, 143.25676, 41.528496, 158.1739, 102.07735, 5.536491, 5.0482073
0.0018808522, 0.0, 0.0, 0.0, -21.75985, 19.00257, 59.237583, 3
84.040504, 8.304269, 169.482, 41.529285, 176.86234, 128.13849, 4.638092, 6.273501
0.46272746, -27.687511, 12.67354, 59.638947, 0.0, 0.0, 0.0, -1
101.714325, 7.834673, 153.76962, 41.529587, 169.18256, 140.66496, 5.4327254, 6.890365
5.87354, -19.670738, 31.245937, 49.083324, 0.0, 0.0, 0.0, 0
171.21385, 20.001144, 79.51526, 37.74631, 155.12209, 156.24214, 17.381458, 18.92397
4.412419, -1.8747442, 48.45353, 49.671726, 0.0, 0.0, 0.0, 0
171.54662, 21.87595, 82.36568, 37.609726, 160.15588, 157.35298, 19.30321, 20.56291
2.816042, -0.37234282, 49.33833, 50.289326, 0.0, 0.0, 0.0, 0
167.97264, 22.993353, 80.29846, 37.5669, 156.53632, 153.31168, 20.82494, 21.874641
0.79211766, 0.45309222, 49.27249, 50.27442, 0.0, 0.0, 0.0, -1
137.07617, 23.355146, 49.922424, 37.571445, 125.84245, 122.594055, 21.242775, 22.244713
0.1766394, 0.71357304, 49.163143, 50.12328, 0.0, 0.0, 0.0, -1
5.2736206, 19.549713, 72.382355, 42.249107, 122.77182, 156.70177, 5.980255, 7.2082458
3.7613375, -78.14062, 2.344623, -19.514767, 0.0, 0.0, 0.0, 0
57.165924, 17.251034, 25.611206, 40.69935, 71.93666, 121.58986, 3.9708405, 5.080979
4.007764, -46.414886, 2.1587498, 51.42637, 0.0, 0.0, 0.0, 0
127.02518, 14.344449, 36.73929, 38.490772, 12.559418, 128.10971, 2.2045188, 4.683218
8.206408, -15.601416, 36.740852, 47.65773, 0.0, 0.0, 0.0, 0
160.55853, 24.43262, 78.35379, 34.948997, 150.24808, 159.27542, 20.870457, 19.051693
0.9617159, -5.223982, 46.915985, 47.86003, 0.0, 0.0, 0.0, -1
1.8355713, 29.086758, 45.014297, 67.40133, 44.20787, 44.01172, 65.17338, 68.2127
8.3113, -41.685326, -41.42743, -16.887247, 0.0, 0.0, 0.0, 0
60.491898, 26.641642, 4.1134186, 62.90149, 7.6368866, 7.534973, 55.44395, 58.410942
9.226386, -46.226788, -45.34879, -8.424423, 0.0, 0.0, 0.0, 0
72.190445, 24.852674, 4.98114, 57.43652, 11.72702, 10.306778, 46.27154, 50.55059
7.0218034, -50.8841, -48.914085, -0.20180768, 0.0, 0.0, 0.0, 0
85.36359, 24.227196, 6.05661, 51.867287, 17.95427, 15.471664, 37.26112, 41.689835
4.557562, -48.221317, -44.525204, 7.253477, 0.0, 0.0, 0.0, 0
93.08125, 24.464783, 6.7931213, 48.6459, 25.415314, 20.889801, 31.05469, 35.810658
2.2974901, -48.000107, -41.68204, 10.317852, 0.0, 0.0, 0.0, 0
79.926056, 24.400618, 9.351593, 45.99345, 18.822906, 11.040039, 26.003044, 30.702406
0.4931119, -49.248062, -40.184647, 10.567288, 0.0, 0.0, 0.0, -1
48.32527, 24.209509, 40.568573, 45.56677, 9.046371, 17.953857, 24.905024, 29.636105
0.028057065, 0.0, 0.0, 0.0, 41.613846, 5.6736, -52.71256, 5
4.949127, 6.0089054, 55.445267, 37.17384, 65.31804, 51.08409, 4.226508, 5.308849
0.0, 0.0, 0.0, 0.0, 51.75794, 24.53271, 23.709354, -1
4.8498993, 5.463066, 68.839554, 37.17384, 79.09923, 64.0284, 4.279207, 5.2738066
0.0015343181, 0.0, 0.0, 0.0, -26.489119, -14.757787, 58.753098, 3
69.330444, 2.7065108, 55.248596, 37.17343, 36.90721, 40.205643, 2.7583044, 4.8275046
0.002586141, 0.0, 0.0, 0.0, -23.012104, -2.7905517, 74.19734, 3
97.07722, 2.444246, 39.417664, 37.173336, 14.194916, 20.334976, 2.8235614, 4.8302097
0.6199386, -43.08185, 3.0724347, 53.845715, 0.0, 0.0, 0.0, -1
122.90007, 2.308085, 23.702133, 37.173054, 4.364624, 6.097458, 3.0904405, 4.653806
6.0325313, -23.417908, 30.601656, 45.98044, 0.0, 0.0, 0.0, 0
179.56848, 15.453856, 80.81267, 33.683334, 158.69095, 162.94778, 14.420613, 13.211377
6.9739704, 1.4853463, 49.363686, 49.150967, 0.0, 0.0, 0.0, -1
178.43951, 20.599161, 89.59212, 33.696655, 162.19, 166.4083, 19.108402, 18.327208
4.0017633, 12.72199, 44.272545, 43.005466, 0.0, 0.0, 0.0, -1
177.93198, 24.227491, 95.67622, 34.176685, 164.59056, 168.24887, 22.563639, 21.885324
1.2098162, 9.274588, 45.438118, 45.28729, 0.0, 0.0, 0.0, -1
58.811676, 24.513964, 20.000793, 34.42058, 46.509125, 50.065765, 23.042034, 22.288918
0.002028771, 0.0, 0.0, 0.0, 41.6856, -14.7865, -43.5279, 5
4.773407, 5.3104696, 10.668793, 57.354977, 20.706146, 10.171204, 64.3038, 53.726154
6.3243465, -37.060356, -56.57939, 6.3602552, 0.0, 0.0, 0.0, 1
120.46605, 4.9698167, 51.332153, 54.30804, 17.247437, 31.402191, 60.073975, 39.109848
9.312195, -21.876854, -38.408325, 39.714817, 0.0, 0.0, 0.0, 1
153.57153, 10.88311, 58.245514, 50.490173, 20.179504, 42.461884, 53.075775, 27.84422
8.00134, -17.701752, -34.003258, 48.29499, 0.0, 0.0, 0.0, 1
161.80042, 18.035923, 65.43628, 47.483734, 25.19983, 65.58385, 40.583874, 18.758377
4.261732, -15.265839, -22.795559, 61.938606, 0.0, 0.0, 0.0, 1
163.51816, 23.264225, 72.10962, 45.896015, 34.89969, 107.69354, 29.057478, 15.787469
1.8742332, -15.287111, -11.989752, 72.72314, 0.0, 0.0, 0.0, 0
162.30557, 23.918335, 72.9624, 45.689915, 37.364258, 115.99658, 26.97594, 16.320768
0.5690634, -15.599465, -5.39828, 79.00225, 0.0, 0.0, 0.0, -1
97.403336, 24.274624, 11.226349, 45.514725, 20.436035, 65.13225, 23.845453, 17.67556
4.7257963E-6, 0.0, 0.0, 0.0, 42.85899, -8.009473, -49.13154, 5
64.87651, 4.265007, 10.565018, 42.864536, 5.940155, 9.465866, 4.7461977, 6.468605
1.6528617E-4, 0.0, 0.0, 0.0, 45.281826, 23.323147, -31.395027, 5
52.516327, 3.8519893, 38.769638, 42.864796, 18.408997, 22.920609, 5.0463014, 3.3920321
0.883551, -38.923573, -5.062742, 56.013687, 0.0, 0.0, 0.0, -1
68.36743, 3.8518002, 22.917877, 42.864796, 4.632416, 6.8157806, 5.0082617, 3.3846643
4.5829577, -26.603212, 26.419037, 46.97775, 0.0, 0.0, 0.0, 0
168.23936, 13.826944, 69.73639, 39.009785, 144.84932, 151.95605, 12.435808, 12.752617
7.6846514, -6.971617, 45.60633, 47.422054, 0.0, 0.0, 0.0, 0
172.43811, 21.768656, 82.88933, 37.65408, 160.83673, 158.26965, 19.436995, 20.730139
3.3229237, 0.3553205, 49.423935, 50.22074, 0.0, 0.0, 0.0, -1
172.54749, 22.734331, 84.359665, 37.630524, 161.643, 158.55397, 20.430609, 21.544262
1.9030137, 1.3045933, 48.95357, 49.741837, 0.0, 0.0, 0.0, -1
64.693405, 25.09081, 20.13887, 37.677216, 55.4532, 51.926376, 22.710434, 23.418629
1.8119812E-5, 0.0, 0.0, 0.0, 43.464622, -13.068943, -43.46644, 5
60.58896, 17.368368, 154.91756, 50.832077, 123.06561, 173.51538, 60.962536, 34.319653
4.38374, 49.16909, 42.459263, -8.371641, 0.0, 0.0, 0.0, 2
115.72763, 16.155466, 167.25742, 56.81007, 162.62894, 139.4241, 65.36716, 36.29551
0.48645645, 51.428394, 44.797462, -3.7741356, 0.0, 0.0, 0.0, -1
150.02344, 16.0973, 135.52367, 57.563354, 165.36955, 110.211685, 65.89479, 34.458675
5.2461753, -39.579334, -33.100857, 27.319807, 0.0, 0.0, 0.0, 0
135.82571, 16.76922, 57.765656, 56.448513, 88.79303, 39.54236, 59.647808, 26.76979
7.009125, -37.75176, -27.375948, 34.87229, 0.0, 0.0, 0.0, 0
125.896805, 20.659285, 40.95038, 50.96614, 75.43671, 40.41159, 52.147614, 16.336332
3.3719068, -42.07604, -13.708651, 44.21531, 0.0, 0.0, 0.0, 0
122.9801, 22.756609, 40.370453, 47.889595, 79.36311, 80.49194, 44.82386, 14.078319
0.5095631, -47.384407, 3.0803082, 49.535286, 0.0, 0.0, 0.0, -1
58.074722, 22.926493, 22.40767, 47.34798, 18.515976, 30.01358, 42.03652, 15.816134
0.0, 0.0, 0.0, 0.0, 48.254974, 0.6893062, -51.055717, 5
4.866562, 7.379502, 51.803223, 40.672577, 61.93068, 47.567154, 4.2727566, 5.3271604
0.034477346, 0.0, 0.0, 0.0, -50.015934, -45.746613, -4.2374535, 3
4.84906, 6.6907716, 47.571777, 40.672577, 57.521973, 43.495697, 4.260721, 5.3399453
3.9662888, -49.966183, -27.576038, -22.457775, 0.0, 0.0, 0.0, 0
29.816437, 4.5010056, 22.452545, 39.259113, 33.01233, 1.6559143, 1.5921816, 3.0044205
4.232931, -77.263885, 9.230302, -13.505815, 0.0, 0.0, 0.0, 0
91.11253, 3.3385413, 2.2462413, 36.290543, 17.676666, 58.14566, 1.5808749, 1.6450148
2.0835447, -65.27771, 3.9823763, 30.73991, 0.0, 0.0, 0.0, 0
175.61116, 4.829597, 6.7532043, 31.335228, 6.925944, 85.63943, 1.5888344, 2.716149
1.4819967, -30.173168, 24.969683, 44.857147, 0.0, 0.0, 0.0, 0
150.3365, 9.184997, 18.339725, 29.042744, 12.580688, 118.70131, 1.561931, 6.4476423
2.1588748, -16.610878, 33.756557, 49.632565, 0.0, 0.0, 0.0, 0
159.51035, 14.221572, 41.895416, 26.843788, 58.244827, 142.34602, 1.6160817, 11.53815
7.4873743, 11.764904, 46.24802, 41.987076, 0.0, 0.0, 0.0, -1
59.166904, 4.8348722, 61.56729, 41.46979, 66.32565, 93.4187, 4.760778, 6.46853
0.23224415, -48.295475, -17.511974, -34.19255, 0.0, 0.0, 0.0, -1
23.256828, 4.612916, 93.29704, 41.354137, 96.96437, 123.03685, 4.8098617, 6.1288013
0.0011606611, 0.0, 0.0, 0.0, -44.30255, -22.476982, 33.220463, 3
40.299393, 4.057802, 63.891937, 41.3528, 42.477875, 91.41583, 4.461642, 4.8171363
4.6926687E-4, 0.0, 0.0, 0.0, -29.5392, -26.159256, 44.301544, 3
51.194656, 4.0129213, 48.13678, 41.3525, 18.697449, 75.66191, 4.7769866, 4.8168497
1.6633622E-4, 0.0, 0.0, 0.0, -13.9560375, -24.65399, 61.38997, 4
67.07052, 3.8286953, 32.331146, 41.352337, 2.7852783, 59.856903, 5.279778, 4.8166904
3.5283873, -35.01559, -5.1162934, 59.868114, 0.0, 0.0, 0.0, 0
113.7379, 3.2721684, 14.9249115, 41.352337, 51.296524, 4.687622, 5.652921, 4.995717
8.576674, -23.714596, 24.256376, 52.02903, 0.0, 0.0, 0.0, 0
171.06026, 17.219713, 76.63884, 36.602978, 153.8889, 153.6086, 15.8981695, 13.409819
5.572505, -2.2275996, 48.26406, 49.50834, 0.0, 0.0, 0.0, 0
171.68646, 20.479364, 81.74971, 36.272545, 157.44115, 157.2307, 18.981478, 16.964699
4.251464, 0.74344444, 49.122665, 50.13389, 0.0, 0.0, 0.0, -1
171.96225, 22.34127, 84.69649, 36.21495, 159.80708, 158.8457, 20.809834, 19.245266
2.1766362, 2.4697173, 48.37532, 49.15496, 0.0, 0.0, 0.0, -1
152.6443, 24.982206, 69.235306, 36.297623, 142.04926, 141.08885, 23.516212, 21.96818
0.44243476, 3.4925659, 47.885765, 48.621674, 0.0, 0.0, 0.0, -1
5.0899734, 13.795208, 86.4265, 21.5771, 76.78523, 101.04576, 3.788148, 3.206644
1.147595, 9.51577, 20.974464, -69.509766, 0.0, 0.0, 0.0, 2

SIGNAL KNOWLEDGE:
4.9732056, 11.799096, 86.16992, 33.759876, 84.89447, 126.67285, 4.9315896, 5.401686,implicit, 1
1.4776306, 9.989874, 86.15527, 31.781569, 90.83786, 121.16495, 4.8312936, 5.9441566,implicit, 1
142.87584, 4.8499393, 51.589508, 26.920713, 38.169388, 65.68878, 1.7057838, 3.576927,implicit, 0
2.2958121, 25.385883, 61.505035, 26.41366, 8.528107, 9.304291, 23.362083, 21.650015,implicit, 0
74.31619, 5.80261, 9.814026, 5.6085725, 107.77942, 108.21243, 14.395925, 16.286263,implicit, 1
4.971756, 25.457167, 22.621567, 22.057386, 2.5487518, 2.0364838, 24.665243, 23.086195,implicit, 0
128.7206, 17.010733, 79.24382, 53.022564, 69.65428, 78.78548, 13.728506, 46.768772,implicit, 1
4.8966675, 21.45063, 22.538452, 36.122284, 26.403412, 52.631424, 4.8326445, 6.13919,implicit, 1
4.907089, 17.719206, 32.774582, 40.645077, 25.24437, 40.22972, 5.552979, 4.7089624,implicit, 1
4.840851, 13.627373, 71.45091, 40.645172, 66.79884, 83.651566, 5.225521, 4.577481,implicit, 1
9.960144, 15.345972, 96.00214, 36.21841, 28.72055, 24.385162, 16.118298, 17.121826,implicit, 0
9.964035, 14.768451, 98.84352, 36.21841, 27.190948, 27.226974, 14.413931, 17.121971,explicit:callForPass, 0
36.40091, 11.762034, 84.18089, 35.12017, 80.486404, 48.607895, 4.8088694, 6.084562,implicit, 1
53.718544, 7.55944, 170.95175, 35.924908, 127.802574, 168.8934, 3.957583, 8.146288,implicit, 0
4.916786, 23.46871, 75.40832, 30.331848, 14.286369, 18.140663, 21.424295, 22.05619,explicit:callForPass, 0
4.904663, 25.254114, 10.135529, 39.15453, 21.737244, 9.409515, 6.0725217, 4.9674087,implicit, 1
7.5123367, 13.916461, 123.92968, 34.26604, 35.273796, 24.828178, 12.599782, 16.653038,implicit, 0
21.103134, 13.688271, 139.75105, 34.26604, 48.68106, 37.396713, 12.100347, 16.147657,explicit:callForPass, 0
6.331787, 19.893793, 83.917786, 36.773064, 12.169647, 15.654907, 20.558744, 21.5105,explicit:callForPass, 0
4.988295, 25.88014, 71.66458, 32.773106, 4.806702, 7.6616826, 23.5779, 22.47496,explicit:callForPass, 0
1.7967834, 29.338299, 90.12274, 49.387245, 37.681118, 93.54657, 40.715897, 31.358398,implicit, 0
4.961632, 16.864042, 112.63873, 43.833336, 76.08969, 112.353546, 6.682628, 4.85537,implicit, 1
44.8648, 12.9163885, 160.12994, 43.84301, 107.711815, 109.649254, 6.4993997, 4.3472447,implicit, 0
4.8919945, 24.456408, 95.060295, 42.98193, 14.050526, 16.472374, 21.583635, 22.87011,implicit, 0
4.9084196, 32.7303, 63.160484, 34.4053, 74.69442, 56.87667, 4.7985497, 5.16636,implicit, 1
4.8136578, 24.626562, 63.764595, 28.299484, 6.7780943, 5.800726, 22.193941, 23.736847,explicit:callForPass, 0
116.11389, 4.6227207, 92.822525, 9.373838, 8.926773, 2.5551224, 4.494799, 6.903794,implicit, 1
112.74693, 3.9296432, 114.01964, 10.606684, 115.15315, 106.00835, 3.5415971, 6.607395,implicit, 1
33.885452, 18.299204, 59.808456, 22.036901, 40.06996, 43.380417, 21.408785, 22.381659,implicit, 0
61.48477, 6.71666, 7.0349426, 9.701031, 2.1911774, 41.690384, 3.2916899, 5.770744,implicit, 1
12.583717, 3.5417752, 105.1175, 10.483829, 111.00071, 93.26826, 3.7957752, 5.3983235,implicit, 1
18.426117, 12.761223, 4.8786316, 47.289368, 13.698395, 2.7810974, 8.033955, 7.4897885,implicit, 1
28.330444, 6.3830304, 36.50638, 45.624878, 46.57959, 30.971222, 4.6270742, 5.43373,implicit, 1
4.833206, 22.591082, 85.58885, 39.985966, 7.372696, 11.775986, 20.678635, 20.742563,implicit, 0
6.666107, 18.686323, 92.83678, 24.232012, 131.11246, 94.101166, 3.2136092, 3.5401409,implicit, 1
84.40958, 6.483603, 32.754944, 8.179522, 156.97235, 126.01398, 7.3478346, 3.0275905,implicit, 1
4.944412, 24.265347, 23.132177, 21.989235, 3.6344948, 2.6287918, 22.5251, 24.065516,implicit, 0
48.560818, 11.555109, 18.13757, 10.075857, 34.28626, 27.13504, 9.944468, 11.132579,implicit, 0
29.283356, 18.254644, 52.400024, 22.094278, 35.826614, 39.17926, 21.531906, 22.466072,implicit, 0
99.64013, 4.5872865, 5.2607117, 9.68379, 99.10114, 11.099609, 6.7743697, 3.5553713,implicit, 1
59.63822, 4.839955, 152.05344, 10.289098, 157.8747, 138.33493, 3.9499898, 2.8428047,implicit, 1
4.9315186, 23.118248, 90.118835, 48.580658, 75.23175, 51.361526, 23.485971, 33.792698,implicit, 0
28.424896, 12.065862, 18.544205, 44.12342, 3.3262482, 30.270172, 4.4775214, 5.728452,implicit, 1
4.8187485, 25.39602, 90.8581, 39.379498, 13.009193, 16.473503, 22.889595, 23.623966,implicit, 0
6.673416, 20.255089, 87.7585, 39.37955, 12.03096, 16.842972, 20.098816, 21.284504,explicit:callForPass, 0
4.8711853, 24.929815, 64.77753, 28.184294, 4.6124573, 7.8237, 23.308855, 22.36095,explicit:callForPass, 0
6.6005554, 34.625557, 4.979248, 50.3988, 48.31836, 5.591736, 32.638393, 27.885807,implicit, 1
6.165268, 19.078457, 78.71547, 45.512, 18.983948, 17.113129, 20.065691, 23.45742,explicit:callForPass, 0
33.096046, 9.450202, 110.02985, 37.17474, 109.789185, 55.5856, 4.9502707, 5.240246,implicit, 1
3.5590515, 19.10045, 73.95241, 34.422443, 12.713165, 8.586395, 20.87667, 19.77328,explicit:callForPass, 0
26.368195, 4.5988894, 18.530365, 57.354977, 12.974426, 1.7409058, 64.896126, 47.865303,implicit, 0
3.869461, 20.158438, 78.733505, 45.51472, 84.371185, 10.310776, 15.8542185, 19.95886,implicit, 0
63.343704, 4.1858373, 11.0638275, 42.92631, 7.531967, 31.826767, 4.7975216, 6.6399164,implicit, 1
64.87651, 4.265007, 10.565018, 42.864536, 5.940155, 9.465866, 4.7461977, 6.468605,implicit, 1
0.8052368, 20.536604, 80.02779, 37.677204, 6.2942505, 11.533264, 19.792566, 20.951864,explicit:callForPass, 0
4.4780426, 20.268171, 73.3403, 47.34798, 23.48912, 9.191971, 29.991186, 20.572578,implicit, 0
46.74727, 14.145289, 11.575165, 40.672646, 9.935303, 7.12973, 6.279587, 4.7931843,implicit, 1
4.916748, 24.054329, 77.6019, 31.182245, 15.134979, 17.784454, 21.731192, 22.94183,explicit:callForPass, 0
116.335724, 9.615577, 88.06427, 55.587063, 60.41452, 78.29974, 40.454525, 52.684444,implicit, 1
59.166904, 4.8348722, 61.56729, 41.46979, 66.32565, 93.4187, 4.760778, 6.46853,implicit, 1
102.50973, 16.114084, 16.668, 21.58009, 13.23761, 16.945618, 5.5159965, 3.487524,implicit, 1
4.9319267, 12.481218, 100.47885, 21.575813, 92.86505, 118.63599, 3.6616766, 3.1785705,implicit, 1

SHOOT KNOWLEDGE:
53.68572, 13.438756, 21.49054, 25.095158, 45.110107, 39.902893, 17.064796, 16.262636
20.62819, 13.947348, 19.388107, 18.588026, 1.7363586, 4.6802826, 18.759916, 16.463863
97.04355, 5.693531, 4.8583374, 18.235746, 94.81546, 163.87585, 4.0238166, 4.932268
92.31956, 7.419031, 4.9433594, 27.321148, 67.70761, 81.90469, 15.64971, 14.033147
73.531, 8.737139, 13.733582, 27.30757, 51.355984, 55.135094, 13.320699, 14.634121
75.451965, 9.503459, 8.160858, 27.686592, 69.35315, 54.091095, 15.349479, 15.270943
175.1481, 8.89478, 4.8612366, 27.363358, 138.14525, 177.65594, 7.9604297, 7.1033745

