POS KNOWLEDGE:
65.86926, 40.323936, 0.3555603, 58.828915, 5.7591248, 20.259277, 38.393322, 69.05682
3.8154826, -43.78058, -42.07791, -14.14151, 0.0, 0.0, 0.0, 0
71.16745, 38.910362, 0.35375977, 54.903385, 6.253479, 21.33252, 26.709827, 57.651558
3.7947066, -45.56115, -43.558315, -10.880532, 0.0, 0.0, 0.0, 0
74.256226, 37.095833, 0.35458374, 51.10063, 6.69339, 22.596954, 15.506646, 46.696278
3.3456776, -45.30756, -43.486538, -11.205901, 0.0, 0.0, 0.0, 0
74.61627, 35.565186, 0.3546753, 48.844078, 6.322296, 23.482178, 9.213359, 40.219536
2.638958, -35.213852, -38.108353, -26.677795, 0.0, 0.0, 0.0, 1
68.98804, 34.52418, 6.210663, 47.319836, 0.72628784, 18.280548, 6.2412724, 35.812267
2.9921725, -28.379795, -29.019606, -42.600597, 0.0, 0.0, 0.0, 2
18.162476, 31.443647, 55.910187, 45.99813, 68.55481, 31.991913, 4.4461184, 28.087177
3.029356, -43.087498, -34.27431, -22.638195, 0.0, 0.0, 0.0, 0
50.76523, 26.447811, 29.752075, 42.373646, 55.8692, 7.9389343, 2.7738016, 13.649976
1.6582142, -45.946907, -35.25721, -18.795887, 0.0, 0.0, 0.0, 0
56.992004, 25.403143, 23.972809, 41.048355, 57.531082, 4.424774, 2.163192, 9.475256
1.4698296, -32.05395, -15.549389, -52.39666, 0.0, 0.0, 0.0, 2
33.183807, 23.616743, 43.65039, 40.31556, 69.36191, 35.13318, 2.4208262, 7.4040976
0.527082, -29.500761, -13.501387, -56.99785, 0.0, 0.0, 0.0, -1
4.4831543, 20.114374, 70.8241, 39.8989, 52.991364, 73.364075, 3.6100726, 5.3866425
9.0847677E-4, 0.0, 0.0, 0.0, 60.62361, 37.065563, 2.3108249, -1
4.4826965, 20.114733, 70.82364, 39.899124, 52.779663, 73.36087, 3.9790628, 5.3868675
2.654953E-4, 0.0, 0.0, 0.0, 61.7378, 34.961277, -3.300919, 5
4.8047905, 20.295603, 78.87719, 46.831818, 18.575222, 20.19299, 20.699997, 18.772287
4.2167044, 0.22021788, -44.701103, -55.078674, 0.0, 0.0, 0.0, 2
4.80871, 20.297104, 78.87719, 46.831818, 18.973751, 20.200832, 20.542343, 18.772533
3.0365982, -23.947874, -40.429962, -35.622166, 0.0, 0.0, 0.0, 1
10.991051, 14.837298, 67.95273, 45.129086, 7.0961914, 32.273933, 14.976846, 13.066677
3.5258076, -61.75825, -29.991457, -8.250303, 0.0, 0.0, 0.0, 0
90.92183, 14.598664, 4.9750385, 41.73947, 64.09592, 47.90448, 10.646725, 5.576441
3.4517741, -69.83603, -5.099816, 25.064144, 0.0, 0.0, 0.0, 0
89.66526, 13.989425, 4.9597473, 37.982082, 70.303734, 37.969696, 7.09083, 2.6220717
0.5472137, -54.805862, -36.896824, -8.297307, 0.0, 0.0, 0.0, -1
107.300964, 13.308411, 17.995758, 37.213272, 73.00952, 33.31128, 7.3222084, 3.2302437
1.6157184, -24.199139, -36.020687, -39.780174, 0.0, 0.0, 0.0, 2
4.9679756, 23.315321, 72.85071, 31.41288, 6.8197117, 5.5955067, 23.186216, 21.87097
4.0964146, -4.3170686, -47.287933, -48.395008, 0.0, 0.0, 0.0, 2
1.5649071, 15.553517, 85.18683, 31.244879, 14.813053, 14.499983, 18.92102, 17.312897
1.4038119, -33.725273, -37.668304, -28.606426, 0.0, 0.0, 0.0, 1
17.51309, 9.468536, 70.626175, 30.567646, 54.097183, 0.49623108, 18.283613, 16.673914
3.3899975, -69.074814, -16.716967, 14.208224, 0.0, 0.0, 0.0, 0
136.88052, 7.9318647, 8.697798, 27.215624, 84.477264, 66.409584, 13.112575, 7.4010425
3.440814, -50.46273, 10.54731, 38.989967, 0.0, 0.0, 0.0, 0
156.74472, 10.778583, 77.72174, 18.441727, 93.53229, 100.88034, 6.8500066, 3.0272434
0.69554985, -41.773396, -13.048027, 45.178577, 0.0, 0.0, 0.0, -1
125.388214, 11.152608, 110.31818, 18.260626, 116.02643, 126.18228, 6.2968764, 3.1105163
0.0065470454, 0.0, 0.0, 0.0, -19.963903, -10.918075, -69.11802, 5
3.5956345, 11.234177, 129.19888, 18.248785, 120.38373, 132.9263, 4.4888635, 3.119234
6.2617355E-6, 0.0, 0.0, 0.0, 61.997803, 33.309216, 4.6929865, -1
0.947937, 20.907177, 63.16336, 24.58528, 10.117477, 10.550064, 23.163467, 21.51068
4.3349595, -15.78625, -42.124928, -42.08882, 0.0, 0.0, 0.0, 1
166.52103, 21.63776, 174.52997, 52.086597, 131.78659, 174.03116, 37.85464, 51.174694
0.6254935, 35.197395, 30.567297, 34.235306, 0.0, 0.0, 0.0, -1
135.07025, 22.05758, 142.9993, 53.057938, 101.71793, 142.51132, 35.64175, 49.216217
0.0034054406, 0.0, 0.0, 0.0, -40.00188, -19.998201, -39.99992, 3
87.92903, 22.063274, 95.85484, 53.06263, 55.411423, 95.37251, 31.261307, 44.86215
0.59046334, -35.055603, -30.817354, -34.127045, 0.0, 0.0, 0.0, -1
72.10251, 22.06412, 80.02765, 53.063072, 39.91713, 79.547424, 29.802046, 43.393467
3.0522418, -35.115852, -31.269995, -33.614155, 0.0, 0.0, 0.0, 0
3.845642, 19.984377, 4.9076843, 50.959927, 35.49147, 4.415924, 19.394535, 32.368275
3.61388, -37.810757, -34.11069, -28.078552, 0.0, 0.0, 0.0, 0
34.120667, 16.688688, 4.907715, 43.335804, 25.405518, 4.381775, 4.013989, 9.979852
1.5231352, -38.026722, -34.501232, -27.47205, 0.0, 0.0, 0.0, 0
42.75476, 15.921279, 0.10922241, 41.850903, 22.812881, 1.026947, 2.7528262, 7.1997943
0.41599196, -37.58796, -35.87918, -26.532858, 0.0, 0.0, 0.0, -1
37.17633, 15.643179, 6.6392517, 41.46857, 9.316864, 3.0650024, 2.566085, 6.615074
0.006807429, 0.0, 0.0, 0.0, 58.30058, 29.204288, -12.495132, 5
4.8652954, 24.526947, 77.94615, 35.281586, 9.0056305, 6.719925, 22.406918, 23.707611
4.6010184, -7.057145, -46.710606, -46.232246, 0.0, 0.0, 0.0, 1
20.658463, 15.99855, 69.8246, 34.954674, 4.91597, 7.4519043, 17.875803, 19.64162
3.3426068, -77.822205, -9.132656, 13.045144, 0.0, 0.0, 0.0, 0
123.51953, 8.234004, 4.840973, 26.273573, 59.29312, 87.52916, 2.8405428, 6.5582542
3.0386188, -41.32258, 20.799017, 37.878403, 0.0, 0.0, 0.0, 0
159.80513, 9.684192, 57.572327, 25.79744, 88.62662, 114.35864, 2.7044716, 2.2388282
3.2838216, -30.40694, 23.278568, 46.31449, 0.0, 0.0, 0.0, 0
175.511, 10.650893, 52.769608, 22.765377, 82.570114, 104.11798, 2.8149288, 1.8579221
0.44302362, -31.20844, 9.894557, 58.897, 0.0, 0.0, 0.0, -1
160.46939, 11.405607, 37.93312, 22.562653, 59.992706, 85.47841, 2.9301658, 1.7163867
0.005190651, 0.0, 0.0, 0.0, 33.259693, 12.659817, -54.080494, 5
1.46344, 16.589664, 94.15079, 22.550293, 95.502075, 131.72241, 3.5613873, 2.9544141
2.6869257E-5, 0.0, 0.0, 0.0, -43.689426, -52.68254, 3.62803, 4
0.11630249, 28.104755, 71.757614, 22.55027, 66.69179, 83.67656, 3.9863584, 2.7216907
2.487894E-6, 0.0, 0.0, 0.0, 55.198227, 28.901205, 15.900569, -1
4.970276, 26.944845, 72.75481, 22.55027, 67.68614, 84.63614, 3.9600236, 2.695504
1.5460484E-5, 0.0, 0.0, 0.0, 65.70738, 34.25562, -0.037004627, 5
4.8237457, 26.384697, 75.821, 22.55027, 71.18599, 88.33452, 3.9696047, 2.709093
2.3990407E-5, 0.0, 0.0, 0.0, 66.88678, 32.539806, 0.5734133, -1
4.9670563, 25.824732, 78.65921, 22.55027, 73.946655, 91.23471, 3.954072, 2.6962821
3.198721E-5, 0.0, 0.0, 0.0, 67.21585, 32.48571, -0.29844263, 5
4.73526, 25.261858, 81.95448, 22.55027, 77.166, 94.50896, 3.9399173, 2.680761
3.7851532E-5, 0.0, 0.0, 0.0, 66.97595, 32.23076, 0.7932908, -1
4.8918915, 24.705956, 84.89075, 22.550268, 80.33017, 97.63611, 3.9375784, 2.693905
3.0387848E-5, 0.0, 0.0, 0.0, 67.92695, 30.832598, -1.2404541, 5
4.9055634, 23.989195, 56.514313, 25.390162, 8.980209, 5.9945374, 23.050402, 21.97438
3.8323605, -15.808775, -41.751854, -42.43937, 0.0, 0.0, 0.0, 2
4.889633, 21.966972, 59.46823, 25.390162, 12.433762, 8.309601, 22.1429, 21.110493
17.244362, -77.06021, -22.312317, -0.6274721, 0.0, 0.0, 0.0, 0
36.876434, 13.684606, 36.446854, 23.800499, 16.5699, 20.972244, 17.838135, 16.568682
31.728302, -37.319786, 22.330412, 40.349804, 0.0, 0.0, 0.0, 0
142.084, 7.9074087, 21.319717, 7.6967773, 36.471497, 138.48018, 5.3819633, 4.634276
1.6687354, 27.645332, -48.04088, -24.31379, 0.0, 0.0, 0.0, 1
127.73069, 6.7132707, 52.869247, 7.460777, 5.603348, 136.96063, 4.251669, 3.5588667
2.8072941, 93.41942, 5.8809204, -0.6996585, 0.0, 0.0, 0.0, 2
120.46205, 6.222066, 68.58792, 7.460307, 29.924591, 141.895, 3.872221, 3.1366162
3.080236, 31.580063, 39.25682, 29.163113, 0.0, 0.0, 0.0, -1
150.71754, 8.790893, 128.16142, 9.940593, 138.00609, 141.86134, 4.818156, 7.763736
0.42627972, 30.7127, 35.58075, 33.70655, 0.0, 0.0, 0.0, -1
123.38328, 9.388761, 160.79529, 10.438619, 169.59592, 158.33948, 4.761239, 7.2997813
0.0, 0.0, 0.0, 0.0, -37.074203, -13.705953, -49.21985, 5
32.758026, 25.4177, 125.962296, 49.252304, 87.18149, 69.040405, 15.695228, 22.026876
4.305208, 2.19628, -43.231136, -54.57259, 0.0, 0.0, 0.0, 2
1.8067932, 17.107294, 98.75345, 49.37671, 30.761047, 24.030731, 15.387098, 18.599762
0.9957003, -15.596472, -45.446033, -38.957493, 0.0, 0.0, 0.0, -1
14.032257, 14.936787, 83.872665, 49.42625, 16.247696, 5.9203796, 14.75899, 16.93165
2.5719924, -73.049576, -20.700926, 6.2495008, 0.0, 0.0, 0.0, 0
122.89595, 13.810222, 18.360102, 43.7214, 57.4709, 140.38116, 3.9949327, 5.8421817
3.2583892, -39.339127, 20.500788, 40.16008, 0.0, 0.0, 0.0, 0
128.04268, 17.439007, 47.65564, 39.453083, 86.94962, 124.477646, 4.3198247, 2.6282701
3.9269998, -24.989428, 30.054205, 44.956367, 0.0, 0.0, 0.0, 0
126.13246, 21.4034, 42.02408, 37.54917, 68.070435, 59.868286, 4.20414, 2.8786926
0.66246283, -57.713108, -7.7172627, -34.56963, 0.0, 0.0, 0.0, -1
4.8494263, 22.904324, 73.40039, 30.858936, 6.0203705, 7.1700287, 20.365017, 21.870842
4.069121, -5.44246, -46.921707, -47.635834, 0.0, 0.0, 0.0, 2
4.934021, 21.023981, 76.195435, 30.858936, 8.996719, 12.262253, 19.648333, 21.090637
4.4095287, -8.9705105, -45.82096, -45.20853, 0.0, 0.0, 0.0, 1
4.9940796, 14.481784, 82.37222, 30.440145, 11.279205, 15.536926, 16.198143, 17.575756
1.5494299, -36.061634, -37.770355, -26.168016, 0.0, 0.0, 0.0, 1
20.835266, 12.308509, 67.90767, 30.40082, 3.831726, 0.53926086, 15.521435, 16.443104
3.4878466, -69.08847, -16.734474, 14.177057, 0.0, 0.0, 0.0, 0
148.03119, 11.013105, 8.627258, 21.787348, 73.29945, 139.69513, 1.9696459, 4.311549
2.843614, -28.034588, 32.496933, 39.46847, 0.0, 0.0, 0.0, 0
179.24518, 12.426042, 55.411453, 19.398994, 95.06987, 140.0875, 2.749742, 2.6546235
3.3808708, -28.376835, 26.736345, 44.886818, 0.0, 0.0, 0.0, 0
145.4973, 24.617222, 64.906586, 15.42854, 82.87024, 100.35289, 2.9222846, 1.7615117
3.463314, -31.922213, 26.798851, 41.278942, 0.0, 0.0, 0.0, 0
159.7182, 14.773476, 167.84644, 54.65413, 157.47565, 171.39096, 26.696934, 59.975307
0.6249313, 34.985207, 34.00411, 31.010681, 0.0, 0.0, 0.0, -1
167.38335, 13.113786, 136.23625, 55.62027, 126.349625, 156.5642, 27.626703, 57.981876
0.004219418, 0.0, 0.0, 0.0, -39.984245, -20.060068, -39.95569, 3
151.7229, 12.469063, 120.50586, 55.623302, 110.62085, 140.78378, 27.629602, 56.509224
0.0017097923, 0.0, 0.0, 0.0, -39.968307, -20.055685, -39.97601, 5
136.04608, 12.27763, 104.84006, 55.623466, 94.955414, 125.06677, 27.629719, 55.04471
0.54851925, -36.21866, -34.795357, -28.985989, 0.0, 0.0, 0.0, -1
104.56372, 12.278421, 73.359314, 55.62394, 63.47534, 93.480896, 27.630087, 52.018337
3.075078, -37.040916, -35.519184, -27.439907, 0.0, 0.0, 0.0, 0
56.3985, 8.134202, 4.980072, 50.19278, 4.654236, 26.928162, 9.193875, 32.166267
2.4335797, -35.872597, -35.041428, -29.085976, 0.0, 0.0, 0.0, 0
60.5506, 7.298278, 0.057739258, 48.701855, 8.2734375, 22.551422, 6.346972, 27.851486
1.7632256, -27.915726, -29.314821, -42.769447, 0.0, 0.0, 0.0, 2
17.660522, 5.5316133, 48.913513, 47.481503, 60.453827, 28.210144, 4.6796403, 20.27821
0.52470756, -48.94494, -44.259613, -6.7954464, 0.0, 0.0, 0.0, -1
49.649017, 5.178659, 17.72873, 47.306473, 24.883759, 1.5636597, 4.750412, 17.089298
1.2835739, -36.86715, -24.37093, 38.761917, 0.0, 0.0, 0.0, 0
116.118805, 5.6256742, 43.752167, 46.95356, 46.183838, 61.559418, 4.509199, 11.135583
0.7084258, -45.202427, -43.4083, -11.389274, 0.0, 0.0, 0.0, -1
88.88208, 6.0387535, 12.846039, 46.64471, 15.9627075, 29.651611, 4.7270813, 9.420903
1.2239513, -27.647655, -30.454037, -41.898304, 0.0, 0.0, 0.0, 2
42.86258, 5.168213, 37.0289, 46.188046, 40.38391, 32.226562, 4.3311973, 8.470383
0.8075839, -33.303463, -27.39857, -39.29797, 0.0, 0.0, 0.0, -1
59.960327, 4.8441105, 21.688416, 46.01672, 24.34439, 20.665283, 4.2236886, 8.134159
1.2039245, -33.04543, -27.7169, -39.23767, 0.0, 0.0, 0.0, 2
1.2141724, 15.367724, 93.16493, 39.67551, 2.6188831, 5.1139107, 16.771065, 18.973253
1.0664397, -24.84768, -39.50432, -35.648003, 0.0, 0.0, 0.0, 1
16.856972, 14.690235, 78.32291, 38.585968, 13.014997, 10.326623, 16.013092, 17.876627
3.358694, -70.359726, 10.724597, 18.915682, 0.0, 0.0, 0.0, 0
130.46805, 14.713863, 4.969116, 27.020866, 118.07079, 74.53387, 8.726542, 2.6891985
2.822237, -30.638641, 32.137486, 37.223873, 0.0, 0.0, 0.0, 0
161.95639, 10.817752, 46.528046, 22.758549, 153.7427, 85.38684, 7.1225863, 1.817904
3.4162033, -25.646349, 34.1158, 40.23785, 0.0, 0.0, 0.0, 0
135.79875, 13.718978, 57.75006, 20.876802, 133.79514, 93.53436, 8.119884, 3.007118
3.787386, -29.003992, 32.463806, 38.5322, 0.0, 0.0, 0.0, 0
119.791336, 23.563786, 56.889862, 15.978986, 80.1423, 72.94534, 7.3580394, 3.090914
0.31688783, -41.242348, -10.991757, 47.765892, 0.0, 0.0, 0.0, -1
104.6758, 23.73698, 42.131958, 15.831575, 56.594574, 50.33487, 7.0128064, 3.2462826
0.0012155378, 0.0, 0.0, 0.0, 35.385307, 17.737597, -46.877094, 5
149.22069, 30.729763, 157.54628, 52.5917, 173.42766, 173.927, 45.547016, 25.349554
0.6128768, 32.20969, 35.72257, 32.06774, 0.0, 0.0, 0.0, -1
179.5115, 32.083786, 126.56505, 53.443657, 142.08363, 153.78827, 43.542686, 23.38023
0.004108606, 0.0, 0.0, 0.0, -39.89699, -20.746424, -39.356583, 3
164.83548, 32.11168, 110.82077, 53.446083, 126.26932, 137.58179, 42.071693, 21.925486
0.0023256172, 0.0, 0.0, 0.0, -39.620667, -20.757133, -39.622204, 5
149.11385, 32.111786, 95.099754, 53.44651, 110.47405, 121.33401, 40.60543, 20.471443
0.6449226, -39.864532, -37.066727, -23.068737, 0.0, 0.0, 0.0, -1
133.4801, 31.179796, 79.46661, 53.446938, 94.76105, 105.08896, 39.136272, 19.016506
3.2457528, -37.801605, -35.707363, -26.491037, 0.0, 0.0, 0.0, 0
73.28594, 29.713379, 4.9677734, 49.34754, 20.61325, 26.35205, 22.403149, 7.1277122
3.1194904, -52.402454, -38.342434, -9.255111, 0.0, 0.0, 0.0, 0
96.320526, 29.902071, 30.79242, 47.138283, 49.420547, 47.278305, 13.131525, 4.095794
2.350141, -54.99779, -41.36529, -3.636915, 0.0, 0.0, 0.0, 0
109.92946, 27.868603, 29.44461, 44.68312, 51.0179, 55.10373, 7.2390695, 2.9159262
0.45789975, -49.262978, -44.750267, -5.986753, 0.0, 0.0, 0.0, -1
85.64482, 26.660748, 2.1090698, 43.92868, 11.809341, 18.482025, 5.578289, 2.5660079
0.0011428081, 0.0, 0.0, 0.0, 45.65657, 18.724922, -35.618507, 5
4.3862305, 23.0922, 95.39497, 45.232098, 15.150879, 19.079117, 21.018112, 21.60743
4.173152, 0.4210958, -47.161804, -52.417107, 0.0, 0.0, 0.0, 2
1.4475555, 14.524287, 98.393585, 43.055645, 18.69542, 23.983032, 16.98206, 17.220758
1.2496024, -23.378603, -42.95524, -33.666164, 0.0, 0.0, 0.0, 1
14.415573, 13.790334, 83.52202, 42.07318, 3.5740814, 9.063751, 15.971062, 15.910203
3.0209565, -71.34335, -12.071803, 16.58485, 0.0, 0.0, 0.0, 0
121.55182, 15.498662, 4.910095, 35.14393, 98.27635, 76.10576, 11.507957, 5.76667
3.792996, -53.368294, 17.934889, 28.696817, 0.0, 0.0, 0.0, 0
128.41536, 13.374441, 4.897332, 32.88228, 100.641846, 85.5138, 5.7729187, 3.182344
3.1989934, -45.12698, 23.31832, 31.554703, 0.0, 0.0, 0.0, 0
149.13846, 11.070044, 31.539642, 24.717995, 85.36701, 67.98718, 3.683502, 2.60643
1.6089509, -34.207493, 0.9135819, 64.87893, 0.0, 0.0, 0.0, 0
146.06891, 12.445778, 34.668518, 24.34248, 69.30304, 70.22693, 3.334927, 2.7400265
0.47781906, -29.448921, -14.357864, 56.193214, 0.0, 0.0, 0.0, -1
115.52144, 13.927776, 9.164963, 23.917604, 58.504974, 30.740723, 3.5476296, 2.9353106
0.0033429945, 0.0, 0.0, 0.0, 30.616867, 14.980328, -54.402805, 5
28.249344, 15.961843, 79.31218, 23.917273, 113.76094, 80.79462, 4.342398, 3.5713027
5.135407E-4, 0.0, 0.0, 0.0, 37.19887, 7.9434147, -54.857708, 5
0.8311157, 17.337389, 99.43915, 23.916912, 133.75392, 100.92836, 3.6552353, 3.5709798
3.629748E-4, 0.0, 0.0, 0.0, -54.40406, -42.37873, 3.2172122, 3
6.6165314, 22.611584, 57.98813, 25.81454, 5.4539185, 7.296097, 21.090317, 22.521093
4.462638, -15.119698, -42.125538, -42.754765, 0.0, 0.0, 0.0, 2
4.910034, 23.788746, 83.648636, 34.891712, 16.036041, 19.925842, 22.303223, 22.842865
3.999858, -7.6939864, -45.933777, -46.37224, 0.0, 0.0, 0.0, 2
3.5097656, 21.367151, 81.464584, 34.891712, 15.638977, 19.765167, 22.068405, 22.140724
4.3344975, -9.967222, -45.117825, -44.91495, 0.0, 0.0, 0.0, 1
2.6864166, 14.425302, 86.75598, 34.316357, 18.435455, 23.34491, 18.52298, 18.632914
1.4536611, -33.18978, -38.383694, -28.426516, 0.0, 0.0, 0.0, 1
13.089767, 13.655166, 72.20096, 34.235546, 3.2814178, 8.369659, 17.846275, 17.974337
2.6967869, -69.35325, -27.427658, -3.2190938, 0.0, 0.0, 0.0, 0
144.2607, 6.870362, 58.17749, 20.514658, 115.06709, 96.02114, 2.0170949, 3.0028253
3.0723488, -41.828632, 29.025, 29.146376, 0.0, 0.0, 0.0, 0
4.6050777, 17.304728, 103.46138, 49.750496, 46.817886, 35.42122, 22.380585, 13.868923
0.70872474, 71.53103, 28.234745, -0.23422246, 0.0, 0.0, 0.0, -1
11.15716, 15.893992, 88.46376, 49.866173, 33.17665, 21.185163, 20.45082, 13.283598
2.2601123, -63.736904, -34.88029, -1.3827989, 0.0, 0.0, 0.0, 0
154.6102, 21.624043, 63.479477, 37.46319, 132.60701, 132.5607, 5.324885, 2.5126712
3.7468507, -31.840378, 29.753246, 38.406376, 0.0, 0.0, 0.0, 0
138.51263, 25.238466, 26.679064, 34.509556, 74.45424, 70.15315, 4.7051096, 2.6899667
3.2616684, -33.37458, 15.752708, 50.872715, 0.0, 0.0, 0.0, 0
175.41724, 28.332714, 55.69034, 27.3088, 78.17737, 11.426361, 4.2451015, 1.9910196
0.39042887, -24.24391, -26.56107, 49.195023, 0.0, 0.0, 0.0, -1
149.70969, 28.70581, 30.670593, 27.126842, 48.038116, 22.254425, 4.3523192, 2.7914767
0.017672112, 0.0, 0.0, 0.0, 29.22767, 20.037334, -50.734997, 5
172.29199, 44.589527, 173.73383, 54.63976, 169.81161, 176.2514, 50.881027, 44.36281
0.6246383, 33.944447, 33.620975, 32.434578, 0.0, 0.0, 0.0, -1
153.32834, 43.312477, 142.12766, 55.612335, 158.94275, 144.57254, 51.90463, 42.395782
0.0022557678, 0.0, 0.0, 0.0, -39.46539, -19.7501, -40.78451, 5
102.257805, 40.327015, 95.02163, 55.615685, 111.82073, 97.43362, 51.41705, 38.592823
0.64837, -33.717693, -32.994503, -33.287804, 0.0, 0.0, 0.0, -1
85.87308, 39.655224, 79.17639, 53.578903, 95.92297, 81.57413, 49.9443, 33.805378
3.3511238, -34.235413, -33.887733, -31.876854, 0.0, 0.0, 0.0, 0
2.8656616, 24.228409, 4.769043, 48.158768, 23.850128, 7.232971, 23.65723, 10.510172
2.868867, -34.752937, -24.935831, -40.311234, 0.0, 0.0, 0.0, 2
9.93985, 23.550255, 29.935883, 45.680588, 49.270966, 31.812225, 15.393397, 5.328075
2.6286373, -36.14394, -19.074547, -44.781513, 0.0, 0.0, 0.0, 2
4.040283, 22.327286, 29.140137, 43.817795, 59.046112, 46.118576, 8.340457, 4.161602
1.1589283, -36.25518, -26.623667, -37.12116, 0.0, 0.0, 0.0, 2
3.5550537, 21.701225, 28.81845, 43.307312, 66.22481, 48.24527, 7.0063796, 3.9352455
0.59311706, -36.42642, -31.997269, -31.57631, 0.0, 0.0, 0.0, -1
1.1472168, 21.030432, 28.072449, 42.7151, 60.73372, 34.676025, 6.0663643, 4.2776585
0.0019233085, 0.0, 0.0, 0.0, 62.170895, 25.524387, 12.304722, -1
4.9025574, 19.917175, 29.582336, 42.71444, 56.98764, 32.098267, 6.135042, 4.6894064
0.0018822748, 0.0, 0.0, 0.0, 66.81396, 32.919632, -0.2664095, 5
4.8870544, 18.203918, 42.118713, 42.713387, 62.245483, 44.631012, 6.0659623, 4.687992
0.0019184974, 0.0, 0.0, 0.0, 68.04012, 31.402657, 0.5572189, -1
4.9437866, 16.53027, 55.474762, 42.712425, 68.010254, 57.98584, 5.99364, 4.6858416
0.0016584484, 0.0, 0.0, 0.0, 67.41529, 32.33559, -0.2491161, 5
4.83313, 15.973715, 60.361633, 42.712074, 71.1951, 61.906616, 5.886002, 4.543193
0.0012707523, 0.0, 0.0, 0.0, 65.847916, 33.909546, 0.2425416, -1
5.090637, 15.377649, 65.40808, 42.71174, 73.07187, 66.52176, 5.9670997, 4.5177283
3.9790443E-4, 0.0, 0.0, 0.0, 55.25, 33.835167, -10.914832, 5
4.8693542, 21.620663, 84.25608, 36.679264, 5.0875006, 6.6027513, 21.095182, 20.231024
3.8909335, 8.111591, -45.25542, -46.632984, 0.0, 0.0, 0.0, 2
4.781809, 14.848576, 96.878944, 37.671955, 3.8500385, 1.0635052, 16.909174, 14.252925
0.85643476, -19.043285, -42.911015, -38.0457, 0.0, 0.0, 0.0, -1
23.013195, 14.102317, 82.14764, 37.805252, 11.503324, 17.826439, 16.273514, 12.688289
2.508656, -68.92489, 11.197912, 19.877201, 0.0, 0.0, 0.0, 0
123.46655, 9.15457, 78.06453, 22.742981, 100.29457, 147.1881, 3.0658486, 6.8310065
0.3320315, -33.004604, 18.724005, 48.27139, 0.0, 0.0, 0.0, -1
88.82184, 9.302783, 110.26889, 22.586428, 124.54233, 175.96465, 3.1494455, 6.689771
0.006309185, 0.0, 0.0, 0.0, 27.44495, 12.787607, -59.767445, 5
4.904381, 9.265116, 173.2386, 22.5771, 174.61592, 163.72154, 3.542695, 5.808816
5.6097844E-5, 0.0, 0.0, 0.0, -66.97255, -32.948677, 0.07877734, 3
0.021636963, 21.896534, 61.825012, 24.654306, 5.32172, 8.613537, 23.0099, 22.111696
3.7595398, -17.665695, -40.94073, -41.393578, 0.0, 0.0, 0.0, 2
1.5824814, 20.84943, 61.825012, 24.654306, 5.2295074, 9.523891, 22.1208, 21.574728
42.720722, -17.296543, 35.9846, 46.718857, 0.0, 0.0, 0.0, 0
175.59285, 25.85453, 164.10025, 17.758705, 177.15694, 173.34355, 31.827389, 6.830274
1.5186629, 13.771266, 52.80938, 33.419357, 0.0, 0.0, 0.0, -1
144.3248, 26.541702, 133.35426, 18.411982, 151.27478, 153.04831, 31.051237, 6.844921
2.1148994, -59.94071, -5.8804383, -34.178856, 0.0, 0.0, 0.0, 0
3.0659637, 15.37107, 99.37572, 48.369717, 33.81334, 19.653656, 17.331705, 13.407396
1.0026062, -14.506669, -45.622967, -39.870365, 0.0, 0.0, 0.0, 1
12.688065, 13.218667, 84.52751, 48.43133, 19.305313, 7.589035, 16.72265, 11.404069
2.951531, -66.88133, -28.44497, -4.673705, 0.0, 0.0, 0.0, 0
78.799576, 7.3546596, 21.861618, 48.05366, 37.565475, 33.437958, 11.638066, 6.1202126
3.1137528, -63.967113, -22.419447, 13.613439, 0.0, 0.0, 0.0, 0
119.24408, 7.4601436, 4.8475494, 45.088306, 77.14908, 44.348907, 5.683728, 3.254896
2.93531, -30.847689, 23.552164, 45.600143, 0.0, 0.0, 0.0, 0
178.32251, 29.521751, 64.93988, 30.919458, 135.02313, 72.754074, 8.128726, 4.6337647
1.991065, -28.962246, 13.797234, 57.24052, 0.0, 0.0, 0.0, 0
176.13649, 31.014463, 64.81842, 30.16673, 129.61581, 71.58794, 7.058791, 4.671009
0.5186708, -30.812859, 7.282918, 61.90422, 0.0, 0.0, 0.0, -1
110.27843, 31.865988, 0.15386963, 29.741922, 70.40073, 0.8893585, 4.949372, 4.9573464
2.4193177, -29.12775, 13.963575, 56.90868, 0.0, 0.0, 0.0, 0
158.42276, 35.27364, 53.078266, 28.000788, 120.85962, 46.847244, 4.2056885, 4.39933
2.9291065, -40.276356, 22.531414, 37.192226, 0.0, 0.0, 0.0, 0
116.09908, 32.744038, 14.226044, 20.9763, 119.56152, 92.72483, 3.3634765, 2.0536606
1.5186243, -31.255623, 9.925294, 58.819084, 0.0, 0.0, 0.0, 0
146.57352, 30.95925, 48.547943, 20.538588, 47.766266, 106.37404, 3.0636754, 2.2107666
0.49320194, -30.83593, -7.8906245, 61.273445, 0.0, 0.0, 0.0, -1
119.111275, 30.638903, 23.725555, 20.155258, 54.43077, 79.87154, 2.5063393, 2.4769552
1.10799345E-4, 0.0, 0.0, 0.0, 40.39804, 9.04657, -50.55539, 5
40.425095, 30.575106, 54.88742, 20.15515, 90.359146, 36.98523, 3.1637433, 2.7598403
6.481583E-5, 0.0, 0.0, 0.0, 37.18319, 25.633705, -37.183105, 5
178.96317, 19.550695, 147.98785, 52.567863, 164.55396, 168.26239, 43.18909, 36.74142
0.5949139, 34.806488, 36.569527, 28.623985, 0.0, 0.0, 0.0, -1
163.23041, 18.721947, 132.6065, 53.09057, 179.32727, 152.57773, 42.275696, 35.85323
0.0020160046, 0.0, 0.0, 0.0, -37.54058, -18.973824, -43.485596, 5
131.77187, 17.099642, 101.07701, 53.09015, 147.39854, 120.76799, 39.34638, 32.931248
0.35325372, -37.6822, -30.805275, -31.512524, 0.0, 0.0, 0.0, -1
113.86478, 16.76833, 85.36911, 53.08983, 131.46753, 104.89963, 37.879944, 31.462967
2.938842, -38.666172, -33.600513, -27.73332, 0.0, 0.0, 0.0, 0
23.818176, 18.176006, 6.7904663, 51.935127, 52.930847, 26.058563, 29.676226, 22.503317
3.7848365, -39.20184, -36.463905, -24.334257, 0.0, 0.0, 0.0, 0
37.87436, 8.0955305, 4.91864, 44.347027, 57.734436, 14.529633, 10.783803, 7.818884
1.7422616, -30.841558, -35.300507, -33.857933, 0.0, 0.0, 0.0, 1
22.392426, 7.174627, 15.473999, 43.218098, 40.934723, 10.4956665, 9.28356, 5.432478
1.1840329, -25.111395, -36.14453, -38.744072, 0.0, 0.0, 0.0, 2
7.6431885, 6.00512, 37.80374, 42.80381, 7.906769, 44.57776, 8.615188, 4.666311
0.4684492, -44.420387, -35.053265, -20.52635, 0.0, 0.0, 0.0, -1
29.251495, 5.3516064, 22.587067, 42.60988, 13.362488, 29.53955, 8.39041, 4.666816
1.4785323, -40.99312, -21.05954, 37.947346, 0.0, 0.0, 0.0, 0
125.20531, 5.375367, 42.465225, 41.986916, 43.850388, 46.692917, 6.8054767, 4.4016676
0.36426663, -31.196344, -26.815187, 41.98847, 0.0, 0.0, 0.0, -1
118.56883, 5.391929, 27.192947, 41.818394, 33.07225, 30.563553, 6.4293075, 4.2630105
0.019873148, 0.0, 0.0, 0.0, 30.656036, 17.054104, -52.28986, 5
8.610325, 17.530493, 86.07464, 35.94303, 1.1522617, 5.232992, 18.832815, 17.940716
3.7910185, 12.682587, -43.201603, -44.115807, 0.0, 0.0, 0.0, 2
0.3138466, 11.883922, 102.48149, 36.71213, 13.585545, 20.748966, 12.517396, 13.94991
0.920461, -38.474113, -37.978043, -23.54784, 0.0, 0.0, 0.0, -1
30.763012, 10.958827, 72.31956, 37.003246, 12.288888, 9.0163145, 9.125308, 13.119402
2.98815, -73.740974, -1.9816084, 24.277418, 0.0, 0.0, 0.0, 0
122.628365, 10.276825, 7.436499, 35.993774, 50.810272, 99.908676, 4.5951295, 9.355755
3.3980112, -41.269596, 19.707458, 39.022953, 0.0, 0.0, 0.0, 0
126.554474, 12.9042225, 2.3634033, 32.232056, 55.12152, 84.5353, 2.1678207, 5.6383157
0.37276793, -53.49762, -17.219608, 29.282772, 0.0, 0.0, 0.0, -1
143.5604, 13.1042185, 18.10794, 31.88265, 59.555817, 92.389824, 2.1656544, 4.676354
0.023885086, 0.0, 0.0, 0.0, 27.482971, -20.351366, -52.165665, 5
130.97453, 13.117066, 5.445038, 31.860775, 32.42743, 69.90247, 2.5421066, 4.241197
0.002496088, 0.0, 0.0, 0.0, 33.27951, -19.265116, -47.455376, 5
78.5811, 11.866684, 41.80414, 31.859291, 37.604156, 11.977905, 4.269575, 4.8419285
0.052931733, 0.0, 0.0, 0.0, -59.22216, -14.678664, 26.099174, 3
48.258427, 11.139219, 68.31686, 31.858768, 67.73876, 18.029593, 4.883141, 5.051117
0.767742, -29.221445, -41.425545, -29.353008, 0.0, 0.0, 0.0, -1
0.7707863, 23.629107, 67.480316, 29.881498, 12.996336, 15.840208, 23.005161, 24.470865
4.566376, -18.255692, -41.22522, -40.51909, 0.0, 0.0, 0.0, 1
0.3736534, 16.627672, 73.797516, 28.89676, 15.484467, 19.359467, 19.228174, 20.823406
2.3914356, -51.74516, -31.996668, -16.258175, 0.0, 0.0, 0.0, 0
99.86348, 8.335563, 4.844818, 21.430387, 54.387096, 54.322678, 3.0262, 7.567716
0.5895308, -57.642548, -27.461779, 14.895666, 0.0, 0.0, 0.0, -1
76.53702, 8.091361, 21.79123, 20.466373, 21.731274, 30.950325, 2.2640014, 5.8023953
8.06094E-4, 0.0, 0.0, 0.0, 34.91342, 5.619525, -59.467052, 5
1.034092, 7.5136595, 55.518917, 20.467577, 56.659676, 29.575409, 3.5886085, 5.954873
3.574791E-4, 0.0, 0.0, 0.0, -87.06649, -10.681444, 2.2520669, 3
5.2762756, 7.2469664, 18.763062, 20.467846, 19.948395, 8.505951, 3.5931544, 5.360957
8.529284E-4, 0.0, 0.0, 0.0, 23.44648, 75.2739, -1.2796174, 5
5.0210876, 6.8308096, 3.6459656, 20.468136, 4.8319397, 8.513214, 3.5934513, 4.9218235
7.5381546E-4, 0.0, 0.0, 0.0, 54.29393, 35.796524, 9.909546, -1
4.9601746, 19.263556, 76.442184, 47.477234, 8.852997, 7.325882, 20.250862, 23.136007
4.016121, -9.203101, -45.859364, -44.93753, 0.0, 0.0, 0.0, 1
71.85489, 8.670435, 18.322998, 46.194084, 48.60048, 63.53897, 11.042288, 14.872301
3.7287972, -68.94429, -12.613084, 18.442627, 0.0, 0.0, 0.0, 0
100.59877, 8.585084, 4.90448, 43.938354, 58.754105, 97.1918, 6.5448895, 12.191961
3.2639608, -62.394768, 4.955264, 32.64997, 0.0, 0.0, 0.0, 0
177.75287, 8.949436, 58.041214, 31.902191, 80.10477, 171.28645, 4.365764, 4.4787664
3.7502465, -25.845379, 26.027561, 48.127056, 0.0, 0.0, 0.0, 0
173.04384, 9.264403, 63.628967, 24.423883, 75.42622, 142.27687, 3.6603062, 5.542131
3.796381, -25.768978, 26.693996, 47.537025, 0.0, 0.0, 0.0, 0
74.91232, 6.01473, 21.186783, 16.9298, 92.011185, 88.53369, 2.144709, 3.0139163
2.52742, -35.612144, 15.84505, -48.542805, 0.0, 0.0, 0.0, 2
4.1134796, 4.168974, 57.21245, 15.914075, 57.145462, 134.31862, 1.5919074, 4.080047
3.3998392, -31.637472, 36.96522, -31.39731, 0.0, 0.0, 0.0, 0
4.928833, 21.86692, 33.016052, 21.936382, 3.2891846, 6.7566223, 21.763908, 20.825457
3.930535, -24.318316, -37.553703, -38.127983, 0.0, 0.0, 0.0, 2
164.60194, 38.87158, 141.50333, 53.00542, 141.32385, 140.69736, 55.358505, 49.34697
0.003912518, 0.0, 0.0, 0.0, -40.063023, -20.02725, -39.90973, 3
133.63434, 38.750805, 109.966705, 53.009583, 109.78726, 109.16672, 55.362663, 46.40998
0.00229752, 0.0, 0.0, 0.0, -40.00104, -19.995846, -40.003113, 5
117.93066, 38.75137, 94.26363, 53.01003, 94.08419, 93.46676, 55.363113, 44.93953
0.6888886, -34.362278, -34.359898, -31.277824, 0.0, 0.0, 0.0, -1
102.17798, 38.75208, 78.51181, 53.01048, 78.33237, 77.71826, 55.363564, 43.47165
2.5677657, -34.421585, -34.419518, -31.158897, 0.0, 0.0, 0.0, 0
32.069504, 34.006405, 4.8519287, 47.756958, 4.6332703, 3.9837036, 49.36415, 23.318823
3.7488518, -35.000763, -34.997974, -30.001263, 0.0, 0.0, 0.0, 0
35.289948, 30.701838, 4.8522034, 43.98631, 4.598236, 3.9369812, 45.591362, 12.214353
3.1042297, -35.59038, -35.60593, -28.803688, 0.0, 0.0, 0.0, 1
36.016724, 30.055449, 4.8522034, 43.233784, 4.589813, 3.9693909, 44.83829, 9.986309
3.1225345, -47.431126, -35.673874, -16.895, 0.0, 0.0, 0.0, 0
71.06769, 24.657993, 19.260231, 32.35453, 18.524086, 79.62053, 33.91428, 2.3938224
3.5213757, -56.251083, -12.581855, -31.167053, 0.0, 0.0, 0.0, 0
107.30532, 16.298088, 132.41666, 53.246574, 132.2117, 151.95267, 54.851086, 33.34337
0.0017489763, 0.0, 0.0, 0.0, -39.898216, -20.205368, -39.89641, 3
75.76692, 16.297007, 100.87547, 53.246674, 100.67027, 120.088394, 54.851208, 30.415462
0.35312858, -35.106316, -34.10218, -30.791504, 0.0, 0.0, 0.0, -1
59.978424, 16.296154, 85.08649, 53.246326, 84.88086, 104.11389, 54.85075, 28.95309
2.885849, -35.52971, -34.462635, -30.007648, 0.0, 0.0, 0.0, 0
24.795715, 13.974616, 4.856964, 50.635475, 4.640564, 23.856476, 52.239857, 16.22199
3.4545786, -36.692924, -34.842674, -28.464401, 0.0, 0.0, 0.0, 0
34.639862, 10.869829, 4.857239, 46.878784, 4.6236877, 21.88063, 48.483208, 6.92396
2.7128758, -34.134396, -26.336216, -39.52939, 0.0, 0.0, 0.0, 2
3.0193481, 8.433013, 48.78952, 42.856567, 48.513184, 62.330017, 44.450573, 3.633181
3.0532544, -52.963512, -28.296015, 18.740469, 0.0, 0.0, 0.0, 0
143.99947, 5.5833664, 4.939816, 31.355846, 4.3262396, 101.3239, 32.93515, 1.9109122
3.4829485, -54.274006, -12.454126, 33.271866, 0.0, 0.0, 0.0, 0
151.53006, 17.989115, 174.61551, 52.04932, 174.88052, 176.59003, 53.646454, 53.182926
0.6249291, 34.663616, 34.64637, 30.690014, 0.0, 0.0, 0.0, -1
114.96583, 16.698559, 143.27899, 53.017456, 143.53946, 145.21869, 54.61466, 54.151413
0.0038296627, 0.0, 0.0, 0.0, -36.63061, -18.314999, -45.054394, 5
75.30476, 14.792459, 111.74397, 53.021545, 112.004715, 113.68413, 54.61866, 54.156242
0.0022739067, 0.0, 0.0, 0.0, -44.43758, -22.218401, -33.344017, 3
54.646225, 13.971153, 95.94119, 53.021957, 96.20203, 97.88162, 54.61897, 54.157063
0.5928852, -36.87355, -36.861687, -26.264763, 0.0, 0.0, 0.0, -1
34.592194, 13.383268, 80.27124, 53.022423, 80.53226, 82.211945, 54.61951, 54.157906
3.173166, -40.63882, -40.62497, -18.736214, 0.0, 0.0, 0.0, 0
62.40178, 10.675696, 4.865265, 48.720135, 5.154022, 6.954376, 50.316437, 42.52394
3.7937415, -49.332775, -49.312737, -1.3544891, 0.0, 0.0, 0.0, 0
87.7484, 9.856481, 4.865204, 44.14506, 5.177246, 7.1448975, 45.742226, 29.032907
3.7901006, -43.93165, -43.908566, 12.159786, 0.0, 0.0, 0.0, 0
102.72649, 9.86462, 4.8658752, 39.604015, 5.208832, 7.336029, 41.201725, 15.579439
3.2742841, -40.638027, -40.61994, 18.742027, 0.0, 0.0, 0.0, 0
110.67639, 10.218527, 4.8663635, 37.338703, 5.22818, 7.2083435, 38.93657, 9.256463
2.4179778, -36.801556, -36.899914, 26.298527, 0.0, 0.0, 0.0, 1
111.38031, 10.247743, 4.8663635, 34.980385, 5.235138, 7.1374207, 36.56968, 7.76923
3.0752144, -36.351162, -27.27118, 36.37766, 0.0, 0.0, 0.0, 0
110.14284, 13.509945, 4.8499756, 21.94971, 3.6044922, 139.05644, 23.48835, 2.6413238
3.4156213, -75.80651, -2.90815, 21.28534, 0.0, 0.0, 0.0, 0
175.01057, 22.955912, 142.60585, 53.034466, 140.3622, 142.25444, 48.877636, 47.529755
0.0033766776, 0.0, 0.0, 0.0, -43.490097, -21.742725, -34.767178, 3
138.75974, 22.238712, 95.32062, 53.039143, 93.07721, 94.9736, 48.8823, 43.121117
0.6451668, -36.959614, -36.946064, -26.094324, 0.0, 0.0, 0.0, -1
126.789276, 22.188362, 79.5589, 53.039585, 77.31552, 79.21353, 48.882744, 41.651268
2.965281, -39.45149, -39.434967, -21.113548, 0.0, 0.0, 0.0, 0
80.441315, 20.012321, 4.908722, 46.320194, 2.3712769, 4.5273743, 28.160778, 17.110062
3.5784948, -47.13477, -47.10649, -5.758746, 0.0, 0.0, 0.0, 0
86.86395, 19.570265, 4.9086304, 44.05933, 2.251831, 4.5447083, 21.48939, 10.429331
2.7890697, -40.046974, -38.874107, -21.078918, 0.0, 0.0, 0.0, 0
82.892975, 19.385021, 5.5288696, 41.854435, 8.246857, 7.6064453, 14.782044, 6.2247806
2.9141552, -32.36344, -21.388653, -46.247902, 0.0, 0.0, 0.0, 2
38.03666, 18.484768, 53.980408, 41.082115, 59.6875, 61.643677, 9.963408, 4.5938854
2.343316, -43.319317, -28.411556, -28.26913, 0.0, 0.0, 0.0, 0
0.889637, 15.342729, 95.55243, 36.63307, 15.374708, 7.1173925, 16.41602, 16.763754
1.0062652, -16.668951, -44.296318, -39.03473, 0.0, 0.0, 0.0, 1
16.449413, 13.92134, 80.86345, 36.768715, 0.50204444, 9.399623, 15.760773, 15.703961
1.7160301, -83.17015, -8.969216, 7.860631, 0.0, 0.0, 0.0, 0
98.58, 8.942274, 54.005386, 24.356092, 78.47658, 128.03238, 3.1159496, 7.9184203
2.4035754, -41.07901, 35.676258, 23.244732, 0.0, 0.0, 0.0, 0
109.67399, 7.0046983, 59.727097, 23.205343, 81.03639, 125.32814, 3.0633934, 7.400432
0.4908079, -48.878403, 14.631346, 36.490253, 0.0, 0.0, 0.0, -1
167.06395, 36.75707, 167.5194, 52.24309, 166.5439, 168.9984, 51.64365, 50.105476
0.61472094, 33.369404, 33.39306, 33.237537, 0.0, 0.0, 0.0, -1
139.18623, 35.57299, 136.27052, 53.159283, 135.32878, 137.39687, 49.619823, 48.99802
0.0034888801, 0.0, 0.0, 0.0, -42.20115, -21.104408, -36.694443, 3
111.43858, 33.611248, 104.90712, 53.162495, 103.972275, 106.025314, 46.68231, 46.064163
0.5644269, -33.529144, -33.523384, -32.947468, 0.0, 0.0, 0.0, -1
83.93155, 31.79737, 73.354675, 53.163296, 72.42752, 74.46365, 43.744102, 43.123394
2.980139, -33.934284, -33.92783, -32.137886, 0.0, 0.0, 0.0, 0
38.99893, 22.452282, 4.866333, 47.66121, 2.8366394, 6.4699097, 23.397367, 22.760878
3.8032627, -36.1484, -36.11983, -27.731764, 0.0, 0.0, 0.0, 0
45.25293, 19.44691, 4.8661804, 43.889347, 0.6003113, 7.5345154, 12.332752, 11.668863
2.2635043, -35.568844, -34.96388, -29.467276, 0.0, 0.0, 0.0, 0
47.56064, 17.755661, 2.3513794, 41.58614, 7.3325195, 4.7976074, 8.268453, 6.6044416
1.0091015, -32.413754, -29.78147, -37.804775, 0.0, 0.0, 0.0, 2
29.266937, 17.276798, 13.477386, 41.150326, 25.439697, 10.25769, 7.5868015, 5.760248
0.67923653, -28.542194, -21.545088, -49.91272, 0.0, 0.0, 0.0, -1
0.3065796, 16.600597, 32.571625, 40.82491, 53.57335, 37.483215, 6.029516, 4.704268
0.13215062, -30.339306, -16.836027, -52.82467, 0.0, 0.0, 0.0, -1
4.9346313, 22.359465, 23.221863, 40.759563, 12.36972, 28.620026, 4.597252, 5.3483047
3.1692564E-4, 0.0, 0.0, 0.0, 67.10863, 32.235085, -0.65628695, 5
4.980438, 22.043945, 24.271576, 40.759563, 12.975067, 29.036957, 4.5930457, 5.3728123
6.825057E-4, 0.0, 0.0, 0.0, 65.95348, 33.77354, 0.27297676, -1
4.9056396, 21.627607, 25.890564, 40.759563, 14.17804, 30.494568, 4.590436, 5.341198
0.0010425261, 0.0, 0.0, 0.0, 66.988785, 32.992188, -0.019030936, 5
4.904297, 21.152882, 28.470215, 40.759563, 16.419098, 33.287476, 4.5984063, 5.2684917
0.0015143873, 0.0, 0.0, 0.0, 66.47762, 33.173683, 0.3486926, -1
167.17075, 13.727023, 146.56677, 53.06074, 157.90607, 144.73929, 21.458313, 15.168043
0.002914583, 0.0, 0.0, 0.0, -37.60272, -18.800829, -43.596455, 5
127.16083, 13.410399, 99.46179, 53.063976, 111.01953, 97.63623, 21.85867, 15.171255
0.52824473, -34.97241, -34.592525, -30.435068, 0.0, 0.0, 0.0, -1
70.48158, 13.806591, 52.35228, 53.065285, 63.90883, 50.527878, 21.861296, 15.172548
2.7563195, -34.76053, -34.335632, -30.90384, 0.0, 0.0, 0.0, 0
21.315521, 12.391476, 4.9613647, 51.31316, 16.915253, 3.2391052, 17.072329, 9.891785
2.5636246, -33.94809, -33.991062, -32.06085, 0.0, 0.0, 0.0, 1
19.962982, 11.824655, 4.961334, 50.567596, 17.177399, 3.2614136, 15.267303, 8.4270935
2.775844, -32.811783, -30.105104, -37.083115, 0.0, 0.0, 0.0, 2
25.909668, 10.019577, 41.147552, 48.78787, 34.80423, 45.270813, 12.122383, 4.6995487
3.3035154, -37.191605, -22.46083, -40.347565, 0.0, 0.0, 0.0, 2
45.858, 8.995746, 55.979492, 48.033348, 58.84305, 68.68683, 9.762555, 3.927201
2.1581922, -43.07384, -16.553999, -40.372166, 0.0, 0.0, 0.0, 0
24.859436, 7.816279, 26.890533, 47.020367, 43.297592, 52.777817, 7.737265, 3.0750234
0.6772667, -47.93215, -10.368744, -41.699104, 0.0, 0.0, 0.0, -1
4.936371, 5.7630267, 21.928986, 46.357018, 20.338531, 24.284943, 6.092288, 4.5393305
1.7039856E-4, 0.0, 0.0, 0.0, 52.058537, 40.50869, 7.4327736, -1
12.948746, 13.874952, 82.73132, 46.607727, 7.702942, 2.057129, 18.646315, 16.967613
1.9598697, -74.817505, -16.936745, 8.245759, 0.0, 0.0, 0.0, 0
115.17531, 6.406295, 4.8727417, 43.917828, 73.97998, 72.23489, 13.089085, 8.049771
3.7999105, -60.551117, 0.7591975, 38.68969, 0.0, 0.0, 0.0, 0
129.6933, 7.7814226, 4.8727875, 41.664234, 82.70804, 61.75624, 8.8459425, 4.3907084
3.1544724, -49.965553, 10.456741, 39.577705, 0.0, 0.0, 0.0, 0
141.65399, 10.175192, 4.769516, 38.63586, 102.13539, 58.869858, 5.7392488, 2.470305
2.8507493, -28.090044, 31.86675, 40.0432, 0.0, 0.0, 0.0, 0
169.94205, 13.547278, 33.02112, 35.832676, 120.21733, 66.70479, 1.9730982, 3.4056554
1.5652014, -33.751408, 16.382454, 49.86614, 0.0, 0.0, 0.0, 0
158.31847, 14.263974, 28.674026, 35.40972, 102.374466, 61.459564, 1.9086549, 3.5376089
0.58140224, -35.120003, -7.6592603, 57.220737, 0.0, 0.0, 0.0, -1
124.94307, 15.589316, 6.9459076, 34.821625, 76.83264, 30.324509, 2.6706698, 3.7887366
0.0049544354, 0.0, 0.0, 0.0, 31.787209, 15.642158, -52.570637, 5
63.01024, 16.559765, 45.20706, 34.818108, 93.89302, 38.973434, 4.6078873, 4.5293226
0.0021083024, 0.0, 0.0, 0.0, -62.650715, -22.316921, -15.032368, 3
34.547348, 18.811548, 61.326492, 34.817055, 87.37636, 61.95659, 5.693303, 5.0529027
0.0015159769, 0.0, 0.0, 0.0, 36.481327, 15.731432, -47.787243, 5
4.991852, 22.90414, 72.10394, 33.961777, 6.5110016, 5.1365204, 20.58053, 22.08973
4.1769133, -7.3481016, -46.16297, -46.488926, 0.0, 0.0, 0.0, 2
4.85643, 21.736256, 73.993805, 33.961777, 9.012756, 9.355545, 20.604393, 22.198124
4.56031, -11.651642, -44.719395, -43.628963, 0.0, 0.0, 0.0, 1
169.41711, 12.435244, 43.678055, 23.642971, 71.10394, 127.58504, 2.507339, 2.5196645
1.8262775, -27.633902, 18.905119, 53.460987, 0.0, 0.0, 0.0, 0
4.4824524, 20.505123, 63.179123, 22.361729, 63.622528, 87.82037, 3.5968971, 2.677972
0.0, 0.0, 0.0, 0.0, -44.765884, -53.67052, 1.563596, 4
4.9650116, 21.538555, 60.807632, 22.361729, 57.765854, 80.43567, 3.7379074, 2.720253
0.0, 0.0, 0.0, 0.0, -49.920826, -49.357235, -0.7219394, 3
4.104553, 27.135794, 43.162735, 22.361729, 37.71733, 51.96199, 4.1561117, 2.8041584
0.0, 0.0, 0.0, 0.0, 65.59379, 32.661457, 1.7447491, -1
4.988861, 26.009018, 48.16864, 22.361729, 42.23285, 56.690292, 4.1420016, 2.7952385
0.0, 0.0, 0.0, 0.0, 66.72619, 33.209373, -0.06443455, 5
4.960449, 20.556505, 75.691956, 46.37945, 49.923233, 8.931931, 19.347715, 20.501253
4.3731966, -11.709232, -40.178684, -48.11208, 0.0, 0.0, 0.0, 2
105.19324, 6.203174, 4.9378967, 42.80623, 22.598969, 63.12645, 6.1980395, 8.258842
2.3952255, -52.14017, -0.310866, 47.54896, 0.0, 0.0, 0.0, 0
137.59854, 7.045534, 12.000671, 40.83746, 23.614319, 99.89967, 4.267422, 5.1927185
2.9272115, -27.562246, 23.711182, 48.72657, 0.0, 0.0, 0.0, 0

NONPOS KNOWLEDGE:
4.800171, 18.84896, 79.57739, 38.67533, 65.947205, 95.36963, 4.7358904, 5.387187
2.7208927, 4.7973843, 22.32579, -72.87683, 0.0, 0.0, 0.0, 2
5.515931, 13.80135, 91.85389, 39.857525, 90.39399, 106.25965, 4.58682, 5.4003024
0.001652811, 0.0, 0.0, 0.0, -34.894436, -15.596622, 49.50894, 3
65.475586, 12.981186, 28.88684, 39.85656, 6.133606, 43.30298, 5.2155614, 5.3996453
5.9147186, -20.722103, 25.026503, 54.251392, 0.0, 0.0, 0.0, 0
159.85355, 17.616493, 67.62637, 35.49264, 140.57318, 146.18036, 14.7664385, 9.472169
6.3251157, -8.464529, 44.692574, 46.84289, 0.0, 0.0, 0.0, 0
162.4547, 23.940353, 77.833725, 36.386864, 150.66924, 159.29161, 22.288736, 18.98352
0.52932954, -7.743671, 45.304436, 46.95189, 0.0, 0.0, 0.0, -1
109.32349, 24.250937, 24.804443, 36.268845, 96.57388, 103.66154, 22.56154, 19.667818
0.007579869, 0.0, 0.0, 0.0, 24.644985, -23.239552, -52.115463, 5
77.92773, 24.251081, 6.591797, 36.268665, 65.64639, 71.208534, 22.343016, 19.611635
9.784574E-4, 0.0, 0.0, 0.0, 42.233517, -16.468323, -41.298157, -1
15.225681, 24.25059, 69.295044, 36.26834, 3.0483468, 6.477772, 22.321661, 19.630047
8.966283E-4, 0.0, 0.0, 0.0, 49.129295, -5.9623027, -44.90841, -1
151.43318, 41.40705, 137.37407, 51.489174, 168.47173, 152.8373, 50.924465, 20.862068
0.5645453, 27.563126, 36.153606, 36.283264, 0.0, 0.0, 0.0, -1
119.75561, 42.298546, 169.51163, 52.10542, 161.79843, 179.10226, 52.76938, 20.527582
4.2350013E-5, 0.0, 0.0, 0.0, -32.91241, -22.191362, -44.896225, 5
104.03455, 42.298977, 174.76717, 52.105446, 146.37395, 164.2322, 52.87783, 20.344818
0.0, 0.0, 0.0, 0.0, -40.004982, -19.990257, -40.00476, 3
88.35456, 42.299355, 159.087, 52.105446, 130.69717, 148.60056, 52.87776, 20.333464
6.7196765, -18.188997, -30.466139, -51.34486, 0.0, 0.0, 0.0, 2
3.690113, 34.284534, 74.27092, 49.421944, 41.75505, 64.873795, 45.681625, 16.607317
4.885603, -13.086672, -32.33572, -54.577606, 0.0, 0.0, 0.0, 2
0.8148346, 25.35196, 82.756035, 47.2501, 38.96859, 55.04339, 32.98337, 13.148461
1.778902, -9.700041, -38.203255, -52.096706, 0.0, 0.0, 0.0, 2
3.24712, 23.206783, 84.81881, 46.918633, 37.03811, 48.459526, 29.381931, 12.961272
0.4991286, -8.89714, -40.32133, -50.78153, 0.0, 0.0, 0.0, -1
69.341286, 12.899367, 13.705139, 37.213375, 20.229279, 10.583466, 7.8614826, 4.469351
2.8968797, -26.71012, -17.05611, -56.23377, 0.0, 0.0, 0.0, 2
17.120329, 11.462774, 67.86365, 36.50166, 64.91199, 77.90628, 6.7784495, 4.2876735
2.0201254, -17.169693, 2.6311312, -80.19917, 0.0, 0.0, 0.0, 2
6.291375, 7.309804, 81.966034, 36.066944, 87.48822, 107.320496, 5.8694544, 4.4406605
0.45963597, -11.11228, 14.887595, -74.00013, 0.0, 0.0, 0.0, -1
23.966473, 7.1982875, 66.677, 36.015884, 75.592834, 96.30783, 5.870917, 4.585811
0.045316488, 0.0, 0.0, 0.0, -30.843405, -21.974693, 47.181904, 3
41.07135, 7.480685, 51.073914, 36.00894, 60.357056, 81.1525, 5.8715134, 4.602242
0.002442732, 0.0, 0.0, 0.0, -16.101582, -27.094152, 56.804268, 4
57.954525, 7.7872806, 35.363647, 36.008453, 44.648346, 65.44214, 5.871491, 4.602195
0.6161474, -20.503063, -33.98739, 45.50955, 0.0, 0.0, 0.0, -1
74.85085, 8.098741, 19.557068, 36.00796, 28.843384, 49.635406, 5.8714185, 4.60213
2.451917, -20.74832, -28.596535, 50.65515, 0.0, 0.0, 0.0, 1
91.54718, 8.407949, 3.8556519, 36.007477, 13.143463, 33.933746, 5.871365, 4.6020474
7.494787, -24.251974, 6.8537264, 68.8943, 0.0, 0.0, 0.0, 0
167.0752, 12.569088, 70.566055, 35.4284, 120.24107, 97.1216, 6.7993436, 6.195956
8.893185, -10.768742, 42.177315, 47.05394, 0.0, 0.0, 0.0, 0
156.31705, 21.287312, 75.71617, 31.81986, 144.01665, 144.24815, 18.797298, 13.642484
3.8958263, -4.600183, 46.43772, 48.9621, 0.0, 0.0, 0.0, 0
158.4554, 23.922943, 80.69014, 31.485018, 146.87738, 151.3524, 21.976921, 17.346127
1.5562292, -2.4358518, 47.689392, 49.874756, 0.0, 0.0, 0.0, 0
149.86183, 24.762625, 73.117294, 31.434753, 138.7448, 144.94316, 22.752506, 19.030743
0.55284834, 5.88668, 46.3157, 47.79761, 0.0, 0.0, 0.0, -1
87.47954, 25.420185, 11.5625305, 31.41286, 76.70011, 81.25993, 23.36303, 19.825655
0.009430793, 0.0, 0.0, 0.0, 33.79662, -20.330013, -45.873367, 5
4.917923, 13.198656, 131.59003, 19.030115, 122.46403, 147.43106, 4.405248, 3.0814035
3.856992, 22.90338, 36.863853, -40.232765, 0.0, 0.0, 0.0, 2
33.687202, 6.7882156, 120.15972, 20.289598, 108.41253, 174.51544, 3.0464642, 3.9006464
8.3163805, -6.1055975, 53.15908, 40.73532, 0.0, 0.0, 0.0, 0
152.70923, 7.054209, 84.97633, 20.254902, 150.4008, 167.81406, 5.279898, 8.919014
8.366772, 9.332424, 47.737896, 42.92968, 0.0, 0.0, 0.0, -1
169.0791, 16.948595, 112.485596, 20.889965, 178.51614, 173.87163, 14.737735, 18.050741
4.566988, 19.827028, 40.103737, 40.069233, 0.0, 0.0, 0.0, -1
123.65828, 25.018345, 178.16673, 24.586695, 131.34293, 135.03014, 23.089128, 23.622208
0.0014454554, 0.0, 0.0, 0.0, -39.2163, -20.862999, -39.9207, 5
4.923752, 6.078129, 49.70613, 41.437515, 61.819626, 44.762466, 4.6448326, 5.2571054
4.3528102E-4, 0.0, 0.0, 0.0, 65.03495, 34.350864, -0.614187, 5
4.898361, 5.55808, 62.44261, 41.437733, 74.43138, 58.10356, 4.597195, 5.3113427
2.8354778E-5, 0.0, 0.0, 0.0, -38.001213, -16.641483, 45.357304, 3
21.367767, 4.7478914, 51.041656, 41.43777, 56.0401, 43.513763, 4.1144204, 5.4664025
0.0, 0.0, 0.0, 0.0, -20.605524, 8.883824, 70.51065, 3
37.33905, 4.7077866, 35.35405, 41.43777, 21.712296, 15.282211, 3.5866425, 5.10673
5.397047, -31.791819, 22.373941, 45.834244, 0.0, 0.0, 0.0, 0
129.258, 5.8978677, 45.51602, 40.57343, 105.11105, 96.46185, 7.8297577, 8.480593
9.328723, -16.063278, 38.051167, 45.885555, 0.0, 0.0, 0.0, 0
165.14177, 19.969057, 76.79599, 34.096497, 154.48459, 151.20795, 19.542374, 18.375666
3.6759613, -8.427726, 43.769245, 47.803024, 0.0, 0.0, 0.0, 0
135.78882, 25.238, 53.94615, 35.282974, 123.73869, 125.71088, 24.099108, 22.724754
0.2999211, 0.9450869, 48.854572, 50.200348, 0.0, 0.0, 0.0, -1
104.2682, 25.475052, 22.734253, 35.28224, 91.90199, 94.38429, 24.176474, 22.971859
0.0011811442, 0.0, 0.0, 0.0, 27.19323, -22.684078, -50.12269, 5
72.8721, 25.476152, 8.661728, 35.28197, 60.18004, 63.07698, 24.038439, 22.984638
1.9427712E-4, 0.0, 0.0, 0.0, 41.792046, -16.728783, -41.47917, -1
0.15213013, 15.772397, 109.64107, 23.780127, 136.11913, 152.8138, 5.8488517, 5.8342175
2.2293684, 52.697266, 37.313, 9.989738, 0.0, 0.0, 0.0, -1
67.45507, 13.441524, 173.41553, 23.995205, 133.91364, 111.493385, 4.2809763, 3.088169
2.2131, 51.56783, 32.092415, 16.339756, 0.0, 0.0, 0.0, -1
92.748825, 13.61579, 172.79036, 25.652222, 141.46475, 126.29111, 6.7635636, 2.7915807
3.95347, -7.9557157, 33.30347, 58.740818, 0.0, 0.0, 0.0, 0
163.14154, 15.5854025, 86.47803, 25.32681, 146.77907, 148.9301, 13.883091, 8.699555
5.9055767, -5.5196266, 44.83453, 49.645847, 0.0, 0.0, 0.0, 0
150.9112, 16.891535, 78.32922, 24.849075, 136.05998, 127.689926, 17.160337, 14.578444
5.2123375, 8.773901, 44.178917, 47.04718, 0.0, 0.0, 0.0, -1
157.44606, 22.272709, 93.1358, 24.923336, 146.99481, 144.39651, 21.958046, 20.046856
3.07922, 14.507235, 42.41716, 43.075603, 0.0, 0.0, 0.0, -1
148.47766, 23.99393, 86.91411, 25.238829, 137.16895, 136.42252, 23.381392, 21.655025
0.40498233, 10.985846, 42.99086, 46.023296, 0.0, 0.0, 0.0, -1
85.8568, 24.650448, 25.352783, 25.390171, 73.714905, 75.68938, 23.68763, 22.324291
0.0012249221, 0.0, 0.0, 0.0, 11.754496, -25.578066, -62.667442, 5
22.82135, 24.651133, 37.68268, 25.390162, 9.914902, 12.599472, 23.468338, 22.292027
3.223614E-5, 0.0, 0.0, 0.0, 45.83383, -10.4464035, -43.719765, -1
0.2614746, 6.972884, 104.94409, 52.91812, 135.92316, 104.506805, 43.18445, 43.165844
8.183849E-4, 0.0, 0.0, 0.0, -38.318264, -16.809723, 44.872013, 3
93.64288, 9.920426, 26.286041, 49.39081, 55.477997, 23.800476, 35.93308, 35.947792
0.24765143, -11.180659, -26.261381, 62.55796, 0.0, 0.0, 0.0, -1
111.69289, 10.3630495, 10.490952, 49.39081, 39.276108, 7.4799347, 34.483932, 34.51164
6.1645412, -7.1841607, -18.813791, 74.002045, 0.0, 0.0, 0.0, 1
165.13666, 14.8341465, 80.47507, 48.915016, 58.203003, 92.10608, 23.697662, 26.090513
7.445965, -0.52943945, -2.8977015, 96.57286, 0.0, 0.0, 0.0, 1
157.41437, 16.576286, 92.49774, 48.800415, 73.78653, 107.56151, 21.593021, 25.173006
4.1236415, 6.0068974, 21.979643, 72.01346, 0.0, 0.0, 0.0, -1
158.14294, 24.643385, 107.38022, 49.147003, 123.563034, 149.42035, 16.024456, 22.734617
0.48274943, 7.837066, 36.11578, 56.04716, 0.0, 0.0, 0.0, -1
95.732376, 25.417694, 171.06337, 49.252316, 160.89455, 139.47229, 15.757458, 22.499388
1.1444092E-5, 0.0, 0.0, 0.0, -33.365654, -25.100513, -41.533833, 5
64.16197, 25.4177, 157.36624, 49.252304, 123.95726, 104.22531, 15.657133, 22.216654
0.0, 0.0, 0.0, 0.0, -37.747955, -24.539423, -37.712624, 3
14.973816, 14.268708, 76.0497, 36.847576, 110.08644, 97.92619, 6.0315404, 7.850072
0.002381652, 0.0, 0.0, 0.0, -33.746452, -0.86326516, 65.39029, 3
59.904587, 13.74074, 28.578247, 36.8469, 64.35298, 15.4231415, 4.578367, 6.6719246
0.0013846578, 0.0, 0.0, 0.0, 23.740347, 31.35995, 44.8997, -1
86.51659, 13.396932, 2.8796082, 36.84651, 34.45775, 38.20253, 3.6238344, 7.683774
6.601955, -29.975018, 18.852459, 51.172523, 0.0, 0.0, 0.0, 0
48.119873, 3.6538372, 55.68866, 45.479355, 60.09436, 73.42575, 4.4709396, 6.148106
0.20371336, -40.312935, -25.999632, -33.687435, 0.0, 0.0, 0.0, -1
19.07498, 3.5145948, 87.33493, 45.370808, 90.13455, 101.54416, 4.71607, 6.056188
0.0019765405, 0.0, 0.0, 0.0, -38.472534, -23.07053, 38.45694, 3
41.18552, 3.5160782, 65.19205, 45.370308, 60.51895, 68.52951, 4.9949102, 6.381969
0.001118131, 0.0, 0.0, 0.0, -33.93167, -14.615562, 51.452763, 3
56.898388, 3.516535, 49.478363, 45.370197, 41.3154, 49.862396, 5.1866364, 6.5261464
6.6082476E-4, 0.0, 0.0, 0.0, -19.858372, -3.6472504, 76.49438, 3
72.56594, 3.5169632, 33.809784, 45.370102, 22.412231, 31.431091, 5.3578954, 6.647511
5.040005, -32.355507, 6.876281, 60.76821, 0.0, 0.0, 0.0, 0
173.66841, 18.951195, 83.96126, 41.620155, 160.07292, 163.0167, 17.274872, 17.215887
4.9653616, -4.8033824, 46.56358, 48.63304, 0.0, 0.0, 0.0, 0
172.43616, 22.229813, 82.08945, 39.37451, 163.28357, 159.94908, 19.682621, 20.758621
3.23603, -2.1329005, 48.290817, 49.57628, 0.0, 0.0, 0.0, 0
172.53581, 23.135527, 83.40854, 39.338818, 163.40788, 160.69632, 20.349407, 21.598328
1.8560084, 0.31697363, 49.608734, 50.07429, 0.0, 0.0, 0.0, -1
155.76965, 24.94314, 69.09805, 39.32959, 146.07806, 144.78696, 21.847784, 23.355858
0.43434843, 1.2768238, 49.0383, 49.684875, 0.0, 0.0, 0.0, -1
124.45251, 25.387121, 38.38556, 39.339066, 114.36961, 113.7703, 22.214645, 23.789469
0.020019036, 0.0, 0.0, 0.0, 26.007145, -22.858677, -51.134182, 5
0.24516296, 16.282894, 114.17027, 45.375526, 137.62602, 115.87004, 7.548683, 4.8129625
0.018852977, 0.0, 0.0, 0.0, 29.797623, 2.968165, 67.23421, -1
31.154358, 15.089407, 145.62009, 45.3891, 167.866, 111.07916, 7.356994, 4.291499
0.0023543604, 0.0, 0.0, 0.0, -24.840012, 15.231299, 59.928684, 3
79.35619, 14.038586, 167.15115, 45.3892, 178.51785, 116.30782, 4.8135366, 6.664827
5.724296, -13.209905, 38.24294, 48.547157, 0.0, 0.0, 0.0, 0
174.37854, 22.505043, 95.52725, 42.899387, 168.32101, 174.34245, 20.077692, 20.895567
0.57623315, -2.1264486, 48.254868, 49.618683, 0.0, 0.0, 0.0, -1
112.66476, 23.430311, 158.32977, 42.846443, 127.60398, 123.55845, 20.572275, 21.818985
0.0017739831, 0.0, 0.0, 0.0, -28.563583, -23.679136, -47.75728, 5
81.15741, 23.43033, 170.16107, 42.8468, 95.02539, 92.050446, 20.475962, 21.818539
0.0018652009, 0.0, 0.0, 0.0, -40.167107, -19.668623, -40.164272, 3
49.762848, 23.430292, 138.76541, 42.846905, 61.34088, 60.233627, 20.598963, 22.136576
0.0019914368, 0.0, 0.0, 0.0, -40.71724, -17.699238, -41.58352, 5
4.869858, 30.288235, 74.65941, 23.91663, 90.5562, 68.942, 2.840264, 3.8275404
0.25638378, 46.498955, 46.40114, 7.099905, 0.0, 0.0, 0.0, -1
4.869858, 29.418331, 74.65941, 25.695509, 91.112595, 84.16736, 4.0294986, 3.2317438
4.9613748, 17.344267, 34.824524, -47.83121, 0.0, 0.0, 0.0, 2
5.273712, 26.725327, 74.962494, 24.167675, 109.61932, 70.13556, 1.5953884, 4.103662
4.0997677, 32.355103, 43.434944, -24.209957, 0.0, 0.0, 0.0, 2
14.532135, 20.34043, 53.331757, 27.891077, 46.4982, 43.747757, 1.604413, 9.11633
0.5313479, 16.468039, 45.723995, 37.80797, 0.0, 0.0, 0.0, -1
43.75786, 18.873661, 23.001526, 28.414566, 36.632187, 0.63568115, 2.138389, 10.715078
5.3592224, -20.04507, 36.115295, 43.839634, 0.0, 0.0, 0.0, 0
136.58722, 19.27366, 68.58136, 26.945345, 136.20883, 118.879974, 10.435076, 16.674711
4.7814035, -8.227175, 44.157764, 47.615063, 0.0, 0.0, 0.0, 0
142.25551, 21.156908, 76.35675, 26.13202, 139.03654, 129.51546, 15.77044, 20.251558
2.4199314, -4.756064, 45.806385, 49.437553, 0.0, 0.0, 0.0, 0
141.374, 23.322666, 77.93439, 25.860708, 136.45915, 129.71698, 17.8516, 21.862476
0.5502955, -4.8358345, 45.47175, 49.692417, 0.0, 0.0, 0.0, -1
110.45769, 23.737545, 47.480896, 25.82452, 104.76001, 99.04361, 18.212006, 22.219307
0.022776116, 0.0, 0.0, 0.0, 6.534729, -28.830675, -64.6346, 5
47.58287, 23.791924, 15.336914, 25.816334, 39.768066, 36.19928, 18.289616, 22.265903
0.0022859247, 0.0, 0.0, 0.0, 42.577774, -14.848809, -42.573418, -1
16.289505, 23.791222, 46.63086, 25.816034, 7.4789124, 4.904892, 18.3464, 22.26553
0.0022862733, 0.0, 0.0, 0.0, 48.364063, 3.2921479, -48.34379, 5
161.93541, 54.15405, 20.465973, 0.6363009, 101.417114, 167.29259, 18.46831, 30.062813
2.2065431E-4, 0.0, 0.0, 0.0, 42.800903, -18.710247, -38.488853, -1
103.60952, 54.776356, 114.956604, 0.63644785, 171.9244, 85.708664, 18.342302, 34.793804
8.4818376E-4, 0.0, 0.0, 0.0, 32.15821, -19.596294, -48.24549, 5
31.543728, 41.764748, 177.5904, 0.6440196, 32.37427, 36.88609, 37.073826, 39.861603
0.75090396, 40.81029, -28.870604, -30.319107, 0.0, 0.0, 0.0, -1
31.89862, 41.44352, 176.47833, 0.64407355, 32.569954, 38.101852, 36.699917, 39.512535
7.532996, 43.778065, -26.699919, -29.522017, 0.0, 0.0, 0.0, 2
44.90866, 32.40699, 176.42017, 10.719608, 47.507225, 52.95098, 27.78948, 32.48971
9.224176, 58.57482, -16.768976, -24.6562, 0.0, 0.0, 0.0, 2
58.82558, 27.433079, 178.34814, 17.980705, 64.0462, 71.6624, 23.309515, 26.330374
9.0281105, 83.901505, -0.3812132, -15.717277, 0.0, 0.0, 0.0, 2
71.30658, 25.239481, 178.94936, 23.575298, 79.184784, 85.12073, 21.870077, 24.427292
7.086026, 83.13001, 13.998715, -2.8712704, 0.0, 0.0, 0.0, 2
80.89766, 24.060528, 179.99997, 27.25487, 90.56334, 95.01779, 21.213938, 24.355812
3.5099704, 66.83026, 23.436901, 9.732836, 0.0, 0.0, 0.0, -1
70.84752, 24.648428, 151.55943, 34.596878, 81.74231, 84.70853, 22.989204, 25.154799
0.2955415, 59.83649, 26.24819, 13.9153185, 0.0, 0.0, 0.0, -1
39.8898, 24.716883, 119.911316, 34.88746, 50.786713, 54.129654, 23.109484, 25.005968
0.0031253528, 0.0, 0.0, 0.0, -40.511242, -19.706799, -39.78196, 3
93.02376, 19.772182, 125.44411, 42.765717, 152.4132, 86.26253, 36.5417, 14.793438
5.834471, 37.935993, 33.73879, 28.32522, 0.0, 0.0, 0.0, -1
119.18568, 24.768892, 145.84102, 49.12484, 177.86131, 168.94405, 36.3951, 12.255571
0.17460322, 30.563753, 41.362244, 28.074001, 0.0, 0.0, 0.0, -1
87.90901, 24.883514, 177.57358, 49.248688, 149.00876, 152.6524, 35.428333, 12.400573
0.0023788211, 0.0, 0.0, 0.0, -36.22255, -26.437962, -37.339493, 5
24.869152, 24.883009, 119.38836, 49.248066, 82.59612, 76.04626, 33.15744, 12.932054
0.0024777686, 0.0, 0.0, 0.0, -33.89551, -32.20214, -33.90235, 5
5.050209, 19.9821, 123.77356, 30.00082, 148.06488, 161.69513, 9.058651, 6.563154
0.2903392, 21.55691, 37.23862, -41.20447, 0.0, 0.0, 0.0, -1
10.514938, 19.100662, 139.93268, 30.148851, 164.77527, 174.32559, 9.296407, 5.4611535
0.0029349045, 0.0, 0.0, 0.0, 1.5051961, -20.556097, 77.938705, 4
26.223381, 18.50297, 155.64667, 30.1493, 179.50494, 176.81134, 9.297605, 4.0971866
5.4498134, 26.54857, 29.740433, 43.710995, 0.0, 0.0, 0.0, -1
111.69456, 16.738085, 128.86766, 30.831036, 144.32527, 144.66557, 5.6547127, 5.8210783
6.686077, 17.650316, 43.57757, 38.772106, 0.0, 0.0, 0.0, -1
149.21635, 19.987295, 116.07295, 32.8898, 171.90675, 165.79077, 11.164803, 14.308845
3.8967528, 18.914879, 42.058914, 39.026207, 0.0, 0.0, 0.0, -1
156.05818, 22.843819, 122.00325, 34.4535, 167.38219, 168.12875, 15.365106, 20.801863
1.8600456, 19.821089, 41.27531, 38.9036, 0.0, 0.0, 0.0, -1
156.49825, 23.757748, 123.732346, 34.903675, 164.18402, 168.24324, 17.132229, 21.943806
0.5595312, 20.331722, 40.847694, 38.820587, 0.0, 0.0, 0.0, -1
93.938034, 24.60915, 171.77791, 35.339855, 100.91753, 105.28612, 18.814518, 22.833038
0.0015918803, 0.0, 0.0, 0.0, -40.001945, -19.998486, -39.999565, 3
9.837578, 15.812649, 68.46631, 35.341522, 17.767479, 14.196169, 18.195807, 22.234217
0.0, 0.0, 0.0, 0.0, -79.487, -0.15665014, 20.356352, 3
9.8433895, 15.056755, 61.75571, 35.341522, 15.161287, 10.0867405, 17.689537, 21.5545
0.5072588, -86.33621, -9.657329, -4.00646, 0.0, 0.0, 0.0, -1
2.6445332, 14.992972, 49.02162, 35.341522, 3.5693874, 0.9194641, 17.579128, 21.77833
4.6840982, -64.21564, 10.495817, 25.288546, 0.0, 0.0, 0.0, 0
67.343704, 14.972415, 14.218811, 34.926537, 56.477398, 49.981323, 17.113066, 20.907675
8.942898, -37.823284, 21.58934, 40.587376, 0.0, 0.0, 0.0, 0
127.868965, 18.0837, 58.474762, 29.926619, 112.61063, 106.058525, 18.093994, 17.181978
3.6187072, -20.450846, 34.08674, 45.462418, 0.0, 0.0, 0.0, 0
133.25171, 20.545816, 64.795166, 28.14021, 122.51692, 117.83862, 20.013952, 20.011295
0.7362049, -53.86022, 15.100816, 31.038963, 0.0, 0.0, 0.0, -1
117.292854, 20.197071, 50.31076, 27.95791, 108.212006, 102.99291, 20.071058, 20.103323
5.876237, -29.103771, -37.744987, -33.15124, 0.0, 0.0, 0.0, 1
39.652817, 15.983573, 31.143412, 26.217102, 31.974081, 23.559576, 16.395842, 16.59179
8.406549, -26.065361, -45.300697, -28.63394, 0.0, 0.0, 0.0, 1
62.85294, 7.775945, 54.979206, 21.463533, 37.302387, 22.294857, 8.339663, 7.9465213
3.4269717, -34.43476, -64.3542, 1.2110287, 0.0, 0.0, 0.0, 1
123.35655, 5.8462644, 56.436886, 19.621487, 85.43796, 43.883526, 4.286406, 2.9900403
0.59454167, -40.981804, 27.571875, 31.446323, 0.0, 0.0, 0.0, -1
137.47775, 5.6369996, 61.73668, 19.480488, 97.96022, 35.35408, 3.608543, 1.8400495
1.0481377, -31.55306, 55.912407, 12.5345335, 0.0, 0.0, 0.0, 0
149.06073, 5.454248, 58.425888, 19.307602, 105.19057, 31.210257, 3.3358128, 1.5777291
0.68217796, 47.08685, -27.086002, -25.827145, 0.0, 0.0, 0.0, -1
143.92746, 5.3904853, 65.59506, 19.203197, 98.745605, 20.692291, 3.2375672, 1.5926191
2.5253022, 70.9919, -25.019623, -3.9884903, 0.0, 0.0, 0.0, 1
135.70056, 5.3304815, 75.214355, 19.07706, 89.43146, 6.671772, 3.1535058, 1.5913712
4.7240257, 63.41448, 17.37204, 19.213476, 0.0, 0.0, 0.0, -1
110.08638, 4.870005, 104.76224, 18.943424, 63.79402, 31.218575, 2.8461921, 1.593829
6.345851, 21.373722, 37.736095, 40.890182, 0.0, 0.0, 0.0, -1
177.88948, 6.0070615, 107.048935, 22.064259, 174.80995, 133.75832, 3.6246853, 4.437726
8.706966, -9.757001, 43.654655, 46.58835, 0.0, 0.0, 0.0, 0
152.85567, 8.38485, 82.27902, 21.830767, 151.40442, 128.55515, 6.6888323, 6.5038977
9.183177, -4.998789, 47.081524, 47.91969, 0.0, 0.0, 0.0, 0
151.40727, 10.703669, 80.47669, 21.295042, 151.20511, 134.33302, 9.109883, 7.878155
8.585312, 2.1531065, 48.918503, 48.928394, 0.0, 0.0, 0.0, -1
155.8122, 15.409773, 90.46284, 20.790638, 156.52213, 148.11986, 13.8245125, 11.306491
7.110122, 13.542279, 43.0063, 43.45142, 0.0, 0.0, 0.0, -1
4.9291077, 13.317779, 86.41876, 42.71098, 86.37097, 88.743774, 6.105197, 4.5336375
1.438149, -2.6073825, 8.872368, -88.52025, 0.0, 0.0, 0.0, 2
3.509196, 8.695896, 92.86017, 42.672726, 101.027466, 118.86961, 4.3664937, 5.0232425
0.03145907, 0.0, 0.0, 0.0, -35.321476, -21.913195, 42.76533, 3
50.551308, 6.9194484, 45.715332, 42.67053, 54.929077, 72.52925, 4.377497, 5.0608315
0.0017974059, 0.0, 0.0, 0.0, -10.902163, -21.462915, 67.634926, 4
66.32782, 6.323672, 29.941772, 42.670258, 22.251007, 56.756622, 4.3409853, 5.0603514
5.6594353, -32.100807, 1.8058894, 66.0933, 0.0, 0.0, 0.0, 0
171.78363, 21.571333, 82.5977, 37.14163, 159.51501, 159.45601, 20.72678, 19.134796
4.070081, -0.93293107, 48.954803, 50.112267, 0.0, 0.0, 0.0, 0
171.9306, 22.431993, 83.94798, 37.11521, 160.37479, 159.43779, 21.474642, 19.920435
1.5963595, 1.1164767, 49.01092, 49.8726, 0.0, 0.0, 0.0, -1
4.9827423, 12.715314, 145.94537, 22.576729, 158.9672, 135.10281, 3.3149898, 3.8572142
0.7705937, 26.478334, 29.924948, -43.596718, 0.0, 0.0, 0.0, -1
4.8802567, 7.8997936, 136.99667, 22.576729, 154.01633, 128.81454, 3.291934, 3.7377307
0.78016675, 26.610216, 32.518208, -40.871574, 0.0, 0.0, 0.0, -1
24.379333, 5.4492297, 157.43803, 23.047478, 174.37318, 151.94212, 3.4996474, 3.131863
0.04398259, 0.0, 0.0, 0.0, -31.366125, -1.5952457, 67.038635, 3
66.384056, 5.0039573, 170.87492, 23.091782, 142.14568, 172.08751, 3.574548, 2.98504
0.7419101, -24.215773, -23.077614, 52.70661, 0.0, 0.0, 0.0, -1
88.453995, 4.844058, 155.12991, 23.091303, 126.39395, 178.09189, 3.5742083, 3.0571635
6.6871448, -16.419733, 25.060638, 58.51963, 0.0, 0.0, 0.0, 0
177.2799, 8.025735, 82.03705, 21.739819, 130.68242, 152.95941, 4.58345, 7.0105667
9.137315, -3.463589, 46.06261, 50.473804, 0.0, 0.0, 0.0, 0
178.70041, 9.856393, 86.85385, 21.404987, 148.87726, 159.4465, 5.8534822, 8.630057
8.824165, 8.060289, 46.194378, 45.745335, 0.0, 0.0, 0.0, -1
167.13216, 20.046074, 117.3917, 22.553228, 161.58846, 173.55652, 18.161064, 18.977106
4.333007, 22.28938, 38.53721, 39.173416, 0.0, 0.0, 0.0, -1
177.6226, 24.231613, 123.1965, 24.071295, 171.8122, 175.42442, 21.757174, 22.518528
1.634072, 23.543308, 37.908092, 38.548603, 0.0, 0.0, 0.0, -1
155.80817, 25.011936, 146.54369, 24.451015, 166.06522, 162.39792, 22.831367, 23.41319
0.52863556, 24.350212, 37.107216, 38.54257, 0.0, 0.0, 0.0, -1
124.26163, 25.38909, 178.81319, 24.640224, 134.28757, 130.58353, 23.507849, 23.939861
0.028053634, 0.0, 0.0, 0.0, -39.50183, -20.213322, -40.284843, 5
92.72926, 25.41743, 149.60117, 24.654306, 102.63632, 98.85831, 23.784761, 23.999159
0.0, 0.0, 0.0, 0.0, -40.03869, -19.923615, -40.037693, 3
29.292458, 25.417994, 86.163704, 24.654306, 39.128353, 35.431652, 24.040375, 23.669228
8.6683186E-4, 0.0, 0.0, 0.0, -43.906906, -18.409199, -37.683895, 3
12.367508, 20.115973, 97.105606, 44.547672, 102.71463, 60.15901, 42.209404, 40.92885
4.1719813, 13.631946, -11.484824, -74.88323, 0.0, 0.0, 0.0, 2
16.232544, 14.945513, 150.41739, 45.44136, 152.49057, 112.1625, 40.970722, 36.421032
0.64674926, 40.23021, 38.50828, -21.261509, 0.0, 0.0, 0.0, -1
46.99996, 14.684925, 177.74512, 45.49878, 176.51456, 142.50153, 38.06528, 33.38627
6.241456, 8.270612, 33.516212, 58.213173, 0.0, 0.0, 0.0, -1
133.70326, 15.020456, 102.638794, 45.720562, 105.75479, 147.39494, 31.230413, 28.642422
5.356311, 13.581996, 36.80905, 49.60895, 0.0, 0.0, 0.0, -1
151.49469, 23.364199, 111.62219, 47.54376, 132.64406, 166.3256, 26.170088, 28.610075
1.7255598, 15.307379, 39.73116, 44.96146, 0.0, 0.0, 0.0, -1
132.61108, 24.960049, 134.06615, 48.06748, 161.13113, 167.78802, 25.52621, 28.33152
0.4497309, 15.434286, 40.569965, 43.99575, 0.0, 0.0, 0.0, -1
101.51718, 25.341593, 165.96841, 48.199554, 163.97198, 133.781, 25.05116, 27.841583
0.013045955, 0.0, 0.0, 0.0, -35.960457, -23.829962, -40.209583, 5
4.8385468, 30.575129, 90.47405, 20.155079, 107.8516, 85.012215, 2.987415, 3.7992365
2.3276818, 11.942664, 26.67582, -61.38152, 0.0, 0.0, 0.0, 2
2.3366776, 24.923183, 99.35712, 20.60261, 18.80687, 118.84898, 4.621297, 5.083162
4.422077, 48.90005, 39.396122, 11.703825, 0.0, 0.0, 0.0, -1
81.34847, 22.183235, 176.79224, 22.143393, 95.10664, 125.14955, 12.400611, 7.350856
5.1330686, 42.660618, 36.34642, 20.992966, 0.0, 0.0, 0.0, -1
108.23398, 22.016996, 170.56471, 25.985685, 121.776566, 137.73796, 17.448702, 13.246508
2.96014, 40.503716, 35.17676, 24.319523, 0.0, 0.0, 0.0, -1
114.418076, 22.109941, 172.47884, 28.613153, 126.78436, 141.14534, 20.613972, 18.964865
1.0889398, 39.056736, 35.170017, 25.773243, 0.0, 0.0, 0.0, -1
92.49759, 22.58363, 163.52797, 29.334066, 104.65744, 116.74661, 21.205688, 20.944288
0.321036, 38.284836, 35.137363, 26.577803, 0.0, 0.0, 0.0, -1
61.79634, 22.317886, 131.86768, 29.63189, 73.85966, 83.05781, 21.366589, 22.226574
0.0021123742, 0.0, 0.0, 0.0, -41.305298, -19.868225, -38.826477, 3
30.203995, 21.72806, 100.08626, 29.633322, 42.45421, 49.088257, 21.048323, 22.60885
1.8452846, -28.763803, -37.927376, -33.308823, 0.0, 0.0, 0.0, 1
95.38799, 5.2087173, 1.809845, 41.809498, 6.038086, 2.513733, 6.141853, 4.37318
0.0017394287, 0.0, 0.0, 0.0, 39.30646, 22.135725, -38.55781, 5
65.57325, 5.164662, 33.162567, 41.809536, 23.929688, 36.568634, 5.8276963, 4.6239643
0.001731047, 0.0, 0.0, 0.0, 38.29088, 23.415836, -38.293285, 5
33.94941, 5.1646876, 64.784546, 41.80963, 54.431732, 71.834045, 5.085392, 4.5489902
7.904125E-4, 0.0, 0.0, 0.0, -36.08124, -19.633808, 44.28495, 3
63.50184, 5.1639237, 35.23294, 41.80956, 12.498688, 46.11563, 4.9743557, 5.0172167
2.2764285, -32.577614, -9.906338, 57.516045, 0.0, 0.0, 0.0, 0
89.90765, 4.923252, 3.793335, 41.80956, 25.984772, 14.676025, 5.2603383, 5.0172167
7.4754286, -25.300014, 20.970814, 53.72917, 0.0, 0.0, 0.0, 0
171.09749, 21.575403, 83.34218, 35.912796, 159.00539, 157.4477, 20.6933, 19.19978
2.9585598, 0.57136893, 49.201977, 50.226654, 0.0, 0.0, 0.0, -1
85.86019, 23.583616, 1.0690613, 35.945866, 75.062805, 73.201454, 23.1565, 21.739716
0.0029171119, 0.0, 0.0, 0.0, 35.416424, -19.2269, -45.356678, 5
54.48504, 23.571991, 30.323608, 35.94563, 44.246063, 41.84652, 22.931337, 21.641287
0.002257718, 0.0, 0.0, 0.0, 43.932953, -13.536346, -42.5307, -1
74.63779, 10.2378, 39.416412, 31.857346, 39.80362, 1.5123291, 5.080947, 5.6130104
0.5912916, -30.68724, -40.809853, -28.502903, 0.0, 0.0, 0.0, -1
25.887966, 6.201618, 92.68118, 31.444342, 98.38159, 63.003723, 4.8071527, 5.436823
0.0026080562, 0.0, 0.0, 0.0, 42.179436, 18.89684, 38.923725, -1
14.617802, 5.1317015, 129.18314, 31.442654, 130.91885, 103.4628, 4.795957, 5.6832757
0.0018621851, 0.0, 0.0, 0.0, 16.013597, 21.971807, 62.01459, -1
36.081493, 4.8388643, 144.97823, 31.442167, 143.40877, 113.890366, 4.9954724, 5.438448
8.799494E-4, 0.0, 0.0, 0.0, -27.196444, 14.706178, 58.09738, 3
87.44302, 4.6786504, 167.84935, 31.440804, 178.13994, 150.46861, 5.6768517, 5.3359866
0.7390689, -31.238165, 7.7827997, 60.979034, 0.0, 0.0, 0.0, -1
103.23195, 4.678373, 152.06535, 31.440804, 165.11293, 166.2549, 5.882357, 5.336213
6.099398, -19.135376, 28.468386, 52.396236, 0.0, 0.0, 0.0, 0
177.91177, 14.547403, 89.476776, 28.896105, 155.29147, 161.52023, 13.371041, 12.633255
6.8821635, 2.874744, 47.602238, 49.523014, 0.0, 0.0, 0.0, -1
177.31079, 18.363169, 97.067566, 28.782103, 165.97905, 169.46118, 17.432192, 16.251816
4.7259583, 7.867853, 45.75487, 46.377274, 0.0, 0.0, 0.0, -1
176.9341, 21.959057, 104.157196, 29.135397, 169.99619, 171.33243, 20.627293, 19.10916
2.5570192, 10.506342, 44.480938, 45.01272, 0.0, 0.0, 0.0, -1
168.66791, 24.733574, 117.64218, 29.689878, 179.44295, 179.95805, 23.158737, 21.597439
0.44634765, 11.580875, 43.914906, 44.50422, 0.0, 0.0, 0.0, -1
107.91492, 26.106901, 177.90564, 29.882706, 116.436615, 117.8633, 23.789911, 22.305964
0.0016931253, 0.0, 0.0, 0.0, -41.166, -19.646276, -39.187725, 3
23.883743, 4.523737, 48.490692, 57.326073, 52.596558, 28.605469, 41.014923, 45.63884
0.4944209, -37.66392, -28.809456, 33.526623, 0.0, 0.0, 0.0, -1
39.726135, 4.52385, 32.64894, 57.325554, 36.46962, 12.682053, 39.449463, 44.071
5.9676695, -32.961803, -22.312906, 44.72529, 0.0, 0.0, 0.0, 0
135.41095, 6.258074, 48.064728, 56.0598, 47.459473, 70.11337, 30.878166, 36.274536
9.353469, -29.977768, -11.451618, 58.57061, 0.0, 0.0, 0.0, 0
156.98416, 11.369913, 58.529144, 53.308773, 66.53833, 86.53529, 24.153646, 31.4388
8.899132, -31.118, 0.010948613, 68.87105, 0.0, 0.0, 0.0, 0
158.41872, 14.551232, 62.15869, 51.687664, 79.799545, 95.586136, 20.844027, 29.014482
6.7076797, -24.835657, 14.070236, 61.094105, 0.0, 0.0, 0.0, 0
154.7769, 19.013924, 63.06482, 49.37988, 101.627655, 106.78645, 18.50811, 26.611845
3.1873608, -16.502401, 32.37381, 51.123787, 0.0, 0.0, 0.0, 0
125.61949, 22.915205, 43.56613, 47.56756, 109.35138, 104.76871, 21.26139, 24.623774
0.33762035, -13.9614105, 38.84578, 47.19281, 0.0, 0.0, 0.0, -1
93.90608, 23.137661, 12.491074, 47.480595, 78.6893, 74.6214, 21.84646, 24.939404
0.004011969, 0.0, 0.0, 0.0, 41.54479, -12.427648, -46.02757, 5
5.3918915, 3.4233844, 59.583282, 15.539817, 78.375305, 137.10567, 1.6653277, 4.703826
3.446724, -7.8171163, 67.92141, -24.261478, 0.0, 0.0, 0.0, 2
6.741379, 2.658647, 62.06961, 15.156556, 95.04158, 142.56764, 1.8498939, 5.2894726
5.5121956, 22.912949, 62.204086, 14.882965, 0.0, 0.0, 0.0, -1
138.34785, 2.805011, 118.79695, 16.074873, 150.29456, 155.65807, 5.5333056, 9.1353855
8.219333, -13.817665, 38.702503, 47.47983, 0.0, 0.0, 0.0, 0
140.05768, 7.1323524, 80.50055, 15.590544, 113.96777, 114.78613, 8.088659, 11.900729
9.150567, 11.522837, 39.94777, 48.529396, 0.0, 0.0, 0.0, -1
68.45634, 16.659126, 31.746552, 39.64093, 57.384796, 49.371155, 7.4458213, 4.125687
1.2658141, -23.96767, 13.075919, -62.95641, 0.0, 0.0, 0.0, 2
4.9939303, 16.64888, 98.10598, 38.887257, 122.14034, 108.388435, 6.4559655, 4.061874
1.0906479, 4.9173536, 29.86198, -65.220665, 0.0, 0.0, 0.0, 2
21.149685, 12.356795, 83.30881, 38.965176, 109.0018, 43.647766, 6.6677394, 3.7508907
0.0012814924, 0.0, 0.0, 0.0, -40.863556, 14.101821, 45.034626, 3
51.407875, 12.021382, 51.85132, 38.965508, 52.826324, 12.909821, 5.1301136, 5.8702908
0.0011733605, 0.0, 0.0, 0.0, -17.670454, 29.906681, 52.422863, 3
66.121315, 11.4688015, 36.055756, 38.965733, 22.482239, 31.907257, 4.9043813, 6.55337
0.49111396, -22.248043, 20.198544, 57.55341, 0.0, 0.0, 0.0, -1
80.74831, 10.989953, 20.32669, 38.966057, 3.1454773, 49.59073, 4.93899, 7.234188
4.1875, -16.766151, 34.55422, 48.679634, 0.0, 0.0, 0.0, 0
166.86967, 15.510697, 71.82446, 37.15232, 153.53818, 148.81079, 10.414555, 14.387894
6.4388156, -5.8034525, 46.48729, 47.709255, 0.0, 0.0, 0.0, 0
168.43039, 19.17408, 77.47955, 36.488148, 157.33475, 154.06833, 14.224747, 17.77591
4.6886616, -2.515078, 48.220757, 49.264164, 0.0, 0.0, 0.0, 0
169.13658, 21.474152, 81.10553, 36.25792, 158.00613, 156.43945, 16.73347, 19.952768
2.9438312, -1.0307562, 48.930542, 50.0387, 0.0, 0.0, 0.0, 0
169.59486, 23.278976, 83.97156, 36.17895, 158.51938, 157.96591, 18.868227, 21.678638
1.5804967, -0.29168433, 49.262505, 50.445812, 0.0, 0.0, 0.0, 0
169.79749, 24.182924, 85.40939, 36.174038, 158.92578, 158.64172, 19.973673, 22.548214
0.672304, -0.3290541, 49.18467, 50.48627, 0.0, 0.0, 0.0, -1
150.13264, 24.834938, 66.61926, 36.172985, 139.22824, 139.29715, 20.813944, 23.174881
0.016441721, 0.0, 0.0, 0.0, 5.852908, -29.731417, -64.41568, 5
72.23648, 6.251216, 104.82747, 22.7635, 113.96779, 163.58076, 3.2249508, 6.535161
4.3345494, 47.184776, 32.367702, -20.447514, 0.0, 0.0, 0.0, 2
14.353859, 5.887491, 167.91031, 22.763786, 166.29657, 154.16129, 3.5609212, 6.6070604
4.738092, 40.903934, 38.63914, -20.456928, 0.0, 0.0, 0.0, 2
122.16118, 5.040134, 134.25902, 25.942398, 166.93105, 139.73299, 5.092013, 9.127391
0.4058962, 34.55052, 41.35949, 24.089985, 0.0, 0.0, 0.0, -1
160.47556, 5.953899, 166.9267, 26.475088, 158.36966, 169.86111, 5.540355, 9.526922
9.6391106E-4, 0.0, 0.0, 0.0, -44.77166, -20.43541, -34.79293, 3
120.932236, 8.365714, 98.48491, 26.47408, 63.790176, 106.270004, 5.5422606, 10.350082
0.2481958, -36.39699, -31.6264, -31.976608, 0.0, 0.0, 0.0, -1
106.51373, 8.759053, 82.738525, 26.473501, 48.042877, 91.81723, 5.5420513, 10.602192
5.2464237, -44.367104, -26.941607, -28.691296, 0.0, 0.0, 0.0, 0
37.77063, 7.7617226, 0.07632446, 23.053694, 71.01929, 19.541077, 3.6458704, 8.970522
6.898595, -59.131176, 12.625976, 28.242844, 0.0, 0.0, 0.0, 0
159.83377, 24.5063, 121.704666, 21.521101, 161.5076, 153.03845, 20.646652, 22.811783
0.6068113, 24.409157, 37.67722, 37.913624, 0.0, 0.0, 0.0, -1
35.602993, 25.430271, 1.1029968, 22.104553, 28.76711, 29.108814, 21.595766, 23.700909
0.0, 0.0, 0.0, 0.0, 40.95546, -18.089083, -40.95546, -1
86.44686, 11.521103, 127.68371, 43.072777, 176.76393, 156.48439, 6.8954725, 5.545289
8.195862, 9.620113, 50.22331, 40.156578, 0.0, 0.0, 0.0, -1
141.42123, 18.241615, 107.36572, 44.10042, 168.0071, 173.41527, 15.868625, 11.9404
5.102319, 14.011455, 45.524033, 40.464516, 0.0, 0.0, 0.0, -1
147.43578, 21.810728, 112.50212, 45.163395, 171.51276, 176.40694, 19.862167, 16.015959
3.0675223, 15.569836, 44.35536, 40.074806, 0.0, 0.0, 0.0, -1
150.40933, 24.259462, 115.73776, 46.05343, 177.13133, 173.34596, 21.85211, 19.735355
1.2648182, 16.104765, 44.09901, 39.796223, 0.0, 0.0, 0.0, -1
130.60075, 25.01117, 137.28287, 46.35078, 153.37596, 150.99706, 22.599796, 20.852215
0.44065496, 16.358774, 43.885235, 39.755993, 0.0, 0.0, 0.0, -1
99.22876, 25.38077, 169.48335, 46.500957, 120.1362, 117.58429, 23.049332, 21.568027
0.037084226, 0.0, 0.0, 0.0, -33.86933, -23.132057, -42.99861, 5
67.655, 25.415785, 158.86522, 46.515324, 88.0712, 84.19798, 23.375267, 21.962622
0.0017521302, 0.0, 0.0, 0.0, -39.661686, -21.392096, -38.946217, 3
1.8379517, 20.135374, 92.94792, 34.95664, 140.41592, 127.82416, 7.255912, 7.30914
0.3166938, 2.0332754, 40.44295, -57.523773, 0.0, 0.0, 0.0, -1
13.921097, 19.32001, 109.29251, 34.968933, 159.92584, 144.04233, 6.915318, 7.3096623
0.0050390814, 0.0, 0.0, 0.0, 34.277985, 3.8730898, 61.848927, -1
46.001785, 19.113634, 140.72182, 34.96843, 157.2549, 153.49089, 4.84729, 5.681085
0.0020263551, 0.0, 0.0, 0.0, -22.515797, 7.5239873, 69.96022, 3
95.356384, 18.346865, 172.00693, 34.967125, 169.27391, 155.19963, 2.3628519, 5.958512
4.541773, -9.115874, 36.481842, 54.40228, 0.0, 0.0, 0.0, 0
175.08061, 18.471848, 96.16406, 34.635643, 162.76653, 164.65208, 7.2320356, 12.657805
5.242473, -4.9928527, 45.679504, 49.327644, 0.0, 0.0, 0.0, 0
163.85086, 20.787819, 78.42166, 34.189198, 139.53442, 149.15254, 11.895812, 16.727222
4.0406637, -2.379083, 46.70587, 50.91505, 0.0, 0.0, 0.0, 0
162.94829, 23.043642, 84.50029, 33.958042, 141.28313, 151.22658, 19.598104, 21.903782
0.6228654, 0.45235282, 47.54969, 51.997955, 0.0, 0.0, 0.0, -1
69.89136, 22.902473, 7.206436, 33.961742, 51.557556, 58.77806, 21.343618, 21.84189
0.0013191422, 0.0, 0.0, 0.0, 42.2687, -15.46131, -42.26999, 5
38.76219, 12.541373, 45.2498, 53.52967, 62.08464, 59.022842, 45.758797, 33.423244
5.7875586, -26.635447, -34.50802, 38.856533, 0.0, 0.0, 0.0, 1
144.14796, 16.40616, 53.178345, 50.84186, 36.325043, 54.29825, 40.90105, 21.372997
6.439164, -25.13603, -27.15526, 47.708714, 0.0, 0.0, 0.0, 1
147.42519, 19.323915, 56.832092, 48.99226, 41.931732, 70.83072, 35.55227, 18.039598
3.6775703, -27.113417, -13.501893, 59.384693, 0.0, 0.0, 0.0, 0
146.27843, 22.667948, 62.274826, 46.81331, 57.40689, 111.60243, 26.561628, 17.516472
1.149843, -29.993258, 0.97225636, 69.034485, 0.0, 0.0, 0.0, 0
121.838196, 23.141752, 39.168274, 46.516666, 37.317047, 94.1772, 25.2068, 18.419815
0.37033117, -28.307623, 5.913948, 65.77843, 0.0, 0.0, 0.0, -1
89.51987, 23.246271, 8.178497, 46.38673, 9.296982, 67.028854, 24.140314, 19.223932
0.0065955445, 0.0, 0.0, 0.0, 43.983944, -8.82333, -47.192726, 5

SIGNAL KNOWLEDGE:
4.4842224, 20.113756, 70.82483, 39.89848, 56.58664, 73.36948, 2.9548028, 5.386216,implicit, 1
4.8077765, 20.296726, 78.87719, 46.831818, 18.974606, 20.198818, 20.542595, 18.772497,explicit:callForPass, 0
4.984253, 25.016848, 63.162567, 24.585613, 11.818573, 13.814667, 23.948326, 22.573496,implicit, 0
4.975342, 9.167815, 42.29373, 41.436344, 54.555084, 37.525208, 4.6372695, 5.246834,implicit, 1
4.954666, 29.156887, 71.757614, 22.55027, 66.20363, 82.771484, 4.038931, 2.766858,implicit, 1
49.2949, 13.834862, 157.655, 23.894342, 138.1575, 137.51624, 3.8875263, 3.6858444,implicit, 0
4.890442, 24.65208, 55.61313, 25.390162, 8.040451, 5.0612946, 23.283648, 22.222672,implicit, 0
91.81993, 7.034107, 167.63986, 10.438619, 162.51122, 178.91008, 4.1268134, 6.2792654,implicit, 1
4.881912, 25.21837, 98.086105, 49.252304, 48.825745, 33.497665, 16.178238, 21.935623,implicit, 0
4.8494263, 22.904324, 73.40039, 30.858936, 6.0203705, 7.1700287, 20.365017, 21.870842,implicit, 0
104.56372, 12.278421, 73.359314, 55.62394, 63.47534, 93.480896, 27.630087, 52.018337,implicit, 1
17.110321, 6.24104, 48.022827, 47.837135, 56.33618, 26.427094, 4.8619556, 22.292019,implicit, 1
57.373993, 6.0378757, 18.667084, 46.64408, 15.730621, 5.975586, 4.738333, 9.251467,implicit, 1
70.35529, 4.474024, 22.906158, 46.006237, 18.842346, 28.242035, 4.693044, 7.54734,implicit, 1
4.9391575, 23.901028, 81.05533, 39.340347, 7.5612974, 5.093212, 21.71323, 22.9858,implicit, 0
4.9626846, 19.085693, 88.4597, 15.827544, 78.79634, 90.5511, 4.821371, 3.4633112,implicit, 1
60.13147, 25.543158, 33.584106, 43.928524, 32.72, 28.122528, 5.023871, 2.6137917,implicit, 1
4.3872986, 23.092405, 93.842224, 42.847992, 15.028122, 19.204987, 21.179884, 21.474188,implicit, 0
4.9370575, 23.788513, 57.98813, 25.81454, 6.391144, 7.0558624, 21.076881, 22.640425,explicit:callForPass, 0
4.893507, 24.881176, 99.415436, 49.246452, 54.667175, 38.09781, 29.163063, 15.063272,implicit, 0
9.891815, 15.30093, 63.177895, 35.341522, 15.521137, 9.066755, 17.793404, 22.168587,implicit, 0
18.512625, 14.993319, 33.152813, 35.341522, 11.218067, 11.660015, 17.481232, 21.944206,explicit:callForPass, 0
0.38165647, 13.123482, 94.083374, 42.71098, 92.55475, 97.52429, 6.113501, 4.590406,implicit, 1
6.3752975, 19.611729, 86.021736, 37.1328, 3.9919243, 7.6185503, 20.454336, 19.480288,explicit:callForPass, 0
88.453995, 4.844058, 155.12991, 23.091303, 126.39395, 178.09189, 3.5742083, 3.0571635,implicit, 0
1.067997, 21.187305, 61.825012, 24.654306, 4.9017982, 8.8560295, 22.44258, 21.810463,explicit:callForPass, 0
4.8949585, 23.236458, 97.33591, 48.212227, 46.877045, 23.682404, 21.716871, 23.850096,implicit, 0
4.8385468, 30.575129, 90.47405, 20.155079, 107.8516, 85.012215, 2.987415, 3.7992365,implicit, 1
4.8546753, 19.976225, 73.94954, 29.632574, 17.550476, 23.602371, 20.107315, 21.899275,implicit, 0
113.86478, 16.76833, 85.36911, 53.08983, 131.46753, 104.89963, 37.879944, 31.462967,implicit, 1
26.091064, 12.194584, 4.9192505, 48.925556, 53.865265, 26.32904, 21.841602, 16.490843,implicit, 1
95.38799, 5.2087173, 1.809845, 41.809498, 6.038086, 2.513733, 6.141853, 4.37318,implicit, 1
8.610325, 17.530493, 86.07464, 35.94303, 1.1522617, 5.232992, 18.832815, 17.940716,explicit:callForPass, 0
48.258427, 11.139219, 68.31686, 31.858768, 67.73876, 18.029593, 4.883141, 5.051117,implicit, 1
25.887966, 6.201618, 92.68118, 31.444342, 98.38159, 63.003723, 4.8071527, 5.436823,implicit, 1
87.44302, 4.6786504, 167.84935, 31.440804, 178.13994, 150.46861, 5.6768517, 5.3359866,implicit, 0
4.9721146, 26.831278, 67.480316, 29.881498, 15.069071, 18.369055, 25.472696, 24.670433,explicit:callForPass, 0
7.9934387, 4.5240054, 64.33362, 57.32655, 68.68582, 44.520325, 42.475986, 47.115025,implicit, 0
4.9600067, 18.923725, 76.442184, 47.477234, 9.349197, 7.8896484, 19.580439, 22.666428,implicit, 0
159.04988, 9.679292, 64.95062, 20.648087, 100.05693, 149.64752, 3.01119, 3.6102676,implicit, 1
4.9344482, 22.70675, 31.77295, 21.936382, 2.592987, 6.0463257, 21.983158, 21.0552,implicit, 0
75.76692, 16.297007, 100.87547, 53.246674, 100.67027, 120.088394, 54.851208, 30.415462,implicit, 1
75.30476, 14.792459, 111.74397, 53.021545, 112.004715, 113.68413, 54.61866, 54.156242,implicit, 1
38.184822, 17.888336, 55.92035, 40.725735, 66.05878, 67.18909, 9.446726, 4.492691,implicit, 1
7.030283, 19.895088, 83.94464, 36.168785, 6.254481, 2.021841, 19.96786, 20.523026,explicit:callForPass, 0
4.941696, 25.430271, 31.764294, 22.104553, 2.7272434, 2.15738, 22.82205, 24.398561,implicit, 0
7.063774, 21.22898, 35.610893, 22.104553, 2.1442642, 0.7733021, 21.332375, 22.459793,explicit:callForPass, 0
4.940918, 6.384419, 21.928986, 46.357018, 21.876312, 23.064545, 6.0905914, 4.5022025,implicit, 1
4.837143, 22.521557, 95.16174, 46.513416, 20.58783, 16.601852, 23.48645, 21.960619,implicit, 0
4.9826355, 32.188454, 75.0699, 34.815098, 82.11818, 70.74422, 4.2626867, 5.535173,implicit, 1
63.210503, 18.804523, 156.40222, 34.96802, 148.2616, 154.23892, 3.77482, 5.346145,implicit, 0
4.991852, 22.90414, 72.10394, 33.961777, 6.566208, 5.53421, 20.761852, 22.310602,implicit, 0
4.960449, 20.556505, 75.691956, 46.37945, 49.923233, 8.931931, 19.347715, 20.501253,implicit, 0

SHOOT KNOWLEDGE:
54.192215, 11.847187, 20.663681, 22.997026, 39.715393, 38.929016, 18.095692, 14.866112
52.75093, 12.841018, 21.05568, 23.737047, 32.213272, 36.649628, 17.65097, 16.377224
56.02359, 12.329908, 19.902649, 24.267443, 37.988434, 35.28717, 15.975371, 17.442375
49.645687, 12.256735, 23.22353, 23.402298, 53.815228, 32.504745, 15.098285, 15.508777
39.36026, 11.654639, 10.486786, 19.231112, 35.39508, 20.73526, 14.796297, 14.59744
71.017456, 19.589523, 4.9382935, 23.044718, 3.8721008, 112.74627, 24.59895, 4.1479325
151.99821, 5.859632, 4.9573364, 24.423944, 4.1723633, 110.404076, 26.002714, 4.464019
95.484924, 16.387054, 4.844879, 16.66951, 3.221405, 112.574646, 18.208054, 4.403854
47.211685, 10.851015, 14.935608, 19.596703, 41.043488, 37.10356, 14.05478, 16.429558

