POS KNOWLEDGE:
88.947845, 24.607908, 1.0492554, 36.093903, 51.34503, 77.281006, 33.612545, 22.19211
3.8053126, -67.67826, -22.10116, 10.2205715, 0.0, 0.0, 0.0, 0
99.589874, 25.037708, 1.0503235, 31.469934, 55.965485, 83.59958, 21.910627, 12.734575
3.553728, -66.862526, -16.075222, 17.062252, 0.0, 0.0, 0.0, 0
66.935844, 12.210742, 179.20996, 52.092194, 178.76059, 159.67032, 51.959465, 36.20326
0.62184453, 43.915512, 43.09366, -12.990828, 0.0, 0.0, 0.0, -1
31.901077, 12.8479185, 147.62376, 53.05748, 149.60023, 128.82912, 49.97986, 34.25289
0.0031989473, 0.0, 0.0, 0.0, -45.66438, -22.556726, 31.778887, 3
22.69069, 14.092899, 100.45976, 53.06151, 102.414536, 82.12895, 45.58703, 29.860968
0.3984411, -39.937824, -38.945175, 21.117002, 0.0, 0.0, 0.0, -1
40.586777, 14.55428, 84.74501, 53.061844, 86.69179, 66.6006, 44.116646, 28.392027
2.7741446, -38.11976, -37.08909, 24.791153, 0.0, 0.0, 0.0, 0
128.97134, 16.663431, 4.9247437, 51.15687, 6.909973, 12.976898, 33.2931, 17.786337
3.652322, -49.571144, -48.634922, 1.7939392, 0.0, 0.0, 0.0, 0
136.97922, 19.462606, 4.9248047, 47.393875, 7.0695496, 11.806808, 22.193502, 7.850687
2.6105094, -33.382374, -25.4783, 41.139324, 0.0, 0.0, 0.0, 0
166.06459, 20.507425, 30.994324, 43.404835, 44.38472, 49.54689, 8.407821, 3.9961905
3.4285126, -53.55227, 11.576797, 34.870937, 0.0, 0.0, 0.0, 0
166.28084, 21.11008, 30.874847, 42.80601, 49.224304, 51.027008, 7.4409304, 3.6743627
0.52571756, -37.660816, -34.58577, 27.753412, 0.0, 0.0, 0.0, -1
137.90167, 21.755344, 1.2320862, 41.98669, 18.92308, 17.671173, 6.434067, 3.371096
0.0014641918, 0.0, 0.0, 0.0, 39.368114, 19.203033, -41.428852, 5
4.3045807, 19.574036, 81.47762, 36.875412, 11.740818, 8.826401, 21.783735, 19.423792
3.9389179, -2.8955395, -48.26182, -48.842632, 0.0, 0.0, 0.0, 2
4.7737885, 18.265182, 82.570724, 40.773224, 10.857605, 10.4062195, 21.024006, 18.12115
1.9220889, -25.386044, -41.53826, -33.07569, 0.0, 0.0, 0.0, 1
20.737213, 11.917694, 72.92975, 39.2585, 1.3339691, 0.98272705, 15.187476, 9.709085
3.2430105, -71.10834, -13.227034, 15.664628, 0.0, 0.0, 0.0, 0
124.275, 5.907355, 17.145662, 35.92322, 109.39685, 59.50837, 11.770973, 3.9538405
2.8634152, -34.86746, 24.83839, 40.29415, 0.0, 0.0, 0.0, 0
153.23553, 6.204248, 29.670837, 30.85799, 101.295456, 59.260468, 6.6468725, 3.5673988
0.3330921, -30.936518, 19.425186, 49.638294, 0.0, 0.0, 0.0, -1
136.97624, 6.4764457, 14.475433, 30.689423, 80.07857, 37.990448, 7.2064743, 3.7829566
0.0035757127, 0.0, 0.0, 0.0, 39.069714, 17.782175, -43.14811, 5
0.74650574, 22.46308, 79.1212, 30.769094, 13.560562, 18.021637, 21.349855, 22.287582
2.9192998, -21.583294, -41.63255, -36.784157, 0.0, 0.0, 0.0, 1
15.056335, 13.625307, 70.91083, 30.12017, 0.2741394, 5.975235, 17.053692, 18.095951
7.9040966, -69.757256, -17.804314, 12.438423, 0.0, 0.0, 0.0, 0
101.22766, 5.67635, 4.9756317, 27.535475, 66.518524, 69.85537, 10.189112, 14.97331
4.913882, -60.7286, -4.7087984, 34.5626, 0.0, 0.0, 0.0, 0
163.85732, 5.0899725, 25.633907, 22.536894, 63.48883, 72.22136, 4.074744, 7.785846
3.0283475, -30.534893, 33.080154, 36.384956, 0.0, 0.0, 0.0, 0
120.25088, 5.9136963, 64.712585, 18.835009, 75.0101, 113.15371, 3.1793215, 1.7168286
0.6388375, -59.450108, -16.97121, 23.578676, 0.0, 0.0, 0.0, -1
75.08957, 4.343379, 64.83914, 18.43332, 63.243668, 71.655304, 3.5662656, 1.8543056
2.9958727, -62.392353, 17.152044, 20.455608, 0.0, 0.0, 0.0, 0
101.3674, 4.427293, 64.93414, 17.578165, 79.14473, 109.49243, 3.0861828, 1.9068707
3.2380352, -31.096876, 31.099424, 37.8037, 0.0, 0.0, 0.0, 0
160.75629, 6.767511, 58.422714, 14.041833, 88.28518, 140.64114, 2.7519724, 2.8546154
3.1291242, -35.587822, 31.078444, 33.333733, 0.0, 0.0, 0.0, 0
151.54974, 13.906626, 96.06823, 7.66195, 157.54149, 135.3848, 2.5715082, 4.6537304
3.334634, 20.540411, 43.157207, 36.30238, 0.0, 0.0, 0.0, -1
144.8266, 16.639894, 128.11624, 9.937838, 127.05314, 138.0823, 8.791077, 4.6898923
0.42977798, 32.212208, 33.396694, 34.391098, 0.0, 0.0, 0.0, -1
116.33829, 17.193216, 161.01653, 10.439505, 147.19423, 165.31589, 7.849307, 3.9736533
6.0928016E-7, 0.0, 0.0, 0.0, -35.056053, -20.246023, -44.697926, 5
115.618744, 18.426994, 150.48538, 54.948048, 167.22214, 165.35867, 50.878365, 52.06464
0.5864785, 38.842197, 44.425835, 16.731964, 0.0, 0.0, 0.0, -1
82.75311, 17.103607, 119.63345, 55.73751, 136.13617, 134.40326, 51.785686, 53.370808
9.2076155E-4, 0.0, 0.0, 0.0, -39.83535, -19.91759, -40.247063, 5
66.173065, 16.838741, 103.82504, 55.73742, 120.32776, 118.59494, 51.78561, 53.37122
0.2022967, -36.620766, -35.228634, -28.15059, 0.0, 0.0, 0.0, -1
50.46219, 16.360264, 88.153015, 55.136246, 104.65573, 102.92294, 49.42067, 52.551857
2.0605984, -37.440372, -35.836037, -26.723598, 0.0, 0.0, 0.0, 0
40.07025, 14.533161, 4.99942, 52.685772, 22.147507, 25.503723, 38.27286, 47.172047
3.8214881, -40.773987, -38.201946, -21.024067, 0.0, 0.0, 0.0, 0
52.845795, 12.154244, 4.9983215, 48.890366, 23.46347, 26.893158, 27.232061, 36.198685
3.7781286, -45.912106, -42.407578, -11.680323, 0.0, 0.0, 0.0, 0
74.55301, 10.463141, 4.998535, 44.319115, 24.86908, 28.98117, 14.0622225, 23.115755
3.4460993, -61.127766, -32.778324, 6.0939145, 0.0, 0.0, 0.0, 0
75.59303, 10.680166, 29.97525, 39.555527, 39.279175, 54.563904, 4.6368623, 9.442642
1.5730822, -40.997482, -9.414826, -49.587692, 0.0, 0.0, 0.0, 2
62.404907, 10.209597, 46.843384, 39.20848, 59.397797, 79.707245, 4.524201, 8.294289
0.5536789, -45.226944, -2.6805737, -52.09248, 0.0, 0.0, 0.0, -1
4.995325, 25.4243, 84.57219, 34.065155, 15.365253, 15.984055, 22.971207, 22.48028
4.1627283, -1.5002092, -48.642967, -49.856823, 0.0, 0.0, 0.0, 2
1.8113308, 16.299816, 90.377594, 33.955654, 15.3990135, 17.649282, 19.909523, 18.502417
1.1996485, -27.351084, -39.90397, -32.74495, 0.0, 0.0, 0.0, 1
13.832178, 14.131735, 75.76176, 33.984436, 0.20651627, 2.587761, 19.241327, 17.843067
2.8490968, -76.8251, -16.548996, 6.6259108, 0.0, 0.0, 0.0, 0
135.33838, 6.0173364, 4.99292, 28.673447, 80.06785, 74.42311, 14.627379, 8.288142
3.7984338, -54.020412, 3.8384058, 42.14119, 0.0, 0.0, 0.0, 0
141.037, 6.1537523, 4.9929504, 26.412739, 82.69337, 66.321976, 10.404587, 4.6178617
2.622578, -43.89126, 15.881761, 40.22698, 0.0, 0.0, 0.0, 0
151.99574, 7.5656605, 18.329285, 22.338371, 109.6712, 67.99518, 6.221316, 1.6089759
1.3483052, -24.600784, 31.876541, 43.522675, 0.0, 0.0, 0.0, 0
168.44788, 7.3303776, 45.188797, 21.877323, 115.73481, 77.9131, 6.924707, 2.2689018
0.48861223, -27.710842, 22.94666, 49.3425, 0.0, 0.0, 0.0, -1
148.67798, 7.2600937, 30.507385, 21.665007, 92.527374, 56.50302, 7.184641, 2.5229175
0.01127489, 0.0, 0.0, 0.0, 35.459293, 15.012664, -49.52805, 5
4.9424133, 24.79849, 98.44344, 49.720543, 116.32598, 59.917168, 21.769756, 35.233917
4.3049064, 10.215883, -7.572663, -82.21146, 0.0, 0.0, 0.0, 2
4.78788, 17.274366, 102.45715, 50.15629, 106.89136, 53.57105, 12.439735, 24.440367
0.9099434, -31.103798, -37.876083, -31.020117, 0.0, 0.0, 0.0, -1
26.91401, 16.363775, 71.74974, 50.272926, 78.14159, 24.874952, 9.854565, 21.086718
1.4894707, -42.575436, -42.510532, -14.91403, 0.0, 0.0, 0.0, 0
42.81668, 16.363415, 55.847717, 50.27253, 61.691345, 9.896942, 9.090345, 19.560349
2.811167, -35.722023, -38.665405, -25.612576, 0.0, 0.0, 0.0, 1
69.538315, 16.440975, 32.42993, 49.355595, 36.728973, 11.854767, 6.0023174, 14.485447
2.5358264, -30.386295, -32.38324, -37.230465, 0.0, 0.0, 0.0, 2
48.77628, 14.824879, 57.02957, 47.867397, 77.14996, 28.746765, 4.307774, 7.4450374
0.43547866, -30.724495, -28.027401, -41.248108, 0.0, 0.0, 0.0, -1
41.23519, 15.2777605, 56.618073, 47.5076, 78.738525, 36.398834, 3.7416532, 6.9579124
0.0019105998, 0.0, 0.0, 0.0, 31.289276, 24.470842, -44.239883, 5
3.7953148, 16.803167, 84.24289, 47.506874, 95.43643, 70.04791, 3.486115, 7.0055056
0.001431034, 0.0, 0.0, 0.0, -82.40396, -14.244281, 3.3517528, 3
4.880415, 21.13539, 78.366585, 34.853436, 12.089905, 5.0687666, 21.234823, 19.787682
4.0175786, 2.8085983, -47.593807, -49.597595, 0.0, 0.0, 0.0, 2
5.8434944, 18.73551, 81.47468, 34.853436, 16.95028, 9.405421, 19.94901, 18.525356
4.0604167, 4.0642314, -47.179188, -48.75658, 0.0, 0.0, 0.0, 2
0.44983673, 14.396887, 92.22508, 35.104843, 27.981138, 19.046503, 16.860197, 15.205347
1.200751, -28.289587, -40.295166, -31.415255, 0.0, 0.0, 0.0, 1
15.925257, 12.994824, 77.57658, 34.71279, 16.458162, 22.704086, 16.22191, 14.593714
2.8652844, -78.413475, -13.800017, 7.7865124, 0.0, 0.0, 0.0, 0
90.64798, 7.1112547, 9.897929, 34.48352, 42.13916, 70.222206, 9.020052, 10.85348
3.7699075, -76.26381, -2.774542, 20.961647, 0.0, 0.0, 0.0, 0
121.646515, 5.9556856, 4.7152915, 31.470486, 42.47304, 94.859886, 4.9289446, 7.642268
2.9832733, -54.68782, 13.113348, 32.19883, 0.0, 0.0, 0.0, 0
144.86536, 6.0201144, 1.0083618, 28.424852, 39.019867, 108.0084, 2.6922688, 6.714169
0.47702518, -53.02881, -9.735588, 37.2356, 0.0, 0.0, 0.0, -1
165.00813, 6.0844812, 14.749878, 27.996431, 46.21646, 116.27139, 2.6576881, 6.8223963
0.049032364, 0.0, 0.0, 0.0, 43.018734, -20.99713, -35.984135, -1
175.1535, 5.5786138, 23.101105, 27.948824, 43.50406, 116.53612, 3.0552604, 6.626078
0.0011937567, 0.0, 0.0, 0.0, 44.249813, 9.613007, -46.13718, 5
5.4951477, 22.230427, 86.53093, 45.765884, 11.672686, 18.1585, 20.62809, 21.613016
4.479038, -3.0977945, -47.21238, -49.68982, 0.0, 0.0, 0.0, 2
22.898544, 15.206135, 76.55748, 44.83189, 4.156357, 1.4737854, 15.324377, 15.402415
3.141506, -73.67613, -7.615035, 18.708832, 0.0, 0.0, 0.0, 0
146.78241, 21.152596, 4.969681, 36.125977, 126.02432, 65.02098, 12.393948, 3.4912868
3.2598708, -28.833632, 29.500706, 41.665665, 0.0, 0.0, 0.0, 0
167.75987, 29.411535, 44.38475, 28.310915, 125.01308, 72.31148, 2.749412, 4.087871
2.2879212, -28.134369, 16.995972, 54.86966, 0.0, 0.0, 0.0, 0
175.72662, 31.652323, 56.45462, 27.188759, 71.57576, 81.984955, 2.0820055, 4.2350864
0.8103967, -32.62628, -5.276579, 62.097137, 0.0, 0.0, 0.0, -1
169.95496, 32.39196, 52.002975, 26.81646, 59.355408, 75.79462, 2.035919, 4.2701974
0.012079691, 0.0, 0.0, 0.0, 28.224152, 10.984167, -60.79169, 5
4.9355164, 21.329826, 82.98509, 39.08717, 22.890793, 17.059189, 22.371605, 21.279526
3.9800267, -12.108724, -44.24003, -43.651245, 0.0, 0.0, 0.0, 1
150.6317, 4.967189, 32.747406, 30.680845, 108.31381, 139.55212, 3.8915331, 9.096327
3.3565543, -42.80964, 37.21374, 19.976625, 0.0, 0.0, 0.0, 0
163.61377, 8.397249, 60.65271, 27.2823, 81.90221, 148.19347, 4.3478255, 6.452374
3.3299913, -27.46796, 27.056576, 45.475464, 0.0, 0.0, 0.0, 0
166.09102, 14.35729, 57.91086, 23.151949, 70.72595, 124.30304, 3.1972396, 5.309791
0.31672513, -29.795881, 11.913284, 58.290833, 0.0, 0.0, 0.0, -1
150.5924, 14.660757, 42.852417, 23.002567, 48.38031, 99.42113, 3.3336287, 5.602241
0.0012735133, 0.0, 0.0, 0.0, 36.28484, 1.5864894, -62.12867, 5
0.67111206, 14.886741, 96.818634, 45.773758, 15.1436, 19.563766, 16.78193, 17.870281
1.2248912, -26.910934, -41.238525, -31.850534, 0.0, 0.0, 0.0, 1
94.8485, 14.364268, 4.9839478, 44.030483, 76.37955, 78.06302, 10.1136465, 12.967967
3.7894855, -75.41717, -7.4429064, 17.13993, 0.0, 0.0, 0.0, 0
112.43943, 15.49978, 4.9671545, 40.869083, 70.51956, 88.63583, 4.9741044, 9.95102
3.1719766, -63.91346, 8.399234, 27.687305, 0.0, 0.0, 0.0, 0
107.16234, 12.639635, 4.9719696, 38.289536, 60.27928, 117.41175, 2.5457685, 4.646052
2.4199297, -27.60632, 30.540407, 41.853275, 0.0, 0.0, 0.0, 0
135.56944, 11.706932, 41.224854, 35.34711, 77.45242, 118.736084, 3.109594, 2.0105834
0.4756854, -31.220945, 14.663341, 54.11571, 0.0, 0.0, 0.0, -1
120.783356, 10.537893, 26.113861, 35.130898, 56.595596, 100.452354, 3.3834338, 1.8830308
0.010968275, 0.0, 0.0, 0.0, 39.66376, 4.9248343, -55.4114, 5
18.179169, 13.437797, 77.75061, 47.220264, 2.6689758, 13.986481, 17.17698, 17.00896
2.6314898, -70.651665, -23.515192, 5.833137, 0.0, 0.0, 0.0, 0
106.5479, 7.11427, 4.9138794, 44.96766, 76.52969, 58.47755, 8.924884, 8.351798
3.506406, -63.568634, -10.625477, 25.805885, 0.0, 0.0, 0.0, 0
167.30714, 6.4025455, 59.00824, 34.67368, 139.68402, 82.62627, 6.905816, 4.318256
3.7905247, -26.054106, 27.98882, 45.95708, 0.0, 0.0, 0.0, 0
165.03471, 5.825303, 64.86597, 30.493578, 169.00407, 78.39751, 5.041838, 4.469449
2.9652565, -27.245735, 24.773668, 47.9806, 0.0, 0.0, 0.0, 0
170.71078, 7.9754906, 64.96687, 28.621906, 143.65344, 74.97038, 6.169176, 4.5583487
0.6195135, -30.24319, 13.6842165, 56.072594, 0.0, 0.0, 0.0, -1
147.0242, 8.9305525, 90.768845, 28.151394, 156.53246, 94.21341, 7.5055914, 4.8224306
7.006091E-4, 0.0, 0.0, 0.0, 12.903569, 6.993327, -80.1031, 5
5.689911, 21.63663, 85.788376, 49.442856, 27.711578, 18.492737, 22.18658, 21.209774
4.416503, -12.400533, -44.169006, -43.430458, 0.0, 0.0, 0.0, 1
150.52376, 12.226612, 46.773514, 39.818577, 68.833405, 172.55698, 3.4194503, 3.7999182
3.216558, -25.687849, 28.308224, 46.00392, 0.0, 0.0, 0.0, 0
139.71033, 12.955911, 58.447998, 38.291183, 81.43288, 121.142494, 4.112695, 2.3261895
2.5637746, -28.635296, 22.525557, 48.839146, 0.0, 0.0, 0.0, 0
136.63889, 13.382642, 58.003876, 37.915707, 80.61853, 106.78383, 4.1853848, 2.0246475
0.57066745, -35.86088, 11.433566, 52.70555, 0.0, 0.0, 0.0, -1
120.52759, 13.689525, 42.96901, 37.669785, 62.115463, 96.545715, 4.282263, 1.8184974
0.02598976, 0.0, 0.0, 0.0, 21.814487, -0.85560644, -77.3299, 5
73.25812, 13.735172, 4.1834106, 37.63381, 4.780243, 60.69107, 5.037114, 4.0303082
0.0025016163, 0.0, 0.0, 0.0, 46.11707, 13.255687, -40.627243, 5
0.7900442, 21.956192, 26.456024, 22.221376, 6.8728943, 9.719818, 22.472025, 21.325172
3.8697495, -26.595297, -36.47268, -36.932022, 0.0, 0.0, 0.0, 2
1.4276266, 19.080303, 78.88546, 43.054436, 16.115957, 12.911978, 16.961557, 18.776781
4.253648, 7.0116563, -45.341278, -47.647068, 0.0, 0.0, 0.0, 2
0.82615566, 12.718421, 86.32259, 43.363148, 24.959253, 20.781427, 13.302102, 14.545505
1.3235977, -33.753883, -39.69065, -26.555466, 0.0, 0.0, 0.0, 1
15.537307, 10.565313, 70.709015, 43.344757, 7.8959045, 1.84552, 12.051298, 12.945519
3.2612867, -71.863174, -20.346752, 7.7900677, 0.0, 0.0, 0.0, 0
112.12691, 5.009339, 4.923767, 40.80737, 115.06286, 110.03546, 5.609683, 6.5574517
3.1386485, -51.72666, 13.532217, 34.741123, 0.0, 0.0, 0.0, 0
35.42389, 3.2163198, 4.889221, 27.244736, 102.34327, 132.8933, 2.7206767, 6.553529
3.7759392, -54.059147, 41.307095, 4.633756, 0.0, 0.0, 0.0, 0
96.2403, 11.082429, 4.890116, 19.646322, 100.57187, 111.24074, 3.2919283, 7.221891
3.5162697, -42.954056, 32.663506, 24.382435, 0.0, 0.0, 0.0, 0
63.647095, 4.4499536, 8.333832, 9.817975, 166.58536, 117.36075, 2.9268486, 5.0856166
0.45364955, -50.085484, 40.22476, -9.689747, 0.0, 0.0, 0.0, -1
44.162903, 4.040738, 24.063232, 9.403717, 174.96703, 98.30278, 2.740639, 3.9768689
0.020139284, 0.0, 0.0, 0.0, 46.871483, -16.665932, 36.46258, 4
7.2141724, 3.4812412, 55.562378, 9.364072, 162.53612, 41.73934, 2.6449237, 2.2126107
0.7536495, 77.46463, -5.54317, 16.992205, 0.0, 0.0, 0.0, -1
34.306366, 3.210376, 71.2316, 9.364268, 167.46678, 27.093058, 2.576406, 1.8700042
1.3480787, 53.51107, 19.27403, 27.2149, 0.0, 0.0, 0.0, -1
138.45625, 4.7163835, 135.92723, 10.019198, 167.18846, 82.0789, 5.0040016, 2.3602293
0.36184645, 39.065742, 29.212952, 31.721302, 0.0, 0.0, 0.0, -1
110.79345, 5.4124403, 105.7474, 10.568657, 137.60219, 71.31866, 4.975063, 3.116977
0.0, 0.0, 0.0, 0.0, -42.57112, -14.038895, -43.389984, 5
3.7354317, 15.918837, 83.04054, 45.22102, 10.983109, 20.479572, 18.752054, 18.02006
1.5344546, -35.863293, -37.814083, -26.322624, 0.0, 0.0, 0.0, 1
19.535036, 13.7567, 68.04728, 45.204403, 4.277463, 5.594186, 18.089817, 17.399878
3.3716486, -64.15086, -27.523008, -8.326137, 0.0, 0.0, 0.0, 0
146.21161, 4.838357, 4.9701843, 37.2274, 84.07403, 38.450348, 6.4159937, 2.625645
0.4202422, -47.85857, -18.178461, 33.96297, 0.0, 0.0, 0.0, -1
172.08876, 4.7438607, 25.860565, 36.50815, 99.838554, 50.24106, 6.4458365, 2.7681081
4.3031746E-6, 0.0, 0.0, 0.0, 41.117565, 17.754162, -41.12827, 5
93.478775, 4.7446837, 104.45259, 36.508152, 123.75041, 104.08745, 7.6419473, 5.0713086
2.2532455E-4, 0.0, 0.0, 0.0, 38.460655, 19.302807, -42.236534, 5
101.917725, 8.95369, 4.804013, 31.418882, 91.787254, 62.16151, 10.358665, 5.6077504
2.782246, -73.23106, 5.3894577, 21.379488, 0.0, 0.0, 0.0, 0
113.280235, 7.1080804, 10.580566, 29.142836, 61.462524, 49.909653, 6.5246835, 3.3381987
0.4055469, -53.764503, -18.696615, 27.538881, 0.0, 0.0, 0.0, -1
99.70064, 7.2594366, 26.734863, 28.76762, 38.047905, 26.343258, 5.425807, 3.0597548
0.011877025, 0.0, 0.0, 0.0, 37.638824, 24.744476, -37.616703, 5
1.292058, 24.493296, 71.97097, 44.11951, 14.160241, 12.4349785, 23.319302, 25.121332
4.761195, -15.915153, -42.34195, -41.742897, 0.0, 0.0, 0.0, 1
0.95824623, 17.125704, 76.43463, 43.27403, 16.458832, 14.092651, 19.91334, 21.35193
2.0348086, -44.079895, -32.900288, -23.01981, 0.0, 0.0, 0.0, 0
175.81754, 5.4686275, 9.621277, 31.939684, 51.821198, 110.57577, 2.2701216, 5.740158
1.3657496, -32.73613, 34.049156, 33.214714, 0.0, 0.0, 0.0, 0
122.055786, 4.7456584, 58.57361, 31.201761, 85.69934, 129.27063, 3.2660959, 7.238731
0.30778956, -41.827522, 24.03231, 34.140163, 0.0, 0.0, 0.0, -1
107.84465, 4.8463063, 74.86578, 31.044142, 95.97406, 136.26974, 3.5794857, 7.669722
0.0031063184, 0.0, 0.0, 0.0, 45.53308, 8.911553, -45.555367, 5
4.9177413, 21.610882, 93.70691, 47.60149, 26.08536, 52.729706, 18.952997, 25.958372
4.156749, 2.9332244, -41.638744, -55.428036, 0.0, 0.0, 0.0, 2
4.5465965, 14.852945, 99.11632, 46.515694, 20.658867, 67.12163, 16.657574, 19.281769
0.9931866, -14.396863, -42.51257, -43.09057, 0.0, 0.0, 0.0, -1
11.065872, 14.083317, 84.30265, 46.59276, 5.7417345, 54.25599, 15.990347, 17.540173
1.8875314, -60.894577, -33.73257, 5.3728437, 0.0, 0.0, 0.0, 0
52.03759, 12.635573, 37.330566, 46.62352, 40.30181, 18.485271, 14.121607, 11.719923
3.274096, -70.51518, -23.579659, 5.9051523, 0.0, 0.0, 0.0, 0
89.47753, 8.161944, 10.766388, 42.510563, 79.840996, 3.2045898, 9.804104, 4.6713624
1.5687691, -31.90001, -39.51532, -28.584667, 0.0, 0.0, 0.0, 1
4.9127674, 17.439718, 89.855354, 47.000458, 24.029102, 42.11219, 16.769878, 15.232253
2.8210485, -0.3892812, -46.1396, -53.47112, 0.0, 0.0, 0.0, 2
34.61128, 16.307682, 50.25473, 47.000458, 16.416214, 2.1156921, 16.156294, 14.477674
3.1217155, -4.385632, -45.82455, -49.789818, 0.0, 0.0, 0.0, 2
85.44426, 11.8492365, 8.142212, 45.985897, 59.307014, 31.932983, 11.749368, 7.356225
3.0982351, -67.16376, -22.253952, 10.582289, 0.0, 0.0, 0.0, 0
99.51942, 12.212288, 4.8990784, 43.684933, 70.03505, 30.36792, 8.840231, 4.4699697
3.233729, -68.5253, -5.516324, 25.958378, 0.0, 0.0, 0.0, 0
102.88043, 12.420756, 4.899231, 42.933086, 70.55967, 26.13794, 7.5979877, 3.8475666
1.7861911, -32.46808, -43.85515, -23.676775, 0.0, 0.0, 0.0, 1
118.15166, 9.526407, 24.537197, 26.821507, 73.69159, 148.93747, 3.736433, 14.458253
3.2730997, -32.499496, 29.054144, 38.446358, 0.0, 0.0, 0.0, 0
168.85823, 11.246031, 62.328033, 18.014671, 82.86404, 133.7615, 3.0474558, 7.8678565
0.47738144, -48.92654, -6.1403975, 44.933067, 0.0, 0.0, 0.0, -1
122.366516, 7.4458365, 16.83899, 17.7096, 15.996918, 62.603004, 3.5295038, 7.9656734
0.7389722, -31.526829, -37.56043, -30.912743, 0.0, 0.0, 0.0, -1
0.82876587, 18.57274, 47.25862, 22.72108, 15.986023, 17.689484, 19.125732, 20.889284
20.777586, -70.224785, -8.694626, 21.080585, 0.0, 0.0, 0.0, 0
11.502594, 4.207127, 75.38383, 3.807406, 144.88177, 56.20066, 1.5958196, 1.6150081
3.577593, 40.277203, 51.246624, -8.476173, 0.0, 0.0, 0.0, 2
38.165344, 1.5730675, 131.9924, 5.4220595, 160.3226, 138.64766, 4.958817, 3.5964248
3.4498744, 43.526783, 51.339542, 5.1336713, 0.0, 0.0, 0.0, -1
41.335037, 1.5951926, 141.7937, 6.436919, 158.97038, 147.11465, 6.2779655, 4.4009523
1.8014952, 45.270638, 49.522514, -5.2068515, 0.0, 0.0, 0.0, 2
33.590023, 1.594267, 145.13263, 8.128088, 156.3289, 143.86597, 8.171237, 5.68667
0.3523804, 43.655937, 45.079075, -11.264986, 0.0, 0.0, 0.0, -1
16.72335, 1.6163864, 131.30896, 8.43941, 142.07343, 127.57557, 8.50702, 5.7893558
0.0031203164, 0.0, 0.0, 0.0, -43.71527, -22.749527, 33.535206, 3
177.61679, 42.57283, 171.92163, 52.091118, 170.50397, 171.99878, 47.108467, 49.00288
0.6261201, 33.472404, 33.446243, 33.081352, 0.0, 0.0, 0.0, -1
151.80627, 42.083454, 140.44968, 53.06232, 138.73395, 140.57721, 47.15843, 47.62259
0.0033946896, 0.0, 0.0, 0.0, -39.998646, -20.00005, -40.001305, 5
104.55968, 37.677837, 93.20418, 53.06693, 91.18956, 93.33031, 46.38299, 43.216293
0.74307436, -33.629448, -33.620037, -32.75052, 0.0, 0.0, 0.0, -1
88.822235, 36.241756, 77.46854, 53.06737, 75.45395, 77.59412, 46.383392, 41.744873
2.852843, -33.673107, -33.66211, -32.66478, 0.0, 0.0, 0.0, 0
16.805084, 27.36326, 4.869507, 51.572357, 2.808014, 4.9967957, 41.26038, 32.79764
3.763906, -33.809246, -33.79678, -32.39397, 0.0, 0.0, 0.0, 0
22.09259, 14.545, 4.869568, 44.743313, 2.5114136, 5.021942, 21.113981, 12.649699
3.1545968, -35.256084, -34.35716, -30.386751, 0.0, 0.0, 0.0, 0
28.848175, 12.676203, 4.869568, 43.231777, 2.4546509, 5.013916, 16.663534, 8.79496
2.4654028, -31.789059, -28.101189, -40.109753, 0.0, 0.0, 0.0, 2
28.625885, 9.69907, 21.164703, 41.595936, 23.362823, 23.916016, 11.336149, 5.6992574
2.5424001, -30.58263, -16.593597, -52.82377, 0.0, 0.0, 0.0, 2
25.060303, 6.5381184, 55.78125, 40.72313, 75.75729, 66.72934, 8.721873, 4.5308304
1.2749878, -35.294125, -11.085806, -53.62007, 0.0, 0.0, 0.0, 2
40.625397, 5.7560835, 52.2789, 40.328384, 82.227264, 67.46805, 7.342717, 4.4237905
0.484872, -39.62566, -6.545986, -53.828354, 0.0, 0.0, 0.0, -1
0.8359642, 14.601566, 95.73521, 35.468353, 16.050175, 7.4948845, 15.733189, 16.123457
0.96340185, -17.554178, -44.078243, -38.367577, 0.0, 0.0, 0.0, -1
148.53754, 6.458273, 4.8285217, 29.80299, 58.395355, 110.711, 3.1640797, 7.4776354
2.732604, -48.99229, 19.218565, 31.789143, 0.0, 0.0, 0.0, 0
157.47604, 7.6856046, 4.828766, 28.29923, 56.2258, 111.34385, 2.3322754, 7.333984
2.6181824, -41.676037, 20.414362, 37.909595, 0.0, 0.0, 0.0, 0
179.37994, 6.9558043, 38.381195, 25.993282, 71.47073, 117.782425, 3.3327978, 6.8344126
1.7518344, -29.575077, 25.06555, 45.359375, 0.0, 0.0, 0.0, 0
165.64432, 6.897553, 31.995758, 25.575306, 64.016266, 103.719666, 3.5325677, 7.5627637
0.894715, -49.156258, -2.3427079, 48.501034, 0.0, 0.0, 0.0, -1
153.81247, 7.213234, 23.987213, 25.174677, 54.206635, 88.74825, 3.6509063, 8.097793
1.7998494, -37.66, -52.63369, -9.706308, 0.0, 0.0, 0.0, 1
81.54993, 6.8603334, 56.221924, 24.433767, 65.28656, 37.80667, 3.9135435, 7.384217
1.0242598, -45.30024, -44.349163, -10.350591, 0.0, 0.0, 0.0, 0
74.602135, 6.5019855, 69.23336, 24.087435, 82.245415, 63.198235, 3.5560424, 6.5454807
0.3270418, -49.971626, -41.064064, -8.964313, 0.0, 0.0, 0.0, -1
1.4961243, 14.604755, 98.57373, 46.458168, 14.05385, 12.936485, 17.186981, 15.420042
0.9034453, -9.324181, -47.8521, -42.823715, 0.0, 0.0, 0.0, -1
17.065182, 13.9028845, 83.65066, 46.62416, 0.9097557, 1.9821758, 16.542933, 14.771766
1.5330434, -78.49115, -10.756477, 10.752377, 0.0, 0.0, 0.0, 0
116.788086, 15.783958, 4.971466, 40.967236, 90.32842, 70.5074, 8.998028, 3.9621525
2.8418825, -46.323105, 18.649158, 35.027737, 0.0, 0.0, 0.0, 0
144.2265, 17.090778, 4.2539062, 37.231087, 111.86177, 71.52312, 5.554792, 1.7866075
1.5965701, -24.320202, 34.35089, 41.328903, 0.0, 0.0, 0.0, 0
159.35973, 16.664663, 50.076385, 36.439846, 129.49438, 90.83923, 6.2317443, 2.5671513
0.3596282, -27.294815, 26.288477, 46.416706, 0.0, 0.0, 0.0, -1
138.25671, 16.823832, 69.55534, 36.135937, 129.1118, 94.778244, 7.273886, 3.240666
0.0018399702, 0.0, 0.0, 0.0, 36.919334, 15.683159, -47.397507, 5
4.937626, 21.39214, 82.05146, 36.16987, 10.736549, 15.447308, 20.962793, 21.724066
3.912635, -8.64391, -45.92394, -45.432148, 0.0, 0.0, 0.0, 1
4.6728897, 14.86903, 84.77176, 35.587914, 11.099369, 18.112923, 16.261871, 17.263725
1.5007223, -35.44849, -35.483402, -29.068104, 0.0, 0.0, 0.0, 1
10.867481, 14.19124, 70.1911, 35.508316, 4.176056, 3.1995354, 15.591945, 16.529839
1.8938764, -63.05737, -24.513903, -12.428736, 0.0, 0.0, 0.0, 0
84.37773, 7.6331654, 5.1644897, 28.4365, 122.89155, 52.1947, 8.537538, 2.7248807
3.1498358, -27.973757, 39.06469, 32.961555, 0.0, 0.0, 0.0, 0
110.62646, 6.5326333, 54.408447, 27.616243, 157.92017, 83.65469, 6.0652795, 3.3707268
1.9756712, -32.9041, 38.680637, 28.415257, 0.0, 0.0, 0.0, 0
104.10167, 6.5233455, 53.153778, 26.496075, 148.82419, 80.98706, 6.559457, 3.9265895
0.46672046, -85.59948, 0.32532856, -14.075187, 0.0, 0.0, 0.0, -1
58.777977, 6.1014867, 22.649994, 26.260738, 104.95866, 36.48825, 7.0955257, 4.3171973
1.6580054, -26.479023, -37.167545, -36.353428, 0.0, 0.0, 0.0, 1
4.981247, 24.108973, 19.098328, 21.798422, 6.2564697, 3.592865, 25.299723, 23.441427
3.8897927, -30.85531, -34.436447, -34.708244, 0.0, 0.0, 0.0, 2
4.6218185, 15.811273, 95.78439, 49.33173, 26.661777, 30.259857, 16.101856, 18.446457
1.0713255, -21.087456, -43.15143, -35.761116, 0.0, 0.0, 0.0, 1
10.98629, 13.644449, 80.93427, 49.370373, 12.03998, 15.628456, 15.464494, 17.82879
2.7515228, -69.54372, -30.152151, -0.30413234, 0.0, 0.0, 0.0, 0
121.867325, 5.371559, 11.41098, 41.23461, 36.520874, 63.708225, 2.2514498, 6.8405895
0.34680924, -50.26399, -21.243677, 28.492332, 0.0, 0.0, 0.0, -1
9.83821, 29.845552, 70.406624, 46.331398, 19.113531, 18.540533, 29.08493, 25.630455
8.646046, -15.548637, -41.79918, -42.652184, 0.0, 0.0, 0.0, 2
5.9270267, 26.923075, 69.67832, 45.42207, 16.93641, 18.20637, 27.03973, 24.443
7.0945106, -17.615751, -41.192974, -41.191273, 0.0, 0.0, 0.0, 1
9.648705, 15.067537, 61.941864, 43.172245, 1.4522705, 7.79776, 19.777931, 18.222565
2.6241293, -57.193478, -28.415674, -14.390842, 0.0, 0.0, 0.0, 0
102.88335, 6.356554, 4.969574, 38.62873, 72.61678, 48.508423, 9.757854, 7.5878544
3.783872, -59.44221, -8.969859, 31.587929, 0.0, 0.0, 0.0, 0
129.2171, 4.0551696, 4.9499817, 36.38966, 85.32205, 44.216736, 8.963967, 4.550397
2.4790173, -55.943943, -6.607956, 37.4481, 0.0, 0.0, 0.0, 0
142.68454, 3.4005973, 4.950012, 34.064896, 86.425644, 35.74341, 7.2691913, 2.8639557
0.6201283, -52.003754, -17.5487, 30.447552, 0.0, 0.0, 0.0, -1
175.71396, 3.1072187, 19.852356, 33.11946, 105.02309, 45.24637, 5.367145, 2.7608836
0.0017921162, 0.0, 0.0, 0.0, 40.087982, 16.601831, -43.31019, 5
11.080126, 15.560052, 77.28338, 34.047195, 4.419161, 3.2866077, 17.73981, 19.295517
1.838788, -74.92, -22.777864, -2.3021307, 0.0, 0.0, 0.0, 0
130.97795, 9.202651, 4.8686523, 25.763542, 56.667393, 80.82501, 2.8412378, 6.383056
1.4622782, -55.848736, -5.403855, 38.747414, 0.0, 0.0, 0.0, 0
134.05319, 9.7556305, 4.8685913, 25.011833, 55.277996, 84.589355, 2.4403746, 5.791315
0.425653, -51.534332, -12.029066, 36.4366, 0.0, 0.0, 0.0, -1
160.74518, 8.235387, 23.526215, 24.301952, 58.974304, 94.99936, 2.1047769, 5.1488934
0.0023517413, 0.0, 0.0, 0.0, 32.622154, -12.513724, -54.86412, 5
128.94205, 5.5542107, 8.064087, 24.301266, 0.23196411, 37.118134, 2.9150445, 5.5933
0.0023273753, 0.0, 0.0, 0.0, 43.116623, 13.701834, -43.18154, 5
97.38524, 4.334635, 39.507446, 24.300293, 40.427765, 19.504333, 3.5840962, 5.7686777
0.0015732448, 0.0, 0.0, 0.0, 40.07999, 19.825958, -40.094048, 5
178.0778, 23.994238, 153.43562, 52.70796, 175.67757, 134.75163, 35.20638, 30.83032
0.31377646, 32.75568, 31.176895, 36.067425, 0.0, 0.0, 0.0, -1
162.39232, 22.832148, 137.87271, 52.984856, 159.84082, 119.633606, 34.065243, 29.587013
0.0033847236, 0.0, 0.0, 0.0, -40.127533, -19.739605, -40.132862, 5
130.87119, 19.902796, 106.35617, 52.988472, 127.978455, 88.51904, 31.135094, 26.653154
0.04290335, 0.0, 0.0, 0.0, -40.1636, -19.7035, -40.1329, 3
115.09513, 18.435022, 90.58283, 52.988632, 112.00611, 72.98316, 29.669832, 25.196306
0.7996061, -35.373325, -33.27126, -31.355417, 0.0, 0.0, 0.0, -1
99.41708, 16.961033, 74.9061, 52.988804, 96.11011, 57.56906, 28.206896, 23.725035
2.7158532, -35.830753, -33.645657, -30.52359, 0.0, 0.0, 0.0, 0
58.173218, 7.537476, 14.312195, 46.942417, 36.14656, 3.445465, 8.037238, 5.136512
1.1960273, -49.09785, -33.461426, 17.440722, 0.0, 0.0, 0.0, 0
85.96701, 7.5558567, 36.055634, 46.299065, 68.35426, 35.181244, 6.1083355, 4.9218245
0.39029106, -48.776146, -20.441391, 30.782461, 0.0, 0.0, 0.0, -1
72.83623, 7.687899, 20.767273, 46.118652, 53.385162, 23.300903, 6.168142, 4.749378
0.0144907, 0.0, 0.0, 0.0, 31.317192, 13.17025, -55.512558, 5
41.50107, 7.6965647, 10.724976, 46.104412, 17.078857, 7.9461365, 6.1789694, 4.736227
0.0021787253, 0.0, 0.0, 0.0, 48.249878, 24.68648, -27.063644, 5
4.9582977, 7.6954117, 47.274216, 46.103077, 26.581833, 44.510452, 6.0871544, 4.734943
0.0011862211, 0.0, 0.0, 0.0, 64.88198, 34.807495, 0.31052333, -1
4.962204, 7.694642, 47.274582, 46.10219, 31.053696, 44.521194, 5.9115186, 4.7341046
4.8744606E-4, 0.0, 0.0, 0.0, 65.27388, 34.550194, -0.17592268, 5
4.8791656, 7.1907015, 56.85974, 46.101757, 42.88858, 54.503387, 5.8973966, 4.715929
3.3798304E-5, 0.0, 0.0, 0.0, 65.68462, 34.241688, 0.073686354, -1
5.614151, 6.5952883, 68.31546, 46.10173, 57.037323, 66.74185, 5.91237, 4.58581
5.9861584E-5, 0.0, 0.0, 0.0, 65.66212, 32.061943, -2.2759414, 5
4.9607544, 25.080122, 81.77913, 39.5597, 4.710312, 7.764801, 22.586061, 23.60047
4.1972017, 1.2723045, -49.001846, -49.725845, 0.0, 0.0, 0.0, 2
4.856842, 22.893568, 84.76105, 39.559692, 7.4549103, 10.512024, 21.38837, 22.641863
4.4994364, 0.32469103, -49.723877, -49.95143, 0.0, 0.0, 0.0, 2
20.645782, 15.490556, 75.05478, 39.668804, 5.767975, 2.037445, 17.075146, 18.329943
2.7081916, -78.701965, -12.004107, 9.293924, 0.0, 0.0, 0.0, 0
57.312286, 7.5236526, 6.539276, 29.119717, 69.85205, 100.994995, 1.8160837, 5.7281675
1.6829336, -37.15906, 47.743744, 15.097195, 0.0, 0.0, 0.0, 0
88.70186, 6.1908236, 54.744904, 28.34632, 93.2995, 129.38512, 2.6653144, 4.448511
0.39657128, -53.469105, 42.033928, 4.496975, 0.0, 0.0, 0.0, -1
51.602356, 5.6842737, 25.104187, 28.002169, 50.342087, 81.12161, 3.2954304, 5.7640553
0.0024500482, 0.0, 0.0, 0.0, -23.517775, -36.059895, -40.42233, 5
3.0468597, 5.541618, 17.1633, 28.00187, 15.246017, 14.174744, 4.7725754, 6.607186
0.0024601244, 0.0, 0.0, 0.0, -67.763695, -19.352528, 12.883778, 3
13.574371, 5.465056, 2.9794464, 28.001719, 3.1582184, 13.273712, 4.9718676, 7.064188
0.0019032332, 0.0, 0.0, 0.0, 58.29708, 9.915453, -31.78747, 5
4.7986603, 23.40572, 52.480927, 24.694036, 3.751068, 2.5335846, 24.446903, 22.708263
3.9379535, -19.211252, -40.459003, -40.329742, 0.0, 0.0, 0.0, 1
4.9898224, 20.831974, 54.344498, 24.693235, 8.165115, 5.125717, 23.572803, 21.390375
18.793262, -63.257236, -26.140251, -10.602519, 0.0, 0.0, 0.0, 0
151.52695, 6.0986285, 17.938568, 6.398154, 69.425095, 93.06826, 3.939988, 2.2786758
0.5958517, -30.865118, -44.268616, 24.866266, 0.0, 0.0, 0.0, -1
136.34586, 5.567129, 54.152527, 5.7512317, 23.013687, 38.17198, 3.377284, 1.9319228
1.7533119, 33.130665, -46.690304, 20.179035, 0.0, 0.0, 0.0, 1
129.45728, 4.7176657, 101.33701, 5.751131, 48.717567, 54.837105, 3.6984208, 1.962184
3.6337795, 35.208977, 17.939032, 46.851986, 0.0, 0.0, 0.0, -1
172.91316, 5.941802, 130.56375, 6.833581, 110.94246, 139.49168, 4.077281, 3.6277156
2.8124576, 31.217047, 32.587624, 36.195328, 0.0, 0.0, 0.0, -1
171.75345, 10.391329, 156.13788, 10.168909, 149.35965, 177.20279, 5.424792, 5.6608133
0.43224317, 31.73936, 33.147587, 35.113052, 0.0, 0.0, 0.0, -1
167.14705, 10.787644, 161.8886, 10.503085, 153.99687, 175.6259, 5.5142503, 5.7600327
0.035867166, 0.0, 0.0, 0.0, -48.150646, -19.42355, -32.425804, 3
177.12695, 10.823506, 146.26257, 10.533534, 135.93298, 170.4226, 5.2944202, 5.508167
0.0, 0.0, 0.0, 0.0, -39.92733, -20.14534, -39.92733, 3
2.2534027, 21.0626, 81.83496, 48.90842, 23.266418, 10.935608, 17.70837, 20.47713
4.4465427, -7.411422, -45.90043, -46.68815, 0.0, 0.0, 0.0, 2
1.8603516, 14.539289, 85.75244, 48.439796, 27.787506, 11.567169, 15.020267, 16.744165
1.4464855, -33.574207, -38.95111, -27.474684, 0.0, 0.0, 0.0, 1
17.70726, 13.829536, 70.89215, 48.37318, 13.328461, 3.6846466, 14.397429, 16.057325
2.5398805, -71.40367, -26.501894, 2.094431, 0.0, 0.0, 0.0, 0
172.55621, 16.314625, 56.186386, 39.52123, 78.87962, 99.746216, 3.8180072, 3.5374722
2.6108742, -30.024258, 11.554081, 58.421665, 0.0, 0.0, 0.0, 0
179.63673, 16.868105, 60.03354, 38.019894, 81.90292, 51.576874, 4.227594, 2.681979
0.774987, -28.308481, -16.13232, 55.5592, 0.0, 0.0, 0.0, -1

NONPOS KNOWLEDGE:
54.04918, 18.758326, 77.44832, 41.985535, 68.926895, 72.96077, 5.8893023, 4.3440022
0.9685608, 30.01511, 29.145102, -40.83979, 0.0, 0.0, 0.0, -1
9.86908, 18.586346, 121.27547, 42.5696, 121.37648, 119.15428, 5.929834, 2.934812
3.4284391, 37.51799, 34.883442, -27.598562, 0.0, 0.0, 0.0, 2
141.18202, 9.026436, 117.298004, 47.06703, 164.42427, 77.871155, 6.9456367, 1.6256119
3.1114419, 39.754997, 39.829697, 20.415306, 0.0, 0.0, 0.0, -1
166.24547, 8.039718, 100.67419, 47.97383, 144.93404, 65.78384, 7.330576, 1.8102266
3.8038316, 10.040782, 36.94261, 53.01661, 0.0, 0.0, 0.0, -1
170.75786, 7.602865, 86.581635, 48.648697, 130.33072, 56.23639, 7.9385533, 2.2258048
8.165648, -22.844368, 33.501247, 43.654385, 0.0, 0.0, 0.0, 0
139.46082, 16.063599, 62.568737, 44.667282, 126.13681, 129.81114, 18.556894, 11.248684
5.8105254, -17.265089, 39.523438, 43.21147, 0.0, 0.0, 0.0, 0
138.54012, 23.699394, 50.494904, 40.922474, 127.83525, 127.63408, 22.86293, 19.845829
0.53577805, -7.6565375, 45.129116, 47.214344, 0.0, 0.0, 0.0, -1
107.441666, 23.539562, 19.71045, 40.787144, 96.8405, 95.921036, 23.106094, 20.407358
0.020823404, 0.0, 0.0, 0.0, 36.074707, -17.897915, -46.027378, 5
58.41548, 6.484598, 64.09665, 30.682972, 13.341431, 64.820984, 5.785391, 5.063964
0.6128572, 36.59047, 14.310467, -49.099064, 0.0, 0.0, 0.0, -1
42.690674, 6.4843454, 79.826126, 30.682741, 30.632309, 80.55286, 5.710377, 5.0639205
1.1053427, 35.153862, 17.837502, -47.008636, 0.0, 0.0, 0.0, 2
13.231026, 5.87461, 109.62459, 31.062292, 75.934235, 114.472015, 5.8800006, 5.468398
0.682981, 11.481801, 11.659537, -76.85866, 0.0, 0.0, 0.0, -1
2.8090744, 5.4211454, 125.966896, 31.339119, 93.527504, 133.50125, 5.6961503, 5.782817
0.050348874, 0.0, 0.0, 0.0, 24.80897, 5.9192033, 69.27183, -1
18.525887, 5.3698196, 141.75021, 31.368082, 103.866005, 149.5838, 5.2474856, 5.817186
0.0024107953, 0.0, 0.0, 0.0, -2.272029, -9.55123, 88.17674, 4
36.414032, 5.1896763, 157.47855, 31.367662, 114.176384, 165.3129, 5.0724096, 5.8167753
0.0012803033, 0.0, 0.0, 0.0, -30.394169, -16.72831, 52.877514, 3
69.19323, 5.087472, 171.08136, 31.366665, 138.31396, 163.24545, 5.2596955, 5.8157887
0.8863561, 12.995794, 47.45134, 39.552864, 0.0, 0.0, 0.0, -1
130.48747, 5.0876966, 114.60915, 30.690376, 149.89847, 128.12021, 4.7397966, 5.8152976
6.780086, -14.04948, 32.869434, 53.08109, 0.0, 0.0, 0.0, 0
171.66556, 13.291972, 89.316696, 29.470747, 166.4198, 155.9229, 11.505341, 12.744347
6.2193985, 6.138369, 46.64408, 47.217545, 0.0, 0.0, 0.0, -1
172.95897, 21.327265, 104.90988, 29.783783, 175.13434, 171.2555, 19.212505, 20.116863
3.022587, 11.769727, 44.25049, 43.979782, 0.0, 0.0, 0.0, -1
157.88635, 24.909178, 126.910675, 30.61046, 167.22488, 170.58784, 22.443422, 23.30522
0.5215922, 16.935013, 41.523663, 41.54133, 0.0, 0.0, 0.0, -1
124.620316, 25.361485, 161.01765, 30.743073, 133.66705, 136.9556, 22.855797, 23.724771
0.08037382, 0.0, 0.0, 0.0, -31.289291, -22.973684, -45.737022, 5
93.00846, 25.440723, 167.22397, 30.76697, 101.88169, 105.09658, 22.912844, 23.784245
0.0019803457, 0.0, 0.0, 0.0, -39.963055, -20.076855, -39.96009, 3
30.103775, 25.441074, 104.31821, 30.767288, 38.76306, 42.083725, 22.846785, 23.69602
0.002247286, 0.0, 0.0, 0.0, -39.499054, -20.024406, -40.47654, 5
0.011779785, 16.146465, 91.51004, 10.439501, 107.115265, 91.93466, 4.6027174, 3.4055398
1.2420082, 13.621309, 23.717577, -62.661118, 0.0, 0.0, 0.0, 2
5.7009935, 11.2338295, 106.39389, 10.605712, 143.72514, 112.79744, 3.7734716, 3.013308
3.9903173, 49.0922, 41.429028, 9.478765, 0.0, 0.0, 0.0, -1
96.71109, 9.585209, 178.06152, 12.960041, 163.79927, 127.32239, 2.9719799, 6.3947744
7.0992928, 19.871712, 38.850273, 41.27801, 0.0, 0.0, 0.0, -1
162.50937, 17.881046, 113.24951, 17.172718, 157.11139, 153.84802, 12.344642, 16.12402
6.2925572, 21.51616, 39.16804, 39.3158, 0.0, 0.0, 0.0, -1
113.690735, 25.825474, 79.54816, 22.07303, 106.76526, 107.34543, 21.311573, 24.005486
0.004871667, 0.0, 0.0, 0.0, -3.8665333, -31.125, -65.00847, 5
19.454803, 25.840971, 14.664917, 22.083027, 10.417816, 13.113953, 21.972767, 24.019968
0.0024578273, 0.0, 0.0, 0.0, 41.60818, -16.787048, -41.60477, -1
60.89099, 9.661729, 53.439423, 38.774113, 66.95114, 97.22273, 4.4948006, 6.0650935
1.9917321, 11.283788, 22.128912, -66.587296, 0.0, 0.0, 0.0, 2
8.533144, 6.747993, 107.34535, 39.15702, 102.17949, 143.51854, 3.4124503, 7.227913
0.5630674, -41.691032, -8.3089695, -50.0, 0.0, 0.0, 0.0, -1
41.855667, 5.3268456, 75.54175, 39.434887, 67.654144, 121.72049, 3.4093614, 6.0994654
4.4141426, -55.686398, -8.517794, 35.79581, 0.0, 0.0, 0.0, 0
118.23374, 5.6541967, 3.0682373, 37.42506, 57.628235, 125.52319, 2.8235867, 2.5966425
8.00839, -15.208973, 39.68997, 45.10106, 0.0, 0.0, 0.0, 0
171.42685, 10.9376545, 76.13054, 33.260273, 172.52655, 147.69528, 7.860444, 8.966112
8.81731, -6.9290767, 44.7516, 48.31932, 0.0, 0.0, 0.0, 0
174.87054, 13.148594, 79.718216, 32.986443, 171.17259, 154.42285, 10.133325, 10.713566
8.049943, 9.655016, 46.498714, 43.846268, 0.0, 0.0, 0.0, -1
125.937546, 25.341423, 154.33556, 34.01108, 135.89435, 136.06998, 23.063572, 20.797543
0.061182722, 0.0, 0.0, 0.0, -28.576237, -23.769182, -47.65458, 5
94.53, 25.422379, 174.10986, 34.03211, 104.45337, 105.58856, 23.144447, 21.260057
0.0013964388, 0.0, 0.0, 0.0, -39.950603, -20.100096, -39.949303, 3
4.017296, 5.9411907, 110.70923, 21.655514, 101.88641, 116.16525, 5.233879, 3.6153839
0.5285908, 6.928087, 8.9906845, -84.08123, 0.0, 0.0, 0.0, -1
11.15366, 5.1405597, 127.61849, 21.68871, 122.69717, 138.99689, 5.211109, 3.716873
0.059844032, 0.0, 0.0, 0.0, 18.486946, 6.0625725, 75.45048, -1
32.22046, 4.748161, 143.46637, 21.68958, 138.27475, 155.25693, 5.1467233, 3.7277427
0.0025500027, 0.0, 0.0, 0.0, -23.837181, -11.790364, 64.37246, 3
100.261375, 4.079847, 169.39513, 21.688137, 166.92912, 168.54826, 4.532854, 4.2722206
0.9177867, -32.00719, 0.5548738, 67.43794, 0.0, 0.0, 0.0, -1
114.09925, 3.7605958, 152.84232, 21.687632, 177.24585, 155.54059, 4.503889, 4.52444
7.12995, -13.096235, 34.648037, 52.255726, 0.0, 0.0, 0.0, 0
171.0032, 8.988147, 84.24136, 20.365396, 149.38632, 133.92307, 7.8365884, 7.1408043
9.127639, 4.4500685, 47.207886, 48.342045, 0.0, 0.0, 0.0, -1
170.51305, 20.999567, 115.66209, 22.741491, 161.10356, 165.52536, 19.403, 19.74499
4.0418587, 17.86552, 40.761047, 41.37343, 0.0, 0.0, 0.0, -1
165.02805, 24.667728, 111.28958, 23.366022, 159.38599, 157.22281, 22.26833, 23.604864
0.47968286, 21.355854, 39.236824, 39.407326, 0.0, 0.0, 0.0, -1
70.723076, 25.449245, 18.44403, 23.780506, 63.55455, 63.161255, 22.813137, 24.383554
0.0013049217, 0.0, 0.0, 0.0, 7.6334343, -28.690407, -63.67616, 5
39.38394, 25.449093, 12.895081, 23.780506, 31.660154, 32.013863, 22.818264, 24.398312
0.0, 0.0, 0.0, 0.0, 41.132355, -18.085974, -40.781673, -1
13.695808, 44.70548, 81.60893, 27.568943, 173.03548, 57.639385, 14.101773, 43.47519
9.361145, 33.428627, 29.131863, -37.439514, 0.0, 0.0, 0.0, 2
32.54297, 36.04888, 137.93579, 35.489708, 163.06033, 111.71689, 25.654425, 46.46321
7.375273, 37.76866, 33.504494, -28.726847, 0.0, 0.0, 0.0, 2
47.431393, 27.294891, 146.66504, 45.741215, 173.1926, 119.58825, 32.77221, 47.614376
3.0412252, 40.29101, 35.53838, -24.17061, 0.0, 0.0, 0.0, 2
48.68065, 25.218546, 143.31738, 49.010017, 176.02377, 114.145515, 30.940617, 44.590786
0.47466353, 40.514084, 35.257202, -24.228714, 0.0, 0.0, 0.0, -1
4.879883, 29.240139, 65.30829, 47.504852, 72.92435, 60.89914, 5.7889705, 4.6373997
5.7059555, -30.836025, 4.1360955, -65.02788, 0.0, 0.0, 0.0, 2
2.0970154, 20.303616, 68.874084, 44.864937, 119.82362, 134.7373, 5.880606, 5.1740994
0.09419152, 0.0, 0.0, 0.0, -34.20396, -22.58435, 43.211685, 3
13.591278, 19.613394, 53.305786, 44.824165, 104.97598, 119.85629, 5.9222713, 5.236734
3.5996315, -67.69467, -6.3199325, -25.985405, 0.0, 0.0, 0.0, 0
76.71216, 17.190722, 9.812897, 44.823994, 41.84964, 56.74292, 5.920806, 5.235954
7.2161236, -78.86504, 6.697844, -14.437108, 0.0, 0.0, 0.0, 0
80.485016, 13.740419, 2.0931091, 40.427242, 82.88434, 115.02994, 3.4633052, 5.779044
6.174757, -27.931728, 21.613756, 50.454514, 0.0, 0.0, 0.0, 0
169.46355, 17.414396, 77.66083, 35.597424, 179.54439, 142.28964, 8.191546, 9.889646
4.9085703, -3.622529, 47.88654, 48.490932, 0.0, 0.0, 0.0, 0
164.68637, 20.76557, 81.32999, 34.91533, 160.97226, 173.18228, 16.451553, 15.512338
3.8097727, -3.5871756, 48.189873, 48.222954, 0.0, 0.0, 0.0, 0
165.22775, 22.485315, 84.30292, 34.84585, 158.7323, 177.84312, 19.040619, 17.46043
3.200085, 11.677928, 44.929195, 43.392876, 0.0, 0.0, 0.0, -1
147.01778, 23.309374, 67.11743, 34.84546, 139.19545, 157.31177, 20.276941, 18.957033
0.48988837, 0.90851897, 49.69037, 49.40111, 0.0, 0.0, 0.0, -1
115.71078, 23.73938, 36.353607, 34.853165, 106.51779, 124.43614, 21.137924, 20.561792
0.035072323, 0.0, 0.0, 0.0, 24.192404, -25.573698, -50.233902, 5
52.990883, 23.793219, 26.299164, 34.85447, 41.275124, 57.085766, 21.997332, 21.298635
8.8608154E-4, 0.0, 0.0, 0.0, 41.930176, -17.14078, -40.929047, -1
64.18149, 5.271372, 119.91405, 27.946138, 119.50505, 132.08226, 5.0769105, 7.177404
0.0010939857, 0.0, 0.0, 0.0, 44.677483, 10.594112, -44.72841, 5
9.889389, 5.2710314, 174.2051, 27.945993, 173.80458, 169.45946, 5.076552, 5.968544
0.94948465, 35.738197, 41.947826, -22.313969, 0.0, 0.0, 0.0, -1
10.207863, 5.2710314, 173.88663, 27.945993, 173.0239, 169.87073, 5.0584207, 5.3989954
2.7680912, 38.117706, 51.59518, -10.287109, 0.0, 0.0, 0.0, 2
44.377586, 5.151088, 142.48645, 27.945993, 131.7804, 159.1806, 4.5158896, 5.257241
5.5823135, 11.588196, 46.26272, 42.149086, 0.0, 0.0, 0.0, -1
95.696495, 4.5179853, 117.3338, 28.576187, 100.08011, 141.49521, 3.311215, 5.7197146
8.820334, -10.429129, 38.0489, 51.521976, 0.0, 0.0, 0.0, 0
104.01178, 10.901108, 150.49052, 48.331898, 177.9384, 147.37508, 26.433914, 31.324385
3.8639681, 25.44569, 34.004807, 40.549503, 0.0, 0.0, 0.0, -1
124.91444, 11.545211, 135.79227, 49.686405, 163.69345, 134.25372, 26.692892, 31.244123
6.8657923, -27.352207, 0.46131262, 72.18648, 0.0, 0.0, 0.0, 0
155.43881, 17.51083, 60.741577, 48.488503, 106.51976, 74.81378, 21.823473, 22.945984
4.616132, -19.673843, 11.711373, 68.614784, 0.0, 0.0, 0.0, 0
160.39108, 23.19297, 67.44855, 46.351803, 135.91115, 108.09102, 21.879261, 19.682375
2.3283396, -14.4952345, 16.966234, 68.538536, 0.0, 0.0, 0.0, 0
145.4318, 24.903442, 53.56299, 45.848938, 126.17078, 104.92667, 23.038345, 20.147755
0.53247374, -13.501527, 37.033302, 49.46517, 0.0, 0.0, 0.0, -1
114.14693, 25.03684, 22.590912, 45.72688, 96.963974, 78.58118, 23.335228, 20.45746
0.0677964, 0.0, 0.0, 0.0, 31.402122, -14.985554, -53.61232, 5
82.797424, 24.510311, 8.713791, 45.709435, 67.33928, 51.416763, 23.183952, 20.586784
0.0, 0.0, 0.0, 0.0, 46.505665, -6.9903774, -46.503956, -1
19.945602, 23.287846, 71.56807, 45.709435, 6.179138, 4.006134, 22.624292, 20.773806
0.0, 0.0, 0.0, 0.0, 41.847572, 16.308184, -41.844242, 5
59.83911, 32.460564, 58.03882, 26.766596, 83.521515, 58.954926, 5.545629, 5.0527954
4.6712174, 23.40482, 34.38766, -42.20752, 0.0, 0.0, 0.0, 2
3.2161407, 24.390137, 122.59614, 29.311255, 153.24533, 108.02036, 8.076706, 4.4579816
5.6549296, 42.530853, 45.32376, 12.145382, 0.0, 0.0, 0.0, -1
109.21557, 21.681715, 147.30472, 33.9483, 179.82935, 138.53061, 12.021649, 13.01505
3.7374444, 35.90634, 39.446938, 24.646725, 0.0, 0.0, 0.0, -1
125.726906, 22.922333, 151.90402, 38.0168, 157.09021, 138.68399, 17.876312, 20.426466
1.2699798, 35.32975, 37.107563, 27.562683, 0.0, 0.0, 0.0, -1
106.653046, 23.35071, 173.20547, 38.70744, 133.75273, 118.82182, 19.04463, 21.730083
0.3669919, 24.193169, 40.163025, 35.643806, 0.0, 0.0, 0.0, -1
76.15523, 23.042805, 155.04965, 39.054016, 100.75885, 87.91322, 19.865326, 22.2129
0.019977257, 0.0, 0.0, 0.0, -40.79143, -19.606007, -39.602566, 3
13.615784, 21.899376, 91.93193, 39.087444, 33.528885, 25.62358, 22.136349, 21.591105
0.0018820649, 0.0, 0.0, 0.0, -44.278057, -17.471762, -38.25018, 3
56.25524, 14.668263, 51.473602, 22.99892, 52.19182, 28.21605, 3.5213432, 5.1048155
3.0155375, 20.435867, 28.032906, -51.531227, 0.0, 0.0, 0.0, 2
1.7029648, 11.223387, 108.61901, 23.447077, 121.00056, 116.03582, 3.3186426, 4.9947844
6.4818044, -1.1574861, 45.383965, -53.458553, 0.0, 0.0, 0.0, 2
16.228317, 8.794259, 96.06867, 24.367262, 92.3885, 113.28994, 3.1171176, 6.233672
8.666278, -33.825336, 58.52464, 7.6500244, 0.0, 0.0, 0.0, 0
86.04005, 3.706376, 79.58443, 23.010397, 133.35223, 128.05984, 2.8071241, 8.496651
9.332511, -8.175791, 48.702957, 43.121254, 0.0, 0.0, 0.0, 0
171.95651, 23.896696, 125.73422, 24.416035, 179.77658, 176.70935, 22.031815, 20.504417
2.551672, 26.888975, 36.912422, 36.198605, 0.0, 0.0, 0.0, -1
0.8419342, 31.66048, 53.634155, 64.199905, 25.026901, 62.92314, 54.91758, 42.70272
8.647022, -41.28409, -38.344734, -20.371176, 0.0, 0.0, 0.0, 0
54.365326, 29.007286, 9.2304535, 59.16502, 25.300247, 12.941025, 45.129414, 34.095066
7.3562355, -45.374485, -40.71234, -13.91317, 0.0, 0.0, 0.0, 0
68.75029, 25.911324, 9.848175, 51.681133, 36.531525, 3.708786, 34.07536, 23.386147
5.414121, -51.39744, -41.171307, -7.43125, 0.0, 0.0, 0.0, 0
75.832535, 24.032705, 10.163025, 48.55361, 46.034485, 8.532059, 28.569899, 18.542866
3.4584928, -55.956577, -39.689407, -4.3540106, 0.0, 0.0, 0.0, 0
61.465347, 23.715921, 30.83908, 45.970757, 37.728516, 6.2846985, 24.333797, 15.480382
0.44466326, -58.980537, -38.31099, -2.7084765, 0.0, 0.0, 0.0, -1
29.950455, 23.437286, 62.277374, 45.565193, 9.132248, 18.857605, 23.610228, 15.249967
0.037209306, 0.0, 0.0, 0.0, 47.556717, 1.9312406, -50.512047, 5
57.726776, 4.9253144, 36.94992, 35.111973, 36.787872, 76.065704, 4.9758916, 5.2799525
0.002003532, 0.0, 0.0, 0.0, 43.21361, 13.098766, -43.687622, 5
25.00998, 3.759673, 69.290695, 35.11104, 70.0117, 95.58235, 5.0625753, 5.724445
2.7699964E-4, 0.0, 0.0, 0.0, -36.015663, -21.55176, 42.43258, 3
50.883606, 3.7452648, 43.362625, 35.11021, 33.681824, 67.54205, 5.028522, 4.7682095
0.37026712, -28.200632, -32.09089, 39.708477, 0.0, 0.0, 0.0, -1
66.63138, 3.7765975, 27.607742, 35.035267, 14.272537, 51.78955, 4.3850613, 4.767961
5.031222, -50.175583, 15.43022, 34.394196, 0.0, 0.0, 0.0, 0
155.45404, 5.9447947, 55.785416, 34.09673, 105.573425, 94.030624, 6.121533, 7.7108006
9.203967, -14.828834, 37.847004, 47.324165, 0.0, 0.0, 0.0, 0
168.6539, 9.668901, 70.07399, 32.147583, 140.34662, 132.28923, 9.483132, 10.433548
6.4697914, -19.159498, 39.657696, 41.182808, 0.0, 0.0, 0.0, 0
171.58542, 12.150953, 76.558655, 31.154558, 149.66418, 142.63326, 11.989503, 12.655079
8.909315, -5.842993, 45.24507, 48.91193, 0.0, 0.0, 0.0, 0
173.95811, 14.587702, 83.25357, 30.417141, 156.15416, 149.82367, 14.575386, 15.082381
7.080673, -1.8187197, 47.578857, 50.60243, 0.0, 0.0, 0.0, 0
167.33147, 17.131086, 81.75888, 29.96414, 152.49237, 146.61469, 17.405912, 17.776773
5.0945463, 2.9622407, 47.349854, 49.687904, 0.0, 0.0, 0.0, -1
98.23021, 29.069977, 148.90463, 66.15394, 149.13428, 148.94586, 56.19005, 65.167694
2.4468794, 42.995483, 43.071453, 13.933061, 0.0, 0.0, 0.0, -1
54.05568, 30.539463, 102.60507, 69.40418, 103.03427, 102.66312, 59.457336, 68.41928
0.2343808, -32.532734, -32.452705, -35.01456, 0.0, 0.0, 0.0, -1
37.86026, 30.792198, 87.028244, 69.68523, 86.77591, 87.087585, 58.560806, 68.700455
6.4871244, -39.952045, -39.86749, -20.180466, 0.0, 0.0, 0.0, 0
54.492096, 28.81373, 2.3040771, 65.510864, 3.843048, 0.73176575, 47.121002, 61.039764
9.096073, -44.31472, -43.598526, -12.086754, 0.0, 0.0, 0.0, 0
68.37282, 25.869987, 1.2256012, 58.139343, 12.386398, 3.8890228, 35.580982, 48.655914
6.1019015, -49.948486, -47.160873, -2.8906367, 0.0, 0.0, 0.0, 0
83.220245, 24.798761, 0.7415619, 51.52462, 26.4926, 10.342224, 25.926754, 37.268036
2.9868982, -51.62538, -44.061, 4.3136144, 0.0, 0.0, 0.0, 0
86.032394, 24.955294, 6.0667877, 47.861694, 40.327454, 13.71582, 21.12072, 29.482729
0.4577218, -53.19066, -39.614105, 7.1952357, 0.0, 0.0, 0.0, -1
24.416443, 25.052155, 69.29263, 47.123863, 12.8989105, 44.171112, 20.448235, 26.87854
0.0, 0.0, 0.0, 0.0, 44.164867, 5.579729, -50.2554, 5
36.369705, 8.934743, 158.56752, 28.149376, 114.13226, 159.4101, 5.96171, 5.0473433
1.8079557, 33.65561, 22.504982, -43.839405, 0.0, 0.0, 0.0, 2
10.274193, 6.8625326, 134.27429, 28.781088, 106.13934, 140.36322, 5.9915524, 5.7186165
0.5003904, 31.398756, 19.949429, -48.651817, 0.0, 0.0, 0.0, -1
41.793304, 5.279417, 167.17004, 29.410152, 139.44495, 162.94772, 5.5477805, 4.932106
3.1246175E-4, 0.0, 0.0, 0.0, -36.62535, -12.273547, 51.1011, 3
48.613045, 26.77039, 178.81287, 33.41399, 173.56583, 137.22168, 26.483494, 28.039528
7.6116815, 46.07132, 44.026394, -9.902294, 0.0, 0.0, 0.0, 2
76.40513, 25.580826, 177.4898, 44.220932, 175.51883, 151.33237, 31.171413, 33.87053
4.085371, 50.068058, 48.158314, -1.7736323, 0.0, 0.0, 0.0, 2
82.51597, 25.312689, 177.91977, 46.924164, 179.11404, 148.31992, 30.295996, 33.02957
2.0830264, 50.826294, 48.457703, 0.7160026, 0.0, 0.0, 0.0, -1
78.078156, 25.297125, 173.17017, 48.767593, 166.65247, 137.52618, 29.840727, 32.50356
0.40253502, 50.272305, 47.34483, 2.3828642, 0.0, 0.0, 0.0, -1
16.905655, 25.325396, 110.36673, 49.44286, 99.96445, 71.5883, 28.409872, 31.079441
5.722046E-6, 0.0, 0.0, 0.0, -37.661594, -33.08872, -29.249691, 3
60.42354, 12.538506, 19.886292, 37.633327, 20.824722, 62.44571, 5.0589128, 5.0149956
2.1992044, 1.0293308, 30.52874, -68.441925, 0.0, 0.0, 0.0, 2
0.0064849854, 7.236119, 88.66412, 37.673294, 106.89444, 127.27435, 5.4157166, 5.6469083
0.41892347, -42.751305, -4.8272424, -52.42145, 0.0, 0.0, 0.0, -1
31.83966, 6.201898, 57.85463, 37.65934, 79.67645, 99.13934, 5.548813, 5.9104023
1.6282868, -56.227257, -18.06017, -25.712574, 0.0, 0.0, 0.0, 0
63.33403, 6.2025547, 26.366089, 37.65861, 48.184967, 68.95227, 5.5479364, 3.7711556
6.238173, -62.68355, 27.57457, 9.741878, 0.0, 0.0, 0.0, 0
177.8453, 4.198136, 4.4409027, 28.616295, 5.3740234, 93.38254, 1.5555941, 1.5952802
5.2273526, -35.769722, 27.450832, 36.77944, 0.0, 0.0, 0.0, 0
176.45004, 10.126044, 23.484955, 22.279903, 17.52716, 174.72363, 1.7128767, 6.2297096
8.631057, -29.430973, 33.340343, 37.22868, 0.0, 0.0, 0.0, 0
44.292557, 8.328282, 51.885025, 12.16535, 44.260773, 61.57026, 12.6132965, 17.309381
9.346919, -58.972305, 7.3620567, 33.665638, 0.0, 0.0, 0.0, 0
90.97694, 5.1281643, 69.58798, 8.751762, 77.31871, 87.49297, 7.0927606, 12.123497
9.257492, 19.188282, 37.64561, 43.166107, 0.0, 0.0, 0.0, -1
176.09293, 19.876276, 154.46527, 17.248512, 174.40771, 176.48575, 23.188389, 25.217768
3.4253628, 31.326181, 34.528145, 34.14567, 0.0, 0.0, 0.0, -1
173.03105, 24.528315, 163.66634, 21.391298, 176.14867, 176.30824, 27.288042, 28.182127
0.5519636, 31.776443, 34.160675, 34.06288, 0.0, 0.0, 0.0, -1
110.243095, 25.431904, 132.62195, 22.221376, 114.463005, 120.97381, 26.896086, 28.992113
0.0, 0.0, 0.0, 0.0, -40.05162, -19.89721, -40.051167, 3
47.51471, 25.431627, 69.89346, 22.221376, 52.981995, 60.97937, 25.572598, 27.02696
0.0, 0.0, 0.0, 0.0, -39.45976, -21.0812, -39.45904, 3
16.140703, 25.431393, 38.518997, 22.221376, 22.288347, 30.31502, 24.90927, 25.803978
0.0, 0.0, 0.0, 0.0, -37.096424, -25.80816, -37.09541, 3
4.7553787, 12.903311, 163.18637, 39.348793, 166.47986, 166.42242, 41.01248, 29.477844
5.865514, 41.27351, 36.8276, 21.898893, 0.0, 0.0, 0.0, -1
93.62656, 19.273975, 112.96869, 43.171852, 126.825714, 138.94986, 32.95909, 21.582386
5.744429, 21.619455, 38.17111, 40.209435, 0.0, 0.0, 0.0, -1
130.22415, 23.171953, 130.08188, 46.611862, 144.75989, 165.41742, 28.443674, 21.1371
2.39641, 27.115791, 39.761093, 33.12312, 0.0, 0.0, 0.0, -1
133.16878, 24.534834, 132.0491, 47.709743, 151.54565, 174.34363, 27.781672, 21.755335
0.61017513, 26.936892, 40.402447, 32.66066, 0.0, 0.0, 0.0, -1
77.436455, 25.273527, 169.80276, 48.309174, 145.38168, 120.682304, 26.778551, 21.984726
0.0018997594, 0.0, 0.0, 0.0, -40.07375, -25.361555, -34.564697, 3
9.957324, 27.394077, 75.908264, 48.30686, 16.927708, 14.399509, 23.749983, 25.735035
0.0, 0.0, 0.0, 0.0, -48.326443, -17.298876, -34.37468, 3
9.634162, 27.517536, 74.53997, 48.30686, 16.026508, 13.74883, 24.01031, 25.858498
5.107496, -30.590864, -35.885246, -33.52389, 0.0, 0.0, 0.0, 1
18.484272, 26.124508, 48.457092, 46.942253, 8.880981, 11.348511, 22.929457, 25.028868
7.3708143, -19.778288, -40.84419, -39.37752, 0.0, 0.0, 0.0, 1
4.829071, 5.2436943, 6.267212, 57.30704, 13.867889, 13.359955, 37.45386, 62.484413
8.335271, -42.770916, -32.771873, 24.457212, 0.0, 0.0, 0.0, 0
129.61563, 4.814545, 52.221863, 53.891296, 49.496063, 72.44141, 26.295076, 53.562695
9.44573, -29.316982, -8.843479, 61.83953, 0.0, 0.0, 0.0, 0
160.23668, 13.281345, 61.622513, 49.410965, 84.38286, 84.82744, 16.357294, 44.984398
5.669097, -17.812038, 22.957373, 59.23059, 0.0, 0.0, 0.0, 0
160.49387, 22.225815, 71.02603, 45.988853, 140.01978, 102.80466, 19.493464, 36.701996
1.9707975, -12.016609, 33.939518, 54.043873, 0.0, 0.0, 0.0, 0
149.9233, 23.610708, 63.375366, 45.58721, 136.20958, 98.31287, 21.495584, 34.960823
0.6276989, -11.084269, 35.717155, 53.198578, 0.0, 0.0, 0.0, -1
118.64318, 24.109173, 32.499847, 45.481186, 106.65794, 69.12515, 22.366785, 34.038822
0.04808162, 0.0, 0.0, 0.0, 36.035553, -6.8247647, -57.13969, 5
54.388542, 24.615026, 30.32492, 45.46257, 44.10012, 9.886017, 22.659958, 31.840618
0.0015686783, 0.0, 0.0, 0.0, 45.035072, 6.957351, -48.007576, 5
61.920578, 4.7450385, 136.0012, 36.508152, 147.04262, 135.64131, 7.2769094, 5.071678
1.4751429E-4, 0.0, 0.0, 0.0, 39.0682, -1.2789655, -59.652836, 5
30.45237, 4.7451663, 167.46695, 36.508152, 178.37015, 167.11478, 6.6865206, 5.0723643
0.0, 0.0, 0.0, 0.0, -37.94336, -14.505739, 47.5509, 3
30.228981, 4.7452893, 167.68661, 36.508152, 172.14386, 168.92691, 5.5498233, 4.6284647
2.1608312, -34.015175, 5.7095838, 60.275246, 0.0, 0.0, 0.0, 0
64.39718, 4.692863, 136.28616, 36.508152, 163.39276, 142.40738, 5.34304, 3.6101797
7.775387, -13.433422, 37.449467, 49.11711, 0.0, 0.0, 0.0, 0
168.71268, 11.612542, 84.13771, 34.624096, 158.81943, 163.27072, 10.424585, 8.686309
8.918429, -8.297322, 45.557648, 46.145027, 0.0, 0.0, 0.0, 0
169.53073, 13.323307, 86.95717, 34.343594, 163.9375, 166.42586, 12.17728, 10.542918
7.7277517, -4.8078327, 47.32382, 47.86835, 0.0, 0.0, 0.0, 0
170.24454, 15.288667, 90.24013, 34.125877, 171.31845, 169.45798, 14.1311865, 12.597785
6.747308, 10.906248, 45.992622, 43.10113, 0.0, 0.0, 0.0, -1
171.20328, 19.070982, 96.61896, 34.026424, 175.20285, 172.19717, 17.823105, 16.510992
4.7815976, 12.283041, 44.86235, 42.854607, 0.0, 0.0, 0.0, -1
171.89911, 23.251007, 103.6073, 34.405407, 178.57283, 174.40855, 21.482601, 21.087437
2.4494152, 10.472472, 45.156536, 44.370995, 0.0, 0.0, 0.0, -1
152.77776, 24.973215, 125.76294, 34.707397, 161.32846, 165.23372, 22.87565, 23.108782
0.47253168, 11.191574, 44.668125, 44.140297, 0.0, 0.0, 0.0, -1
58.000164, 25.423325, 138.68011, 34.799915, 66.22136, 69.28666, 22.763662, 23.763845
7.3724607E-4, 0.0, 0.0, 0.0, -39.726757, -20.201033, -40.07221, 5
52.500313, 7.279045, 74.105515, 28.737621, 23.67464, 56.722702, 5.498029, 3.720554
0.66651404, 30.145395, -5.8121457, -64.04246, 0.0, 0.0, 0.0, -1
20.61142, 7.2800503, 105.98836, 28.737024, 61.67868, 103.07793, 5.8251047, 4.695366
1.0572098, 29.928516, 8.269765, -61.801712, 0.0, 0.0, 0.0, 2
53.090218, 4.449311, 171.09293, 29.159924, 131.22574, 177.39102, 5.1588397, 5.4812303
6.953787E-4, 0.0, 0.0, 0.0, -36.62503, -21.569963, 41.805008, 3
68.88696, 4.449323, 173.10971, 29.159914, 145.55383, 170.14676, 5.0480356, 5.600236
0.49583116, -32.627426, -0.3245019, 67.04807, 0.0, 0.0, 0.0, -1
84.58285, 4.4495573, 157.4116, 29.159903, 159.69904, 157.74419, 4.9406295, 5.717217
4.267626, -20.877731, 22.334576, 56.787693, 0.0, 0.0, 0.0, 0
43.825172, 25.150171, 125.83532, 27.806515, 171.14938, 157.95844, 20.852629, 13.3900795
3.849938, 50.539173, 4.9962497, -44.46458, 0.0, 0.0, 0.0, 2
15.927742, 24.504734, 165.80933, 30.252893, 110.00817, 85.008675, 24.469494, 12.40496
7.610771, 43.728077, -31.172085, -25.099834, 0.0, 0.0, 0.0, 1
52.127075, 21.118713, 156.44078, 35.544083, 109.651474, 47.37451, 23.735046, 9.074233
4.633908, 50.232006, 14.257402, -35.510593, 0.0, 0.0, 0.0, 2
47.564682, 15.900227, 171.60306, 40.916035, 133.51297, 22.195229, 21.38315, 1.5258895
3.4649007, 45.713013, 21.22389, 33.06309, 0.0, 0.0, 0.0, -1
60.146988, 14.980525, 162.93826, 41.701916, 126.74595, 91.75331, 20.40826, 1.8856732
7.0108814, 8.463292, 26.039404, 65.4973, 0.0, 0.0, 0.0, -1
138.18729, 14.916347, 103.900986, 42.498848, 79.08455, 165.47237, 13.843331, 8.209071
6.307501, 8.518924, 34.949265, 56.53181, 0.0, 0.0, 0.0, -1
160.84753, 19.969362, 104.18988, 43.091843, 126.962524, 173.79724, 10.616592, 17.632818
2.8350782, 11.244988, 42.991608, 45.7634, 0.0, 0.0, 0.0, -1
108.663345, 26.246155, 170.61356, 44.11545, 128.87018, 117.04706, 18.591433, 23.70129
0.0071800323, 0.0, 0.0, 0.0, -36.5576, -21.395645, -42.046753, 5
78.19701, 26.550282, 158.03621, 44.11951, 95.22312, 86.345726, 19.750965, 23.959278
0.0, 0.0, 0.0, 0.0, -42.004246, -19.786789, -38.20896, 3
17.643015, 26.835018, 95.31319, 44.11951, 27.29353, 24.952301, 20.776163, 24.397331
0.0, 0.0, 0.0, 0.0, -47.52814, -19.098755, -33.37311, 3
13.499062, 4.850303, 169.20155, 31.039736, 168.60454, 171.75404, 5.066323, 7.699231
2.9802322E-4, 0.0, 0.0, 0.0, -37.639763, -17.747341, 44.6129, 3
46.740982, 4.85043, 135.93767, 31.039347, 104.42143, 139.95702, 3.5909715, 7.1710477
0.0, 0.0, 0.0, 0.0, -32.698532, -8.630933, 58.67054, 3
88.391396, 4.488654, 104.58751, 31.039347, 55.33641, 110.07982, 2.8341358, 5.5330167
0.5867234, 51.26522, 26.17135, -22.563427, 0.0, 0.0, 0.0, -1
111.47561, 4.3325143, 88.876495, 31.039347, 35.242706, 96.71747, 2.566308, 5.026662
1.7113553, -8.394468, -31.917473, 59.688057, 0.0, 0.0, 0.0, 1
133.58392, 4.244186, 73.152405, 31.039347, 21.042953, 84.038635, 2.3707604, 4.3522363
4.396726, -19.157173, 15.948706, 64.89412, 0.0, 0.0, 0.0, 0
125.16347, 4.226117, 92.63229, 31.039347, 57.11331, 117.89462, 2.5034685, 3.2015247
8.338689, -12.867238, 37.51067, 49.622097, 0.0, 0.0, 0.0, 0
7.9001045, 23.035982, 118.99873, 35.277622, 87.137955, 117.84816, 6.0974574, 22.33824
3.2862203, 37.802784, 36.032524, -26.164692, 0.0, 0.0, 0.0, 2
38.38468, 20.060917, 170.68674, 37.38445, 164.24081, 172.16031, 7.171224, 26.918781
6.4061613, 36.654026, 41.913364, 21.432611, 0.0, 0.0, 0.0, -1
116.43035, 22.718437, 140.50073, 43.0256, 175.93356, 141.9838, 13.366861, 32.598076
3.0084221, 33.393826, 40.028004, 26.578176, 0.0, 0.0, 0.0, -1
118.77973, 22.416706, 148.85474, 45.680817, 157.14694, 157.35431, 17.145756, 30.653269
0.48186493, 33.455254, 39.685623, 26.859123, 0.0, 0.0, 0.0, -1
57.39127, 21.764503, 147.54527, 46.281704, 85.59429, 135.28856, 18.41262, 29.098675
0.0017591387, 0.0, 0.0, 0.0, -36.977814, -26.040688, -36.981495, 5
4.545227, 20.43631, 118.38596, 39.809353, 109.923256, 113.321266, 45.713543, 36.74891
0.0, 0.0, 0.0, 0.0, 47.161575, 23.580946, 29.257479, -1
4.872925, 22.249458, 118.66106, 39.809353, 110.19917, 113.59648, 45.713234, 36.74897
0.7441964, 46.299797, 48.67912, -5.021084, 0.0, 0.0, 0.0, -1
3.7333908, 22.840853, 119.97594, 39.809353, 111.51451, 114.91142, 45.713036, 36.749012
3.5149393, 47.69461, 49.977474, -2.3279223, 0.0, 0.0, 0.0, 2
27.568752, 24.087124, 151.57979, 43.543232, 143.11928, 146.5153, 45.712757, 36.909748
4.514735, 45.175262, 47.428726, 7.3960133, 0.0, 0.0, 0.0, -1
62.85659, 24.964342, 157.12766, 49.272137, 144.77472, 143.03607, 45.21249, 35.697685
0.28318736, 42.12165, 44.711685, 13.166664, 0.0, 0.0, 0.0, -1
32.126606, 25.046223, 125.6634, 49.535263, 112.44184, 110.152016, 44.23353, 34.82738
0.0020297237, 0.0, 0.0, 0.0, -37.466953, -25.076246, -37.456802, 3
9.889952, 24.847906, 85.17872, 49.53501, 23.21946, 19.909523, 20.904486, 23.063732
0.24836963, -27.712288, -38.000694, -34.28702, 0.0, 0.0, 0.0, -1
9.94298, 25.24419, 84.35017, 49.53501, 22.934273, 19.58156, 21.131723, 23.371557
5.754703, -27.52419, -38.272816, -34.20299, 0.0, 0.0, 0.0, 1
13.387247, 24.526049, 60.049652, 48.09575, 0.89959717, 5.3189697, 20.19528, 22.651312
9.020525, -29.08641, -38.429634, -32.48395, 0.0, 0.0, 0.0, 1
39.508358, 14.500935, 57.384827, 39.955498, 29.860388, 32.375553, 9.599365, 12.282833
9.3348875, -81.70042, -7.3774686, -10.922113, 0.0, 0.0, 0.0, 0
76.11272, 12.055239, 45.240723, 36.10898, 74.51238, 69.486984, 6.3308043, 9.240703
7.050907, -46.364822, 30.85112, 22.784061, 0.0, 0.0, 0.0, 0
159.3782, 13.260004, 11.511627, 28.168383, 174.85912, 162.1372, 9.748408, 10.450096
0.8308895, -33.773155, 33.610065, 32.61678, 0.0, 0.0, 0.0, -1
175.98943, 13.874415, 4.0560303, 27.53164, 169.10635, 178.10448, 10.0476465, 10.753399
2.0499644, 8.00431, 29.30017, 62.695522, 0.0, 0.0, 0.0, -1
168.10141, 14.074795, 19.642914, 27.324888, 153.49817, 166.6694, 9.913512, 10.638785
7.4873734, 27.688057, 34.599434, 37.712505, 0.0, 0.0, 0.0, -1
141.28108, 23.826435, 132.87283, 34.51153, 155.0522, 151.35518, 20.965225, 21.717857
1.8070773, 26.335487, 38.967625, 34.696888, 0.0, 0.0, 0.0, -1
141.82657, 24.597012, 134.70636, 35.085308, 155.46068, 151.59702, 22.046158, 22.54089
0.5182168, 17.625704, 42.285866, 40.088432, 0.0, 0.0, 0.0, -1
110.81978, 25.14969, 167.33237, 35.501053, 124.33127, 120.399574, 22.830763, 23.06268
0.2333744, 26.44512, 38.782917, 34.77196, 0.0, 0.0, 0.0, -1
79.781136, 25.343702, 161.07681, 35.64775, 93.26552, 89.33186, 23.221224, 23.19681
0.0028692028, 0.0, 0.0, 0.0, -40.245045, -19.900612, -39.85434, 3
122.044785, 45.458614, 167.64459, 49.261806, 173.33618, 173.83914, 29.727951, 26.846886
0.002052079, 0.0, 0.0, 0.0, -32.931335, -18.625004, -48.443657, 5
105.78401, 45.724403, 176.65244, 49.261894, 157.86496, 173.15115, 29.663837, 26.813921
0.7186596, -15.794929, -25.936937, -58.268135, 0.0, 0.0, 0.0, -1
89.90904, 45.777977, 160.88858, 49.261856, 142.10056, 159.1452, 29.663946, 26.824682
7.1476784, -12.885385, -18.587835, -68.52678, 0.0, 0.0, 0.0, 2
5.771843, 35.82337, 85.65738, 47.558235, 71.4267, 92.96655, 25.697765, 25.574419
6.4401636, -5.3749537, -6.254984, -88.37006, 0.0, 0.0, 0.0, 2
4.908539, 28.634304, 91.20332, 46.967472, 72.352615, 97.97328, 22.267902, 23.696821
4.2249084, 1.1154088, -7.3901296, -91.49446, 0.0, 0.0, 0.0, 2
4.9586983, 23.93642, 94.710434, 46.896015, 67.90608, 96.253586, 19.619831, 21.06146
2.3154159, 3.5660467, -13.557937, -82.876015, 0.0, 0.0, 0.0, 2
4.972765, 21.151207, 96.92854, 46.943935, 64.29079, 94.833755, 17.861958, 19.288366
0.6014916, 4.980606, -18.84137, -76.178024, 0.0, 0.0, 0.0, -1
4.9087677, 18.472506, 89.855965, 47.000183, 26.378517, 51.69129, 17.008999, 15.013056
3.9209248E-4, 0.0, 0.0, 0.0, -42.81947, -28.551796, 28.62874, 3
7.104351, 9.678422, 96.59018, 41.179512, 88.47415, 102.376465, 6.8416324, 4.9391856
1.9966867, 9.94627, 19.021412, -71.03232, 0.0, 0.0, 0.0, 2
7.157505, 6.987368, 96.71205, 41.28994, 95.653, 113.220505, 6.5535297, 5.1536107
0.48589152, 13.0781355, 27.03594, -59.885925, 0.0, 0.0, 0.0, -1
38.122498, 5.5917463, 66.4588, 41.429577, 71.01868, 89.25485, 6.7172003, 5.54826
0.0011431071, 0.0, 0.0, 0.0, -38.670815, -28.062798, 33.266388, 3
47.942368, 5.4004936, 50.770325, 41.429596, 55.3302, 73.566345, 6.7172203, 5.548281
0.10891047, -27.026888, -35.749943, 37.223167, 0.0, 0.0, 0.0, -1
57.454998, 5.2684402, 35.038208, 41.429684, 39.598602, 57.834503, 6.717316, 5.5483947
1.8478372, -28.077719, -33.425503, 38.496777, 0.0, 0.0, 0.0, 1
66.68578, 5.200996, 19.327393, 41.429955, 23.888885, 42.124084, 6.717599, 5.5487123
6.5560617, -35.216747, -13.869143, 50.914116, 0.0, 0.0, 0.0, 0
156.5317, 16.965538, 69.03398, 34.872, 142.19681, 158.98401, 14.694904, 11.537185
6.30704, -9.206263, 45.108078, 45.685665, 0.0, 0.0, 0.0, 0
160.26453, 21.256712, 76.20706, 33.905964, 147.87035, 163.27754, 19.1731, 16.44092
3.7797637, -4.2236214, 47.6063, 48.17008, 0.0, 0.0, 0.0, 0
161.42279, 23.031622, 79.286285, 33.674797, 150.1662, 164.44614, 20.819426, 18.236921
2.0181108, -2.8406153, 48.330017, 48.82937, 0.0, 0.0, 0.0, 0
152.55057, 24.767023, 72.47592, 33.5443, 142.23459, 153.44, 22.449417, 19.481386
0.68774164, -1.8230058, 48.774784, 49.402206, 0.0, 0.0, 0.0, -1
121.418274, 25.312963, 42.022797, 33.52318, 111.36854, 118.655426, 22.965853, 19.510584
0.12869667, -1.341871, 48.837532, 49.8206, 0.0, 0.0, 0.0, -1
90.01306, 25.438765, 10.776215, 33.519836, 80.02206, 84.72148, 23.08531, 19.609573
2.861023E-6, 0.0, 0.0, 0.0, 34.307854, -20.586334, -45.105816, 5
50.614807, 5.313667, 64.38505, 17.261765, 70.40708, 64.970314, 3.3196836, 6.078214
0.0024662844, 0.0, 0.0, 0.0, 39.4395, 15.674855, -44.885643, 5
34.913635, 5.314142, 80.08426, 17.261604, 85.61316, 78.83899, 3.3331156, 5.870203
5.5378246, -84.868965, 9.920583, 5.210446, 0.0, 0.0, 0.0, 0
81.83031, 3.8564749, 68.015274, 15.72876, 113.92348, 81.71614, 2.4206047, 3.8907604
9.237846, -9.677826, 49.73284, 40.58933, 0.0, 0.0, 0.0, 0
125.28807, 4.884397, 79.83322, 14.409665, 165.39752, 125.97995, 4.605244, 4.1305165
9.258731, 9.4162655, 47.516296, 43.067436, 0.0, 0.0, 0.0, -1
140.40018, 22.042149, 175.93565, 22.48847, 150.37302, 146.38315, 22.119047, 22.45677
0.29200742, 28.749298, 36.011086, 35.239616, 0.0, 0.0, 0.0, -1
109.30727, 21.743404, 152.15704, 22.717384, 119.075, 115.28131, 22.15449, 22.728796
0.0027849267, 0.0, 0.0, 0.0, -40.425034, -19.282917, -40.29205, 3
46.769577, 20.980364, 89.13583, 22.721231, 56.279007, 53.642868, 21.47111, 22.699368
0.0012987911, 0.0, 0.0, 0.0, -40.54468, -15.921171, -43.534145, 5
41.91388, 5.4288535, 57.439056, 40.115276, 92.240265, 73.253174, 6.511326, 4.41697
0.05332957, 0.0, 0.0, 0.0, 43.09449, 11.518086, -45.387424, 5
10.868765, 5.390337, 89.023895, 40.089954, 120.44524, 97.18854, 6.1564245, 4.6375494
0.0013186439, 0.0, 0.0, 0.0, -40.38971, -20.775513, 38.83478, 3
30.391151, 4.7618017, 66.916626, 40.090027, 95.89937, 70.98535, 4.215461, 4.8006372
4.7086604E-4, 0.0, 0.0, 0.0, -26.637905, -16.243431, 57.118668, 3
61.965466, 4.760414, 35.350525, 40.090034, 65.63103, 39.38733, 3.7302096, 4.800595
0.48095426, -24.653097, -35.48176, 39.865147, 0.0, 0.0, 0.0, -1
77.69692, 4.7599998, 19.62268, 40.090034, 49.903183, 23.648407, 3.7302096, 4.8004975
2.3239157, -25.4446, -28.477339, 46.07806, 0.0, 0.0, 0.0, 1
93.33437, 4.7595763, 3.9887085, 40.090034, 34.26921, 8.0078125, 3.7302096, 4.8001914
6.80941, -29.67574, 6.2258887, 64.09837, 0.0, 0.0, 0.0, 0
170.91339, 15.191702, 75.55145, 35.58501, 150.2752, 152.12128, 12.561767, 14.112729
6.5905085, -4.079564, 47.095657, 48.82478, 0.0, 0.0, 0.0, 0
170.33005, 18.756386, 79.49782, 35.035763, 154.4058, 155.86578, 16.043398, 17.579268
5.1779523, -1.1613885, 48.772102, 50.066505, 0.0, 0.0, 0.0, 0
171.73413, 19.684668, 82.00639, 34.92086, 156.99516, 158.14238, 17.406422, 18.95922
3.9257233, 1.479323, 48.853355, 49.66732, 0.0, 0.0, 0.0, -1
154.52292, 23.89529, 71.11188, 34.975, 142.51865, 143.54294, 21.430475, 22.970398
0.48560342, 4.050553, 47.648777, 48.300667, 0.0, 0.0, 0.0, -1
92.99881, 23.598146, 9.04834, 35.015495, 80.68916, 82.269356, 21.588303, 23.058784
0.0010054823, 0.0, 0.0, 0.0, 35.859924, -19.64714, -44.492935, 5
61.56201, 6.465421, 85.67946, 23.936111, 97.36128, 85.20964, 3.439075, 6.1763525
0.0071129175, 0.0, 0.0, 0.0, 46.69073, 17.28044, -36.02883, 5
30.248829, 6.463709, 117.11043, 23.931114, 123.10878, 111.32863, 3.4508502, 5.783358
0.0018746676, 0.0, 0.0, 0.0, 72.58556, 23.597822, 3.816611, -1
14.533081, 6.4633617, 132.82666, 23.931025, 138.8342, 124.23868, 3.4511833, 5.5398893
0.0014139346, 0.0, 0.0, 0.0, 32.109535, 17.538898, 50.35157, -1
4.14872, 5.8231125, 141.23013, 23.93124, 164.86847, 127.6666, 2.681068, 4.986663
2.1273522E-4, 0.0, 0.0, 0.0, -19.551943, 16.129023, 64.31903, 3
65.16577, 4.8464594, 155.83162, 23.93127, 157.72438, 158.96562, 2.5801466, 3.1291134
6.5131373, -11.000956, 41.85867, 47.140377, 0.0, 0.0, 0.0, 0
97.534256, 26.456713, 161.15085, 58.432274, 157.5597, 167.45947, 32.58711, 26.900042
2.426927, 46.671913, 46.550117, 6.777972, 0.0, 0.0, 0.0, -1
56.881752, 27.019823, 115.410255, 61.747448, 107.20814, 115.51502, 33.218567, 28.427307
0.28111294, 26.803175, 23.19681, -50.00002, 0.0, 0.0, 0.0, -1
25.876846, 27.073435, 83.84502, 62.04549, 71.41075, 78.550186, 31.96336, 27.589264
6.3206787, -45.754494, -40.60557, -13.639927, 0.0, 0.0, 0.0, 0
76.1504, 24.46348, 2.9710083, 54.478855, 48.63156, 45.682922, 22.93014, 20.521057
5.186496, -70.171036, -25.101995, 4.726968, 0.0, 0.0, 0.0, 0
89.896484, 21.872087, 3.8719788, 48.95022, 71.28479, 70.31362, 20.763247, 17.834091
2.3202095, -78.10815, -6.0998425, 15.792005, 0.0, 0.0, 0.0, 0
92.79962, 21.613264, 0.017944336, 46.225727, 80.51045, 78.937225, 20.285889, 18.024822
0.4580849, -69.23467, 7.656541, 23.108784, 0.0, 0.0, 0.0, -1
62.31544, 21.750755, 31.384216, 45.816887, 49.670723, 48.451065, 20.31451, 18.302141
0.017388575, 0.0, 0.0, 0.0, 45.155693, -10.795589, -44.048717, -1
32.45159, 13.756005, 179.69363, 36.135006, 173.85522, 179.14502, 7.3609953, 5.075265
1.7421535, 31.65178, 31.48531, -36.862907, 0.0, 0.0, 0.0, 2
0.62683105, 10.054825, 150.11371, 37.473686, 145.65662, 157.6543, 7.6633363, 6.483894
0.10035614, 31.975056, 32.423748, -35.6012, 0.0, 0.0, 0.0, -1
17.774124, 9.414446, 165.89552, 37.557056, 157.74, 173.73943, 6.6794624, 6.5740066
7.247925E-5, 0.0, 0.0, 0.0, -27.579937, -23.46333, 48.956738, 3
35.278526, 8.881077, 178.26532, 37.557045, 166.1481, 170.42151, 5.428122, 6.57404
0.49479455, -23.931648, -15.106601, 60.961754, 0.0, 0.0, 0.0, -1
53.07907, 8.320915, 162.47528, 37.55703, 169.22824, 149.47653, 4.28131, 5.895659
3.2692978, -21.517714, 12.908954, 65.57333, 0.0, 0.0, 0.0, 0
170.19646, 18.044682, 94.9335, 35.48866, 174.98221, 177.50024, 16.422068, 13.052695
5.3526945, 3.669091, 48.488403, 47.84251, 0.0, 0.0, 0.0, -1
163.76752, 24.277775, 112.60654, 36.034832, 174.59981, 175.86801, 22.598461, 20.07725
0.7373854, 8.483395, 45.901016, 45.61559, 0.0, 0.0, 0.0, -1
101.01633, 25.01398, 176.61578, 36.16987, 111.51318, 112.948166, 23.330149, 21.31863
5.722046E-6, 0.0, 0.0, 0.0, -38.67797, -20.325844, -40.99618, 5
38.975033, 24.29812, 120.337845, 36.16987, 48.233376, 51.079487, 22.997, 21.883923
0.0, 0.0, 0.0, 0.0, -40.469597, -19.630741, -39.899654, 3
8.554969, 6.0634465, 24.46344, 26.260412, 28.80591, 25.052094, 7.7570896, 5.0407863
4.0916047, -28.980087, -35.36888, -35.651035, 0.0, 0.0, 0.0, 2
9.169159, 5.6387086, 41.03195, 26.013521, 4.667353, 45.552338, 7.4907537, 4.8119235
7.396638, -76.46106, -12.37304, -11.165908, 0.0, 0.0, 0.0, 0
55.819717, 3.0259395, 59.791763, 24.446953, 61.67491, 86.54237, 5.654154, 4.988707
9.308774, -24.616182, 35.54017, 39.843647, 0.0, 0.0, 0.0, 0
157.16415, 4.755784, 72.01501, 21.690624, 119.42739, 131.5302, 5.458186, 7.219724
9.171128, -7.478589, 44.491833, 48.02958, 0.0, 0.0, 0.0, 0
168.95134, 8.919327, 84.00452, 20.11791, 148.34998, 147.23236, 8.858228, 10.971172
8.8753, 5.4992423, 46.091537, 48.409225, 0.0, 0.0, 0.0, -1
164.84554, 18.538893, 105.13566, 21.120766, 153.4453, 150.22238, 19.25989, 20.401674
3.220748, 19.86586, 39.285965, 40.84817, 0.0, 0.0, 0.0, -1
157.18893, 21.064928, 107.9306, 23.03485, 146.90259, 144.01695, 22.212425, 23.32282
0.41847134, 21.931137, 38.30432, 39.76454, 0.0, 0.0, 0.0, -1
27.398895, 20.552774, 16.226608, 23.405643, 19.06688, 16.264343, 22.121286, 23.26838
0.0017140065, 0.0, 0.0, 0.0, -33.64728, 21.659798, 44.692917, 3
3.8135223, 20.037497, 35.36505, 23.405613, 2.4686584, 5.420166, 21.86658, 22.95869
0.85756, -48.60722, 17.791174, 33.601604, 0.0, 0.0, 0.0, -1
17.881653, 19.939028, 19.67273, 23.4055, 12.469559, 9.357269, 21.868551, 22.899511
2.696684, -44.217903, 20.689795, 35.092304, 0.0, 0.0, 0.0, 0
31.914017, 19.889957, 3.9320068, 23.40539, 27.436539, 24.216354, 21.87551, 22.857162
7.026323, -33.011875, 28.04512, 38.943005, 0.0, 0.0, 0.0, 0
95.67444, 20.274721, 65.3577, 22.432917, 94.12999, 90.41994, 22.483664, 23.083916
6.919037, -10.134132, 41.611355, 48.254513, 0.0, 0.0, 0.0, 0
107.476654, 21.71095, 81.16449, 21.32819, 106.25369, 102.475525, 24.318323, 24.262335
3.2943416, 11.560671, 40.734215, 47.705116, 0.0, 0.0, 0.0, -1
99.410904, 24.471113, 75.87155, 21.704832, 92.80565, 90.180466, 26.520187, 25.46773
0.448077, 16.800867, 37.179516, 46.019615, 0.0, 0.0, 0.0, -1
68.79837, 24.707806, 45.535736, 21.789713, 61.725647, 59.67392, 26.602276, 25.314949
0.014053037, 0.0, 0.0, 0.0, 7.0534782, -27.74817, -65.19835, 5
3.2039032, 9.635637, 136.52087, 44.298862, 160.46146, 135.62466, 42.888752, 43.61095
0.0, 0.0, 0.0, 0.0, 10.383376, 7.257871, 82.35876, -1
10.629784, 10.126292, 152.31561, 44.298862, 176.07791, 151.17535, 41.42657, 42.15754
0.0, 0.0, 0.0, 0.0, -22.404991, -9.375741, 68.21927, 3
24.676586, 10.627856, 168.14093, 44.298862, 168.27298, 166.73914, 39.965237, 40.69889
3.1170738, 17.466722, -7.3826084, 75.15067, 0.0, 0.0, 0.0, 1
67.47577, 12.183662, 144.62395, 44.298862, 121.594315, 146.95259, 35.45709, 36.2411
8.296622, 24.396772, 11.587294, 64.01594, 0.0, 0.0, 0.0, -1
128.05824, 17.379854, 110.72801, 45.576176, 94.16942, 119.07976, 27.11565, 31.00937
5.686918, 24.121962, 25.343946, 50.534092, 0.0, 0.0, 0.0, -1
139.79892, 22.014618, 117.837265, 47.60879, 114.74809, 134.85384, 22.841026, 29.105959
2.5404882, 22.96537, 32.33644, 44.69819, 0.0, 0.0, 0.0, -1
124.424515, 24.971214, 141.66797, 49.08542, 154.60602, 168.29288, 20.714191, 27.519882
0.3781817, 21.829578, 35.482277, 42.688145, 0.0, 0.0, 0.0, -1
93.26788, 25.285536, 173.61261, 49.245453, 169.46582, 157.20905, 20.24545, 26.94026
0.015782654, 0.0, 0.0, 0.0, -35.779274, -24.121506, -40.09922, 5
61.785427, 25.301086, 154.86815, 49.252636, 134.08156, 123.049576, 19.6424, 26.142225
0.002509472, 0.0, 0.0, 0.0, -38.808067, -27.06392, -34.128014, 3
4.7919235, 12.65719, 127.10919, 43.51193, 90.642365, 113.97702, 33.408764, 24.685225
0.0, 0.0, 0.0, 0.0, 22.177011, 21.794762, 56.02823, -1
10.699211, 13.154691, 142.77841, 43.51193, 106.31425, 129.63217, 33.40382, 24.841827
0.0, 0.0, 0.0, 0.0, -17.830536, 4.1512, 78.01827, 3
42.092484, 13.236095, 174.21097, 43.51193, 137.74713, 161.06482, 33.402836, 24.842678
5.371076, 7.732009, 37.597416, 54.67057, 0.0, 0.0, 0.0, -1
152.54903, 23.51258, 124.55621, 46.099064, 168.22818, 166.8182, 33.149014, 23.930584
0.38989308, 16.09933, 40.684135, 43.21653, 0.0, 0.0, 0.0, -1
9.839237, 29.846302, 70.406624, 46.331398, 19.113531, 17.214209, 29.084959, 25.391361
0.24775591, -19.01978, -40.372913, -40.607307, 0.0, 0.0, 0.0, -1
9.838718, 29.845932, 70.406624, 46.331398, 19.113531, 17.961432, 29.084944, 25.486773
2.092585, -18.08378, -40.75492, -41.1613, 0.0, 0.0, 0.0, 2
49.717667, 2.1244135, 129.9469, 33.112812, 142.57047, 129.4927, 7.222136, 5.0912557
1.4698322E-4, 0.0, 0.0, 0.0, 13.387524, -80.60167, 6.010814, 4
9.429546, 10.09204, 124.7816, 33.11239, 107.350815, 12.40226, 5.830233, 9.333218
0.0, 0.0, 0.0, 0.0, 11.773249, 26.408472, 61.81828, -1
39.67997, 10.658765, 156.27176, 33.11239, 109.13034, 18.379196, 5.430613, 11.362359
0.0, 0.0, 0.0, 0.0, -20.84208, 26.855581, 52.30234, 3
55.39981, 10.658767, 171.99261, 33.11239, 114.082954, 34.033653, 5.6655602, 11.696307
0.24780974, -7.309688, 43.16322, 49.527092, 0.0, 0.0, 0.0, -1
71.13904, 10.65875, 172.26544, 33.11239, 122.7989, 49.774307, 5.9471655, 11.708357
4.9345856, -4.120864, 47.046215, 48.832924, 0.0, 0.0, 0.0, 0
161.19844, 13.706213, 92.20961, 32.759655, 177.8295, 159.91597, 12.060265, 16.314825
7.4916205, 4.320817, 48.59982, 47.07936, 0.0, 0.0, 0.0, -1
164.16283, 17.227337, 98.47507, 32.77386, 179.4889, 170.27351, 15.4374485, 20.163267
5.5581064, 7.9886475, 46.682808, 45.328545, 0.0, 0.0, 0.0, -1
117.22583, 24.428188, 161.61032, 34.284817, 128.82936, 133.53406, 22.804213, 23.665268
0.055333953, 0.0, 0.0, 0.0, -30.782228, -23.496214, -45.72156, 5
85.68767, 24.483171, 166.74419, 34.301395, 97.26593, 101.192924, 22.859552, 23.852896
0.0, 0.0, 0.0, 0.0, -39.66652, -20.666819, -39.66666, 5
22.977161, 24.4837, 104.03391, 34.301395, 34.34681, 36.991802, 22.844278, 24.015217
0.0, 0.0, 0.0, 0.0, -38.95707, -22.085611, -38.957325, 5
65.983154, 4.300891, 70.888275, 24.299318, 71.809875, 52.337738, 3.583358, 5.25187
5.762464E-4, 0.0, 0.0, 0.0, 41.641914, 21.353233, -37.004852, 5
34.58123, 4.301332, 102.28305, 24.29867, 103.21091, 81.56885, 3.5831618, 4.699287
1.5908435E-4, 0.0, 0.0, 0.0, 59.017754, 27.61703, -13.365216, 5
18.890709, 4.3012877, 117.96874, 24.298513, 118.901024, 98.33578, 3.5832546, 4.533159
0.0, 0.0, 0.0, 0.0, 39.839645, 23.515118, 36.64524, -1
37.513657, 4.3008904, 174.35707, 24.298513, 163.68962, 145.48955, 3.0436811, 4.332066
0.0, 0.0, 0.0, 0.0, -42.719624, 7.4217267, 49.858646, 3
53.33821, 4.3008904, 169.81837, 24.298513, 174.57692, 156.78764, 3.170055, 4.369216
2.0367575, -21.606243, 25.597637, 52.79612, 0.0, 0.0, 0.0, 0
158.94202, 6.938674, 82.21602, 23.48526, 146.566, 162.38782, 5.274449, 5.7603645
9.24057, -2.670853, 48.931274, 48.397873, 0.0, 0.0, 0.0, 0
5.0462646, 6.0132704, 81.85033, 46.10173, 76.19768, 81.69795, 6.010533, 4.498914
2.5654965E-5, 0.0, 0.0, 0.0, -35.078724, -14.605482, 50.315792, 3
68.321075, 4.1853213, 34.04332, 46.101677, 32.355515, 16.921219, 6.3191886, 4.1436462
5.5126123, -31.703806, 11.658957, 56.637238, 0.0, 0.0, 0.0, 0
142.56212, 5.415602, 46.611237, 45.266747, 73.30853, 94.60141, 6.890029, 5.6094146
9.25302, -17.939531, 35.740566, 46.3199, 0.0, 0.0, 0.0, 0
168.06708, 18.951332, 74.2621, 40.268192, 152.30714, 153.21475, 16.322018, 17.855837
4.6054907, -4.9444246, 46.806477, 48.2491, 0.0, 0.0, 0.0, 0
169.11952, 22.275446, 79.00156, 39.774303, 157.79749, 155.71365, 19.733837, 21.144047
2.3093514, -2.7785888, 47.979618, 49.241795, 0.0, 0.0, 0.0, 0
28.678223, 25.474747, 57.555267, 39.560013, 19.429993, 16.391891, 22.765547, 23.767061
3.5860183E-4, 0.0, 0.0, 0.0, 46.357132, -8.254819, -45.38805, -1
5.7175293, 5.3509502, 6.3561707, 28.001476, 11.30867, 4.5385284, 4.813663, 6.791037
9.2462014E-4, 0.0, 0.0, 0.0, 20.097004, 10.547846, 69.35515, -1
4.9569855, 5.3508625, 7.1167755, 28.001352, 12.070541, 8.436401, 4.813513, 6.5896277
5.5236096, -61.09122, -9.643928, 29.264853, 0.0, 0.0, 0.0, 0
118.66034, 6.0639224, 55.194794, 26.44649, 104.04198, 85.72836, 5.4765863, 4.962982
9.222679, -13.483765, 41.86754, 44.648693, 0.0, 0.0, 0.0, 0
143.88446, 11.399624, 68.65503, 24.326906, 133.36449, 129.00801, 11.338003, 7.9003344
8.937589, -3.4186192, 47.396233, 49.18515, 0.0, 0.0, 0.0, 0
151.3609, 14.674893, 77.282974, 23.550018, 140.68466, 139.69516, 14.123407, 10.939863
6.666002, 4.2996492, 46.959564, 48.74079, 0.0, 0.0, 0.0, -1
160.59659, 23.605854, 100.018906, 24.147825, 153.52838, 150.20587, 22.326181, 20.608189
1.8645214, 13.477116, 42.51805, 44.00483, 0.0, 0.0, 0.0, -1
161.12952, 24.48849, 102.08536, 24.39836, 154.35638, 151.51843, 23.175808, 21.571722
0.6026875, 14.31081, 42.214508, 43.474678, 0.0, 0.0, 0.0, -1
36.85919, 24.622168, 20.566696, 24.694517, 29.606644, 30.344315, 24.800585, 23.15489
0.0025016067, 0.0, 0.0, 0.0, 42.306652, -16.713999, -40.979347, -1
33.487595, 5.2643075, 69.308334, 57.374924, 102.42967, 69.868515, 62.54778, 48.310863
8.2969666E-4, 0.0, 0.0, 0.0, -33.565758, -16.847548, 49.586693, 3
9.550629, 4.6133895, 37.83255, 57.37458, 70.59491, 38.110535, 59.6495, 45.37694
5.900515, -27.737574, -38.283237, 33.979187, 0.0, 0.0, 0.0, 1
151.90445, 5.885556, 55.939575, 55.61382, 23.082275, 58.58725, 47.72541, 34.81731
9.138022, -20.833504, -28.899319, 50.267185, 0.0, 0.0, 0.0, 1
164.69333, 12.764241, 62.84482, 52.409336, 29.83783, 74.6911, 35.709145, 26.78755
7.3731937, -18.164974, -21.652647, 60.182373, 0.0, 0.0, 0.0, 1
165.79237, 24.460587, 72.11673, 49.04337, 64.19232, 125.282104, 16.504072, 21.501986
0.5285952, -11.341963, 17.763578, 70.894455, 0.0, 0.0, 0.0, -1
100.68504, 24.741127, 10.192322, 48.908447, 13.668228, 71.58911, 14.873652, 21.863176
3.6190377E-5, 0.0, 0.0, 0.0, 41.4027, -10.30172, -48.29558, 5

SIGNAL KNOWLEDGE:
37.961502, 18.586235, 93.18068, 41.985325, 86.38451, 88.75008, 6.056227, 4.481056,implicit, 1
58.41548, 6.484598, 64.09665, 30.682972, 13.341431, 64.820984, 5.785391, 5.063964,implicit, 1
4.9110413, 25.44215, 79.1221, 30.768377, 13.321976, 16.677567, 22.806107, 23.630451,implicit, 0
75.08957, 4.343379, 64.83914, 18.43332, 63.243668, 71.655304, 3.5662656, 1.8543056,implicit, 1
84.895096, 17.192934, 167.5382, 10.439501, 163.18922, 168.51717, 5.6538806, 3.4097073,implicit, 1
47.182377, 9.780272, 153.59181, 10.60571, 132.98172, 86.638275, 2.0493915, 3.5333443,implicit, 0
4.937805, 25.837616, 29.181427, 22.08064, 4.2476196, 1.1290588, 23.578964, 24.492706,implicit, 0
5.957733, 25.052488, 29.181427, 22.08064, 3.8685303, 0.7131653, 23.375673, 24.280132,explicit:callForPass, 0
66.173065, 16.838741, 103.82504, 55.73742, 120.32776, 118.59494, 51.78561, 53.37122,implicit, 1
60.89099, 9.661729, 53.439423, 38.774113, 66.95114, 97.22273, 4.4948006, 6.0650935,implicit, 1
4.9953537, 25.424746, 84.57146, 34.03246, 15.396721, 16.059265, 23.822927, 22.249863,implicit, 0
82.57304, 6.965956, 32.20392, 21.636044, 9.803375, 33.56781, 6.9326835, 3.578993,implicit, 1
4.935257, 25.448994, 47.34509, 23.780506, 4.2938557, 1.3585281, 23.146584, 24.166725,implicit, 0
4.942032, 24.798664, 98.44305, 49.72007, 110.67806, 56.6408, 19.643085, 33.03773,implicit, 0
4.930233, 23.79503, 74.36098, 34.853436, 6.9491224, 1.5776024, 22.053709, 19.683535,implicit, 0
127.127075, 5.27248, 56.971878, 27.946978, 56.54979, 94.93178, 5.0783534, 7.2577753,implicit, 1
131.49681, 4.511547, 103.50758, 29.540134, 105.51842, 132.59108, 3.9438577, 6.3512115,implicit, 0
4.9875183, 22.189848, 86.53093, 45.709435, 6.254257, 10.462677, 20.473757, 20.864265,explicit:callForPass, 0
103.37266, 14.668263, 4.356186, 22.99892, 5.074402, 31.6483, 3.5213432, 5.5101852,implicit, 1
4.1325226, 20.767422, 86.5728, 45.52816, 9.178024, 13.447662, 19.578009, 20.691454,implicit, 0
4.130478, 20.766678, 86.5728, 45.52816, 8.985779, 13.139145, 19.555635, 20.223907,explicit:callForPass, 0
1.2194519, 22.656582, 92.66495, 45.52816, 14.336014, 16.537094, 21.028229, 22.94218,explicit:callForPass, 0
89.363525, 7.632575, 5.3403473, 35.11286, 6.268921, 73.94919, 4.091211, 3.3302295,implicit, 1
2.1464539, 23.326391, 88.793274, 47.123863, 12.192032, 38.179413, 21.888258, 21.789019,implicit, 0
84.00502, 8.934743, 153.79716, 28.149376, 157.5828, 152.95459, 6.288391, 5.0473433,implicit, 1
82.768906, 4.631375, 161.34615, 29.410566, 157.84048, 168.90952, 4.785943, 4.446382,implicit, 0
5.568985, 21.814379, 85.788376, 49.442856, 29.771942, 17.738586, 21.51388, 21.646582,explicit:callForPass, 0
73.25812, 13.735172, 4.1834106, 37.63381, 4.780243, 60.69107, 5.037114, 4.0303082,implicit, 1
3.946228, 25.431175, 26.324188, 22.221376, 10.491638, 13.200806, 23.93194, 22.808195,implicit, 0
3.444626, 20.270384, 26.456024, 22.221376, 4.0766296, 8.319244, 20.781662, 21.11632,explicit:callForPass, 0
0.87825394, 27.452827, 63.14424, 48.30686, 7.6359715, 5.261521, 24.296541, 26.331572,explicit:run, 0
4.152502, 23.040144, 78.11151, 45.463055, 7.9421644, 17.295046, 22.14383, 22.340511,explicit:callForPass, 0
109.10435, 4.7444606, 88.831696, 36.508152, 117.66583, 89.0159, 7.5477834, 4.966012,implicit, 1
1.4080505, 20.024633, 80.91539, 34.799915, 14.726231, 9.144978, 20.38134, 21.400429,explicit:callForPass, 0
52.500313, 7.279045, 74.105515, 28.737621, 23.67464, 56.722702, 5.498029, 3.720554,implicit, 1
4.895158, 27.293623, 71.97097, 44.11951, 7.408141, 11.904558, 22.474192, 26.01042,explicit:callForPass, 0
44.890984, 4.8500123, 137.83122, 31.04023, 137.24022, 158.54234, 5.0665526, 8.271711,implicit, 1
4.9580555, 21.572075, 95.11637, 46.28245, 24.066576, 73.96311, 19.163633, 24.991632,implicit, 0
4.895218, 18.628996, 90.822136, 46.99977, 32.103477, 63.710503, 16.633242, 15.260777,implicit, 0
18.866777, 16.307617, 66.00095, 47.000458, 0.64961576, 14.486979, 16.180624, 14.747952,implicit, 0
56.455364, 11.759614, 60.95352, 41.334675, 26.840546, 67.41763, 6.9017496, 4.34929,implicit, 1
4.86903, 24.615528, 75.53746, 33.519833, 5.3235664, 6.979023, 22.99602, 21.54807,implicit, 0
122.366516, 7.4458365, 16.83899, 17.7096, 15.996918, 62.603004, 3.5295038, 7.9656734,implicit, 1
4.893875, 20.978455, 47.257523, 22.721203, 14.570389, 14.982422, 20.649668, 22.2352,implicit, 0
17.977081, 20.75828, 4.869507, 49.316452, 2.7199707, 5.0030518, 34.594593, 26.134485,implicit, 1
93.256325, 7.365454, 38.921295, 24.809044, 41.106384, 9.680176, 4.4870005, 8.264664,implicit, 1
4.897852, 21.761166, 88.8701, 45.784946, 7.631279, 9.035042, 20.397394, 18.88457,implicit, 0
106.83917, 16.819534, 100.950134, 36.13574, 138.82031, 108.82797, 7.8607078, 4.1814322,implicit, 1
4.861313, 24.731174, 18.37407, 21.79842, 5.0862885, 3.0870514, 25.580873, 23.689272,implicit, 0
4.867981, 21.360363, 91.944626, 49.250004, 29.056261, 28.502794, 19.191998, 21.228039,implicit, 0
9.839237, 29.846302, 70.406624, 46.331398, 19.113531, 17.214209, 29.084959, 25.391361,explicit:callForPass, 0
97.38524, 4.334635, 39.507446, 24.300293, 40.427765, 19.504333, 3.5840962, 5.7686777,implicit, 1
83.710846, 15.48871, 59.201508, 52.989014, 80.163086, 42.160706, 26.741613, 22.259884,implicit, 1
25.715424, 7.6961765, 26.512878, 46.103954, 1.1038513, 23.738586, 6.153828, 4.7357774,implicit, 1
4.8921204, 25.474085, 81.33795, 39.559784, 4.183182, 7.159027, 22.677876, 23.67905,implicit, 0
4.681244, 22.827448, 52.47998, 24.693773, 4.4235077, 2.9120789, 24.252129, 22.396177,implicit, 0
114.3457, 10.823506, 83.48132, 10.533534, 77.65051, 112.368286, 3.8789175, 4.1955824,implicit, 1
54.27072, 3.943259, 6.284027, 57.374237, 38.684906, 6.231415, 56.737812, 42.445824,implicit, 0
2.319275, 21.182117, 81.83496, 48.90842, 23.841995, 10.1753235, 16.954746, 21.129795,implicit, 0
104.77974, 14.272443, 0.5036316, 37.635624, 0.38693237, 47.66797, 5.0063877, 5.003634,implicit, 1

SHOOT KNOWLEDGE:
102.43147, 22.912794, 1.0504456, 27.339037, 58.036804, 75.08511, 11.281273, 4.9481506
6.563031, 15.503182, 37.55356, 18.990818, 7.943609, 13.112244, 13.322707, 14.667223
18.40767, 9.788576, 31.276703, 19.953106, 2.1403198, 4.606125, 11.746561, 16.22242
64.389114, 1.6206111, 50.671906, 8.445193, 61.426987, 43.819046, 8.517318, 4.1140966
4.994232, 12.551013, 28.820084, 18.105515, 5.9167023, 7.8289185, 19.575138, 16.661922
33.12213, 9.032949, 37.25978, 22.748276, 14.741669, 16.772003, 19.234886, 14.126995
64.7563, 10.823506, 33.891922, 10.533534, 26.68425, 55.918747, 3.5669284, 3.1437426

