POS KNOWLEDGE:
100.36119, 50.338097, 1.5737915, 38.21593, 36.440277, 42.884247, 23.036112, 39.925972
3.7906296, -49.775043, -36.82345, 13.401514, 0.0, 0.0, 0.0, 0
104.53573, 51.26145, 1.5734253, 34.40178, 38.345352, 45.82788, 12.70633, 29.725624
3.3325977, -56.25284, -32.735573, 11.011591, 0.0, 0.0, 0.0, 0
107.254776, 48.756702, 1.5735168, 29.83024, 28.353333, 49.947388, 4.4277673, 17.802425
2.8643346, -54.75484, 7.9594398, -37.285717, 0.0, 0.0, 0.0, 0
81.77661, 47.750343, 27.323273, 28.927462, 40.145294, 75.03693, 4.0834603, 14.379573
3.3123147, -41.41645, 14.399719, -44.183826, 0.0, 0.0, 0.0, 2
58.598194, 41.057518, 61.147827, 26.701902, 69.58316, 108.40422, 4.59965, 7.8989973
1.2724125, -47.838764, 5.337519, -46.82372, 0.0, 0.0, 0.0, 0
4.918709, 23.904144, 62.832478, 26.864933, 7.6735325, 7.2805347, 22.373062, 21.29739
4.0880117, -8.579047, -45.034164, -46.38679, 0.0, 0.0, 0.0, 2
167.75668, 37.3929, 173.87125, 52.161224, 170.09885, 171.32916, 39.646484, 48.93791
0.6061159, 33.65332, 33.625664, 32.721012, 0.0, 0.0, 0.0, -1
136.72337, 35.44532, 142.59563, 53.09762, 158.13182, 140.13594, 37.741463, 46.92978
0.002922729, 0.0, 0.0, 0.0, -40.29897, -20.134302, -39.56673, 3
89.75806, 31.047182, 95.50629, 53.100876, 110.73123, 93.07742, 33.34947, 42.522373
0.64610773, -33.69447, -33.067024, -33.238506, 0.0, 0.0, 0.0, -1
74.40355, 29.591787, 79.765335, 53.101307, 94.868454, 77.34822, 31.881788, 41.051804
3.0521135, -33.812576, -33.336952, -32.850468, 0.0, 0.0, 0.0, 0
10.556, 22.296644, 4.972948, 49.890194, 11.620957, 4.1369834, 23.11084, 32.218525
3.7897365, -35.22784, -34.916492, -29.855669, 0.0, 0.0, 0.0, 0
1.0435486, 18.140368, 4.957855, 47.945896, 20.53003, 1.203949, 8.908722, 22.45174
3.1478488, -37.996788, -30.756334, -31.246876, 0.0, 0.0, 0.0, 0
88.4056, 10.67739, 55.559357, 41.925922, 62.380707, 86.10268, 3.9236739, 11.907125
2.7598372, -64.28223, -21.3142, 14.403576, 0.0, 0.0, 0.0, 0
156.74513, 6.277825, 28.113525, 37.88061, 69.035675, 103.62639, 2.2351167, 6.2793264
0.51846546, -26.61719, 27.97747, 45.405342, 0.0, 0.0, 0.0, -1
146.14923, 6.454751, 12.952118, 37.65503, 56.34485, 83.15173, 2.4643435, 5.7840776
0.060251843, 0.0, 0.0, 0.0, 34.15444, -20.479416, -45.36614, 5
132.35059, 6.418164, 2.8273315, 37.625698, 34.520416, 62.342987, 2.6029756, 5.384785
0.0, 0.0, 0.0, 0.0, 49.462204, -6.903839, -43.633953, -1
116.55827, 6.4192286, 18.553894, 37.625698, 11.892822, 44.331085, 2.7752297, 5.2304635
0.0, 0.0, 0.0, 0.0, 43.579678, 17.1898, -39.230522, 5
4.917343, 18.64459, 79.595856, 34.12304, 14.441345, 20.065216, 19.65067, 21.381823
3.5438893, -14.845867, -43.45249, -41.70164, 0.0, 0.0, 0.0, 1
0.47535706, 13.571408, 79.02057, 34.187862, 14.44693, 19.242285, 15.137124, 17.366243
2.8196142, -78.179756, -20.028076, 1.7921684, 0.0, 0.0, 0.0, 0
89.41871, 9.16574, 4.964203, 32.14208, 60.84191, 64.0877, 7.615489, 11.537213
3.5972564, -70.635475, -4.807361, 24.557165, 0.0, 0.0, 0.0, 0
96.666, 8.483851, 8.805695, 28.403538, 39.772217, 38.136078, 3.2901893, 6.686757
0.46985424, -52.5199, -33.524387, 13.955709, 0.0, 0.0, 0.0, -1
83.694244, 8.608027, 24.523651, 27.97578, 16.73822, 20.058777, 3.067439, 5.9494495
0.021507137, 0.0, 0.0, 0.0, 40.702087, 18.670532, -40.62738, 5
7.33461, 19.291016, 62.497726, 27.673824, 11.625107, 6.4927826, 21.180342, 20.096966
4.135291, -15.001647, -42.491062, -42.507294, 0.0, 0.0, 0.0, 2
7.7240906, 19.071949, 62.497726, 27.673824, 12.17926, 6.6423187, 20.898672, 19.754295
3.0560694, -28.32706, -39.182693, -32.490246, 0.0, 0.0, 0.0, 1
155.19443, 35.406834, 138.21927, 52.976673, 134.08694, 139.43948, 51.137333, 49.627808
0.03253679, 0.0, 0.0, 0.0, -39.685448, -19.848932, -40.46562, 5
107.12752, 31.025295, 90.95479, 52.979694, 86.852615, 92.16145, 48.1073, 45.221043
0.84739304, -33.907856, -33.860992, -32.23115, 0.0, 0.0, 0.0, -1
91.04985, 29.573816, 75.19707, 52.980118, 71.10988, 76.39873, 46.640305, 43.749386
2.7085018, -33.928486, -33.879288, -32.192226, 0.0, 0.0, 0.0, 0
30.829956, 11.553535, 4.9921875, 42.289177, 4.026184, 6.293579, 12.225391, 8.595678
1.567662, -33.391296, -27.433067, -39.175636, 0.0, 0.0, 0.0, 2
19.93103, 9.248563, 22.59787, 40.76127, 49.31305, 25.612366, 7.828354, 5.785706
0.7643404, -32.226856, -11.091423, -56.68172, 0.0, 0.0, 0.0, -1
6.5873413, 7.2420235, 55.093323, 40.309807, 91.44623, 61.037292, 6.132107, 4.7515016
0.05419525, 0.0, 0.0, 0.0, 65.895546, 29.904503, -4.199959, 5
4.9518886, 22.345757, 76.01877, 39.249405, 10.616446, 7.311844, 20.458263, 22.408539
4.149936, 1.7249191, -48.368458, -49.90662, 0.0, 0.0, 0.0, 2
116.59012, 12.430149, 13.238918, 28.857716, 62.100166, 92.960625, 2.8163118, 9.413151
2.2229934, -51.11279, 12.322286, 36.564926, 0.0, 0.0, 0.0, 0
178.02565, 12.343691, 52.942123, 24.339552, 87.261856, 128.11765, 2.330817, 6.3832397
0.45171678, -26.506245, 21.910866, 51.582886, 0.0, 0.0, 0.0, -1
146.67638, 11.965703, 27.647766, 23.972141, 47.152588, 82.06885, 2.7679622, 6.918091
0.0013584842, 0.0, 0.0, 0.0, 33.79343, 7.5629315, -58.64364, 5
6.803755, 12.1009655, 64.87149, 23.97223, 70.55751, 50.690422, 3.4934483, 5.6424794
2.3132352E-4, 0.0, 0.0, 0.0, -68.43484, -31.345194, 0.21997392, 3
4.932434, 22.892914, 6.4175415, 23.972225, 4.5746155, 15.722595, 4.079202, 3.1119869
0.0, 0.0, 0.0, 0.0, 45.073948, -54.52283, 0.4032228, 4
4.99469, 18.922344, 2.768921, 23.972225, 11.625702, 12.283783, 3.5505486, 3.8778768
0.0, 0.0, 0.0, 0.0, 74.2775, 24.89083, -0.8316735, 5
4.9998474, 16.108053, 13.947723, 23.972225, 19.553864, 3.3778381, 3.119806, 4.331322
4.2436906E-4, 0.0, 0.0, 0.0, 58.227425, 41.104794, 0.6677754, -1
4.9220276, 13.7372875, 34.86847, 23.972225, 34.33249, 32.731506, 3.0015755, 4.5836554
2.816771E-4, 0.0, 0.0, 0.0, 59.329826, 34.06811, -6.6020637, 5
4.8901215, 13.928255, 63.835922, 23.971983, 49.89363, 75.209274, 3.272327, 3.7020671
5.9221948E-6, 0.0, 0.0, 0.0, 75.10032, 24.561272, 0.33840793, -1
132.18413, 27.501646, 163.76555, 52.410282, 177.79472, 179.96565, 36.131226, 26.262833
0.609675, 34.007385, 34.32253, 31.670084, 0.0, 0.0, 0.0, -1
160.73578, 27.593735, 132.6969, 53.298615, 146.35822, 148.25873, 34.060978, 24.196339
0.0017357672, 0.0, 0.0, 0.0, -45.50575, -23.271494, -31.222752, 3
168.13676, 27.556036, 101.26787, 53.29823, 114.710495, 116.30739, 31.121872, 21.3817
0.35332966, -42.59469, -41.2245, -16.18081, 0.0, 0.0, 0.0, -1
152.40352, 27.555693, 85.53439, 53.297905, 98.85187, 100.2583, 29.65598, 19.943949
2.9940364, -40.72325, -39.651474, -19.625273, 0.0, 0.0, 0.0, 0
84.51188, 26.88046, 4.9950256, 49.029243, 18.210419, 17.302185, 19.081532, 9.48836
2.5879319, -52.426834, -39.85578, 7.717384, 0.0, 0.0, 0.0, 0
107.65608, 27.90344, 31.61261, 48.11454, 65.11716, 47.564575, 7.690032, 4.5822763
0.5517912, -49.010715, -42.01658, -8.972708, 0.0, 0.0, 0.0, -1
81.710434, 27.767351, 4.0115967, 47.267612, 41.998352, 15.259949, 6.011382, 4.0893235
0.002203776, 0.0, 0.0, 0.0, 39.74985, 15.494624, -44.755524, 5
4.93954, 24.723175, 79.68062, 36.72792, 9.450546, 7.466875, 23.61381, 22.229374
3.9898915, -2.2342117, -48.53674, -49.229046, 0.0, 0.0, 0.0, 2
7.5553284, 22.89584, 76.14642, 35.994408, 6.820923, 5.134674, 23.06934, 21.457262
4.580042, -6.8234944, -46.89337, -46.283134, 0.0, 0.0, 0.0, 1
147.55238, 5.58482, 4.9473333, 29.258062, 87.32527, 61.81443, 10.474981, 4.25875
3.5456622, -51.747955, 11.229442, 37.02261, 0.0, 0.0, 0.0, 0
131.5437, 7.1951566, 4.567913, 24.0082, 143.07448, 75.46538, 3.8526704, 1.8007915
4.203113, -32.454475, 30.27578, 37.26975, 0.0, 0.0, 0.0, 0
113.186905, 11.800353, 4.956085, 17.973091, 129.50215, 140.16327, 4.844174, 4.0975494
4.0352454, -37.297424, 30.903917, 31.798655, 0.0, 0.0, 0.0, 0
179.95143, 4.560632, 108.83205, 6.508331, 174.56319, 117.50426, 2.0685968, 7.9996457
1.7072779, 70.7555, -5.1567454, 24.087755, 0.0, 0.0, 0.0, 1
164.25542, 4.560584, 124.534225, 6.508331, 168.38542, 104.70978, 1.9756478, 6.6252136
2.8234608, 52.959187, 18.842, 28.19881, 0.0, 0.0, 0.0, -1
141.08041, 6.295846, 176.29486, 9.716652, 178.46863, 98.45295, 4.6191597, 3.9776042
1.9771346, 12.499429, 40.577305, 46.923267, 0.0, 0.0, 0.0, -1
174.85567, 6.537565, 125.18501, 10.676847, 122.48433, 170.20296, 4.6343484, 2.7431295
0.49584657, 9.531511, 36.088547, 54.379948, 0.0, 0.0, 0.0, -1
139.67891, 6.878223, 148.79063, 10.782684, 145.02025, 155.69557, 4.2887926, 3.8545256
1.19678065E-4, 0.0, 0.0, 0.0, -18.949791, -18.105444, -62.944763, 5
106.88912, 6.858359, 179.87848, 10.782715, 179.405, 133.20642, 3.45115, 4.162741
2.6001345E-4, 0.0, 0.0, 0.0, -35.56031, -10.487373, -53.95232, 5
3.4341736, 16.136448, 82.177734, 44.109165, 19.940428, 11.346674, 20.76057, 18.774092
1.2737334, -25.80853, -41.395557, -32.795914, 0.0, 0.0, 0.0, 1
19.003239, 14.869434, 67.405014, 44.081505, 6.1973085, 3.7004926, 18.731789, 18.127937
3.0301986, -72.048035, -26.016348, 1.9356099, 0.0, 0.0, 0.0, 0
86.52806, 14.441667, 4.9311523, 42.865887, 53.499725, 67.15467, 12.306845, 14.114307
3.5905526, -68.86541, -8.691524, 22.443071, 0.0, 0.0, 0.0, 0
101.2032, 15.028379, 4.931061, 39.055458, 46.942444, 76.523224, 5.0626526, 9.763018
0.6183396, -61.220943, -21.384075, 17.394981, 0.0, 0.0, 0.0, -1
103.43732, 15.211401, 4.931183, 38.438183, 44.639862, 77.744125, 4.411293, 8.807099
0.0061647785, 0.0, 0.0, 0.0, 31.774967, -25.720701, -42.504333, 5
103.44383, 15.211211, 4.932251, 38.436604, 25.301575, 65.554184, 4.218927, 8.509645
0.25916547, -23.381233, -44.793793, -31.824976, 0.0, 0.0, 0.0, -1
96.682724, 14.921227, 10.184082, 38.43627, 9.714569, 50.001953, 4.3197403, 8.661325
1.3080931, -25.318184, -41.342484, -33.339333, 0.0, 0.0, 0.0, 1
54.932655, 13.433717, 41.6586, 38.437607, 38.380554, 7.1574707, 4.8309526, 9.092906
1.6562406, -25.918045, -34.474625, -39.607327, 0.0, 0.0, 0.0, 2
25.188032, 11.304464, 56.312286, 37.936512, 64.43317, 17.151978, 4.569212, 7.113741
0.43695006, -26.798603, -31.885921, -41.315475, 0.0, 0.0, 0.0, -1
177.02948, 6.754228, 178.4762, 54.640175, 178.15247, 147.81744, 37.46397, 59.556652
0.6680394, 31.072477, 37.33855, 31.588972, 0.0, 0.0, 0.0, -1
135.72476, 5.418151, 134.61588, 55.6115, 131.30792, 164.68874, 38.937855, 57.421776
2.0044727, -43.84573, -30.318829, -25.835442, 0.0, 0.0, 0.0, 0
73.0423, 4.814406, 41.58432, 53.54292, 39.18463, 71.52362, 31.257174, 48.5233
3.7265055, -48.679146, -42.983784, 8.337069, 0.0, 0.0, 0.0, 0
51.517548, 2.0124485, 4.978821, 51.55812, 2.4389954, 36.477585, 20.757605, 38.45904
3.6863735, -41.738422, -36.361004, 21.900574, 0.0, 0.0, 0.0, 0
105.17955, 2.7474232, 4.875122, 47.76797, 2.4514465, 38.720444, 9.667808, 27.864065
3.1071205, -45.77275, -35.762142, 18.465097, 0.0, 0.0, 0.0, 0
104.73154, 3.498248, 27.260132, 42.38436, 49.450348, 62.08432, 3.648797, 9.381299
2.5356436, -45.82012, -31.004477, 23.175404, 0.0, 0.0, 0.0, 0
113.37216, 4.4194055, 30.051056, 41.07683, 56.95752, 64.52783, 2.999853, 7.0630984
0.6161301, -53.518707, -44.74971, -1.7315859, 0.0, 0.0, 0.0, -1
104.72856, 4.3884478, 14.363129, 40.535053, 40.485947, 46.68341, 2.7201157, 6.1403937
0.07450923, 0.0, 0.0, 0.0, 25.978502, -3.2750137, -70.74648, 5
4.9093323, 23.53286, 76.47569, 33.290974, 10.823151, 7.2443237, 23.257046, 22.311333
3.8568995, -4.8520284, -47.17301, -47.97496, 0.0, 0.0, 0.0, 2
4.899048, 23.19624, 76.98416, 33.290974, 11.376465, 7.5178986, 22.948936, 21.952383
3.9006574, -9.82302, -45.523224, -44.65376, 0.0, 0.0, 0.0, 1
4.97171, 16.096924, 82.91745, 32.90437, 7.3217926, 9.039322, 19.936588, 18.032715
2.8368664, -81.18906, -16.447561, 2.36338, 0.0, 0.0, 0.0, 0
150.16728, 11.834572, 64.90329, 12.497003, 141.15732, 93.42441, 2.8198469, 2.6505797
2.6738052, -49.25546, 23.023716, 27.720833, 0.0, 0.0, 0.0, 0
152.4397, 9.611607, 139.66559, 55.565514, 149.91837, 132.46313, 34.020344, 50.673576
0.0028602786, 0.0, 0.0, 0.0, -38.206364, -19.060642, -42.73299, 5
89.66795, 7.654491, 92.43996, 55.569168, 102.43059, 85.41655, 29.609238, 46.502735
0.7463849, -34.96558, -34.556477, -30.477942, 0.0, 0.0, 0.0, -1
73.4568, 7.6121078, 76.74733, 55.569473, 86.625534, 69.753525, 28.045307, 44.93062
1.629091, -35.285576, -34.968445, -29.745981, 0.0, 0.0, 0.0, 0
10.278534, 6.8666196, 13.9071045, 54.82279, 23.57254, 6.9155884, 21.894629, 38.297592
1.8150682, -36.740772, -36.792923, -26.466305, 0.0, 0.0, 0.0, 1
5.7457275, 6.2744317, 1.7611389, 54.22919, 7.9625244, 8.822296, 19.845295, 36.262913
2.7937076, -42.86791, -40.89763, -16.234467, 0.0, 0.0, 0.0, 0
143.93192, 5.022752, 30.598053, 46.72942, 51.11035, 57.702576, 3.8513384, 7.5038567
0.51029557, -54.04088, -42.151077, -3.8080494, 0.0, 0.0, 0.0, -1
149.03691, 4.844924, 3.824707, 45.834084, 21.792725, 31.052399, 3.377932, 6.4023027
0.0025716703, 0.0, 0.0, 0.0, 42.065643, 18.97681, -38.957542, 5
91.50698, 4.350982, 75.17801, 45.832066, 72.900085, 59.053543, 4.6827564, 6.0416694
0.0010800224, 0.0, 0.0, 0.0, 38.64154, 22.72179, -38.63667, 5
1.7594604, 23.149508, 94.34776, 43.350246, 17.5923, 13.999939, 22.868162, 21.893932
4.5060954, 3.9421644, -47.698944, -48.358887, 0.0, 0.0, 0.0, 2
14.7239685, 14.446423, 83.59343, 43.676605, 4.4500275, 0.04234314, 18.140614, 17.127531
2.626246, -77.651146, -14.157732, 8.191116, 0.0, 0.0, 0.0, 0
98.05938, 10.215481, 7.4371443, 41.00244, 70.35196, 68.207375, 14.580359, 9.61365
3.801335, -70.88455, -7.6839285, 21.431522, 0.0, 0.0, 0.0, 0
134.86525, 5.536317, 4.934555, 37.93519, 84.167175, 71.79208, 9.368676, 4.594126
3.310347, -56.03877, 8.4189625, 35.542267, 0.0, 0.0, 0.0, 0
157.03714, 7.3556676, 4.8593445, 34.864, 112.261955, 62.938553, 3.7222674, 2.2871168
3.1155353, -32.17884, 35.949852, 31.871304, 0.0, 0.0, 0.0, 0
176.03384, 10.161714, 25.511856, 32.16478, 94.60367, 59.928116, 2.0564635, 3.2224598
0.44373766, -51.951744, -5.8533945, 42.194862, 0.0, 0.0, 0.0, -1
171.3491, 10.514026, 19.73796, 31.761572, 76.894165, 46.440643, 2.7153065, 3.156014
0.014772929, 0.0, 0.0, 0.0, 34.588978, 13.380533, -52.030487, 5
116.78573, 7.9972653, 27.585815, 31.721245, 73.53343, 24.740799, 5.178997, 4.644958
0.0013725762, 0.0, 0.0, 0.0, 39.453346, 20.035526, -40.511127, 5
4.951187, 17.71721, 81.91139, 32.566734, 25.453934, 18.614029, 21.386808, 19.400143
3.8704653, -12.874687, -44.008156, -43.117157, 0.0, 0.0, 0.0, 1
0.87267303, 13.028097, 82.55637, 31.828838, 25.182182, 16.661125, 18.162819, 15.47827
1.6006484, -36.400955, -37.251495, -26.347548, 0.0, 0.0, 0.0, 1
15.170662, 11.061783, 68.0497, 31.694035, 11.690186, 1.6995239, 16.129932, 13.54063
2.9837399, -69.7659, -25.42556, 4.808538, 0.0, 0.0, 0.0, 0
90.673485, 6.6229825, 4.8879395, 29.69058, 47.866333, 48.776123, 8.48806, 6.1076293
2.842398, -63.453693, -12.062059, 24.484251, 0.0, 0.0, 0.0, 0
103.374916, 4.7831144, 4.887909, 28.170599, 55.7014, 47.729645, 7.130023, 4.4495897
0.529073, -54.088425, -28.509125, 17.40245, 0.0, 0.0, 0.0, -1
86.50699, 4.623071, 31.72911, 27.330696, 21.27211, 9.418289, 5.5957403, 3.6804383
0.0018345985, 0.0, 0.0, 0.0, 36.21786, 25.353441, -38.428703, 5
55.061913, 4.6232615, 63.1783, 27.33031, 16.324036, 43.186172, 5.904338, 3.9858675
5.21569, 22.913595, 1.2024531, -75.88395, 0.0, 0.0, 0.0, 2
23.490425, 4.623638, 94.75949, 27.329449, 53.746353, 91.482315, 6.098743, 4.7570996
4.810218, -75.05479, 11.67117, -13.274048, 0.0, 0.0, 0.0, 0
3.9313736, 5.7411942, 108.2784, 27.328627, 71.65567, 109.14102, 5.7636456, 5.0700665
7.2645297, -33.06613, 19.550804, -47.383064, 0.0, 0.0, 0.0, 2
69.03867, 2.242854, 76.486694, 26.734137, 109.46637, 119.90018, 2.6934023, 6.9042974
0.51054466, -67.136154, 17.543047, 15.320789, 0.0, 0.0, 0.0, -1
147.18457, 13.338715, 124.222534, 55.716755, 107.91435, 131.21924, 34.901634, 25.918745
0.0032817447, 0.0, 0.0, 0.0, -39.919785, -20.141579, -39.93864, 5
115.72453, 12.994114, 92.835495, 55.71946, 76.374435, 99.61687, 34.90816, 22.988146
0.7429127, -35.12881, -34.27828, -30.592909, 0.0, 0.0, 0.0, -1
100.061264, 12.99479, 77.17198, 55.719734, 60.711624, 83.82594, 34.908268, 21.521029
2.8884687, -35.559193, -34.631958, -29.808846, 0.0, 0.0, 0.0, 0
32.378906, 10.966032, 4.920349, 53.47637, 11.997742, 10.83429, 24.936361, 10.3847475
3.2769434, -35.458477, -32.341915, -32.199608, 0.0, 0.0, 0.0, 0
36.942352, 9.631457, 4.9205933, 51.97407, 12.534576, 10.427429, 20.67762, 7.313709
1.9883795, -32.444447, -19.291885, -48.26367, 0.0, 0.0, 0.0, 2
49.284027, 4.63744, 35.459473, 49.946144, 54.924316, 47.159515, 10.630636, 4.4909325
0.010037604, 0.0, 0.0, 0.0, -37.591755, -23.967802, 38.440445, 3
82.26712, 4.586592, 3.9597168, 49.93511, 22.952698, 8.250519, 9.250826, 4.776434
0.0019433857, 0.0, 0.0, 0.0, 40.07088, 19.872972, -40.05615, 5
1.5171833, 15.087794, 97.201065, 43.676517, 15.037756, 14.98387, 17.024782, 19.0551
0.9502754, -11.565997, -46.903915, -41.53009, 0.0, 0.0, 0.0, -1
17.126465, 14.32604, 82.32355, 43.830856, 0.10898781, 0.03792095, 16.369, 18.399466
1.9201349, -76.60299, -10.82593, 12.571088, 0.0, 0.0, 0.0, 0
107.63266, 15.055225, 4.9550476, 40.47046, 74.68318, 83.46811, 7.2297983, 12.923424
3.7629354, -72.267006, -0.07257383, 27.660414, 0.0, 0.0, 0.0, 0
112.71179, 15.6948185, 4.955139, 38.96556, 68.6999, 85.16048, 4.838862, 10.229285
3.7854333, -61.740494, 7.4612036, 30.798302, 0.0, 0.0, 0.0, 0
115.09089, 16.058088, 4.9552, 38.212944, 61.78836, 85.59378, 3.885706, 8.922931
2.9970856, -50.34999, 15.865501, 33.7845, 0.0, 0.0, 0.0, 0
125.74336, 13.12357, 10.422668, 33.877525, 67.937805, 107.54072, 1.6556922, 5.4842978
2.1837997, -36.747967, 19.659498, 43.59253, 0.0, 0.0, 0.0, 0
128.08868, 13.864961, 24.21051, 32.14877, 50.449066, 69.342255, 3.4267116, 8.044363
1.6002773, -29.871428, -42.73255, -27.39602, 0.0, 0.0, 0.0, 1
90.526024, 15.057434, 7.2538147, 31.713913, 3.3725586, 21.393127, 3.9080424, 8.087756
1.6382699, -27.179184, -30.541718, -42.2791, 0.0, 0.0, 0.0, 2
32.645245, 16.770227, 56.471527, 31.109917, 64.982544, 55.32904, 4.388216, 6.928894
0.56618935, -28.414934, -22.864756, -48.72031, 0.0, 0.0, 0.0, -1
1.6822804, 16.316456, 80.13736, 29.691856, 122.584595, 123.94888, 6.695405, 5.105022
26.940622, -45.430676, 29.160076, 25.409245, 0.0, 0.0, 0.0, 0
48.914177, 15.541099, 33.282806, 29.641064, 76.86902, 73.07295, 6.7928843, 4.8867383
27.263012, -44.841015, 29.449581, 25.709402, 0.0, 0.0, 0.0, 0
160.9251, 10.954692, 61.06749, 3.9067283, 147.45898, 154.40408, 7.9001894, 8.308363
0.7704395, 80.3464, 6.1122584, 13.541338, 0.0, 0.0, 0.0, -1
119.34282, 11.825994, 152.75069, 3.6290083, 110.76431, 155.15048, 2.4220839, 4.2957616
2.6129394, 40.940903, 13.788423, -45.27067, 0.0, 0.0, 0.0, 2
17.82621, 8.9957905, 133.94183, 5.4523582, 138.35904, 117.900246, 4.1938505, 4.76784
3.4582224, 35.221157, 34.188263, -30.590578, 0.0, 0.0, 0.0, 2
25.396687, 4.5379133, 156.68417, 9.014213, 163.38922, 144.50906, 6.0683866, 5.8517075
1.7586089, 37.788338, 36.926582, -25.285076, 0.0, 0.0, 0.0, 2
33.31096, 3.8096151, 162.54842, 9.719772, 170.14592, 150.48259, 6.402352, 6.203768
0.6275094, 39.03399, 38.034283, -22.931732, 0.0, 0.0, 0.0, -1
16.53144, 2.9641511, 140.11194, 10.597035, 147.67575, 127.707855, 6.6055202, 6.3502192
9.5630897E-4, 0.0, 0.0, 0.0, -41.71916, -21.67659, 36.604248, 3
2.6545105, 22.559877, 81.00552, 45.86057, 16.38327, 15.733459, 25.336504, 21.71198
4.1718297, -10.278353, -44.994896, -44.72675, 0.0, 0.0, 0.0, 1
2.11734, 15.580707, 84.37161, 45.103832, 18.482101, 14.345886, 20.768322, 17.89519
1.5375453, -35.700737, -36.49172, -27.807545, 0.0, 0.0, 0.0, 1
13.713028, 14.873095, 69.49219, 44.988663, 3.2165222, 1.0004272, 20.112986, 17.229147
2.933455, -66.5145, -27.644863, -5.8406296, 0.0, 0.0, 0.0, 0
155.70467, 6.10168, 71.197876, 24.079817, 139.59506, 87.37007, 5.1824594, 3.4823015
0.39416936, -31.52531, 15.423116, 53.051575, 0.0, 0.0, 0.0, -1
141.10287, 5.875481, 87.71886, 23.900183, 145.35695, 97.086395, 5.5829916, 3.383853
0.004915785, 0.0, 0.0, 0.0, 22.641056, 12.291616, -65.06733, 5
61.800133, 5.745448, 167.23334, 23.88838, 165.24442, 166.26726, 5.2921243, 3.510784
2.897152, 30.442078, 32.51016, -37.047764, 0.0, 0.0, 0.0, 2
15.906525, 13.429362, 66.173096, 28.689018, 3.8937073, 4.8036804, 16.995922, 16.83433
5.807912, -82.73763, -2.0543716, 15.208, 0.0, 0.0, 0.0, 0
163.18471, 33.5133, 176.17986, 52.045746, 176.80629, 175.89043, 50.256596, 44.153423
0.6252974, 34.71867, 34.716198, 30.565134, 0.0, 0.0, 0.0, -1
167.71501, 33.271812, 144.75038, 53.014133, 145.25392, 144.46397, 48.832394, 42.17753
0.0037944582, 0.0, 0.0, 0.0, -40.05361, -20.024677, -39.921715, 3
136.75037, 33.076927, 113.278076, 53.018166, 113.4863, 112.99463, 46.06019, 39.240623
0.0022530116, 0.0, 0.0, 0.0, -39.99987, -19.997517, -40.00261, 5
121.058395, 33.077374, 97.58717, 53.01862, 97.7946, 97.30531, 44.588722, 37.77263
0.54239845, -34.384804, -34.38432, -31.230883, 0.0, 0.0, 0.0, -1
105.34471, 33.07778, 81.87456, 53.01905, 82.08113, 81.594376, 43.120075, 36.300575
2.6944892, -34.458717, -34.458378, -31.082905, 0.0, 0.0, 0.0, 0
31.091248, 29.852547, 4.908142, 49.46612, 5.1260376, 4.616333, 27.707672, 20.899984
3.7851675, -35.153046, -33.713814, -31.133139, 0.0, 0.0, 0.0, 0
35.51593, 25.87054, 4.9081726, 44.942863, 5.173401, 4.6332703, 14.606004, 8.366934
2.6278646, -30.961552, -20.68122, -48.357227, 0.0, 0.0, 0.0, 2
12.4646, 21.646769, 55.336548, 42.809853, 81.236145, 64.40521, 8.765137, 4.5696707
1.6039463, -32.471443, -6.500704, -61.027855, 0.0, 0.0, 0.0, 2
9.289856, 20.366243, 56.206238, 42.43659, 90.496155, 69.21759, 7.6628637, 4.462272
0.53611267, -33.693943, -1.8507617, -64.4553, 0.0, 0.0, 0.0, -1
4.2941895, 18.408266, 51.235474, 42.0086, 94.259766, 65.53696, 6.092797, 4.4436526
0.0016370488, 0.0, 0.0, 0.0, 78.38242, 13.628486, 7.9890914, -1
139.94917, 23.061975, 172.0374, 52.16364, 170.88356, 166.88545, 21.29008, 21.00573
0.6108045, 35.280567, 35.426617, 29.292812, 0.0, 0.0, 0.0, -1
172.64745, 23.844639, 140.89445, 53.095673, 140.95918, 163.76332, 24.284092, 23.793753
0.0043256935, 0.0, 0.0, 0.0, -43.281654, -21.525866, -35.192482, 3
171.52505, 23.84676, 125.07092, 53.09814, 125.27573, 148.33511, 24.657581, 24.138674
0.0022474073, 0.0, 0.0, 0.0, -40.00024, -19.997894, -40.001865, 5
140.12314, 23.847565, 93.67026, 53.09897, 93.884094, 116.95865, 24.681517, 24.161968
0.70424664, -38.126896, -36.475758, -25.397345, 0.0, 0.0, 0.0, -1
124.47002, 23.847975, 78.01781, 53.099396, 78.23204, 101.30534, 24.682089, 24.16285
2.8530831, -38.5741, -36.764477, -24.66142, 0.0, 0.0, 0.0, 0
55.506348, 22.382832, 4.9379883, 50.88427, 5.1894226, 29.602875, 20.749517, 19.233854
3.8029597, -41.586025, -38.86621, -19.547762, 0.0, 0.0, 0.0, 0
60.36136, 20.99721, 4.9383545, 48.58373, 5.214325, 30.04776, 13.933946, 12.724177
3.1331992, -42.18558, -40.370308, -17.444117, 0.0, 0.0, 0.0, 0
65.761505, 19.80068, 4.9383545, 46.320503, 5.194641, 28.222748, 8.1530285, 7.438363
1.624013, -33.439285, -35.40526, -31.155455, 0.0, 0.0, 0.0, 1
52.02765, 19.211657, 12.115082, 45.046387, 14.492859, 14.445526, 5.968848, 5.261869
0.6943045, -24.859802, -29.006544, -46.13365, 0.0, 0.0, 0.0, -1
4.997711, 18.303162, 60.589478, 44.519093, 66.99524, 49.31961, 5.1851254, 4.703629
0.0015356252, 0.0, 0.0, 0.0, 68.03674, 31.806868, -0.15639003, 5
4.9376526, 18.228622, 61.22693, 44.518448, 65.976074, 50.12906, 5.383629, 4.5959606
0.0014042818, 0.0, 0.0, 0.0, 67.32584, 32.23974, 0.43442068, -1
4.988617, 17.667086, 65.529236, 44.518177, 70.23758, 54.120026, 5.3278027, 4.59061
9.87194E-4, 0.0, 0.0, 0.0, 64.59115, 31.772617, -3.6362402, 5
4.94046, 16.5421, 74.72232, 44.517605, 79.815155, 62.597473, 5.241761, 4.645015
5.475785E-4, 0.0, 0.0, 0.0, 66.36907, 33.20178, 0.42914605, -1
1.5242023, 15.528015, 94.000854, 39.931343, 14.543711, 13.694604, 17.576628, 19.586378
1.1753528, -24.82233, -41.31652, -33.86115, 0.0, 0.0, 0.0, 1
17.069645, 14.774977, 79.2776, 40.046295, 0.36922455, 1.3309202, 16.92884, 18.934752
2.4926043, -77.16545, -11.6080265, 11.226522, 0.0, 0.0, 0.0, 0
112.81676, 16.286795, 4.921875, 34.19256, 61.42807, 84.715805, 4.073641, 9.241091
3.74695, -59.535324, 8.714327, 31.750355, 0.0, 0.0, 0.0, 0
111.78291, 15.273068, 4.9233093, 32.688683, 60.687164, 86.70975, 2.995356, 7.074016
2.5144238, -46.608433, 20.289396, 33.10217, 0.0, 0.0, 0.0, 0
152.08879, 13.341623, 40.017822, 27.749956, 70.485016, 118.00813, 2.9346075, 5.786717
3.1645043, -24.012327, 31.19875, 44.78892, 0.0, 0.0, 0.0, 0
155.35266, 14.669134, 41.67215, 28.472754, 70.295715, 94.03946, 3.343663, 7.7444673
0.8754165, -46.344643, -29.17562, 24.479734, 0.0, 0.0, 0.0, -1
133.85522, 14.329002, 12.395752, 28.005087, 33.253815, 50.359802, 3.840373, 8.397457
1.913047, -33.849262, -45.187653, -20.963078, 0.0, 0.0, 0.0, 1
88.85942, 9.185876, 64.24292, 27.154604, 74.7608, 65.211365, 4.138791, 6.7800293
0.32400337, -52.702255, -40.574112, 6.7236357, 0.0, 0.0, 0.0, -1
75.64982, 9.119571, 80.59986, 27.00091, 90.00718, 80.72608, 3.9438894, 6.4716697
0.010823603, 0.0, 0.0, 0.0, 40.993233, 18.065733, -40.94103, 5
153.61795, 57.748325, 155.65616, 54.64709, 167.06702, 142.58884, 35.157345, 47.79043
0.61230993, 34.07901, 32.35603, 33.564957, 0.0, 0.0, 0.0, -1
122.495026, 58.64448, 124.5195, 55.554276, 161.39719, 110.37717, 36.156307, 50.32697
0.0015485196, 0.0, 0.0, 0.0, -40.069386, -20.067535, -39.863075, 3
91.09299, 58.647186, 93.11786, 55.556362, 129.9927, 78.729065, 36.157757, 50.660336
0.7498144, -34.729557, -30.649904, -34.620537, 0.0, 0.0, 0.0, -1
75.371826, 58.64756, 77.39688, 55.556385, 114.271164, 63.008453, 36.157467, 50.660416
3.1155627, -34.86008, -30.392677, -34.747246, 0.0, 0.0, 0.0, 0
4.613861, 49.6022, 4.945862, 52.560127, 43.696533, 10.226379, 25.995026, 44.532837
3.8069339, -35.23647, -29.664818, -35.098713, 0.0, 0.0, 0.0, 0
4.594513, 45.765102, 4.9457397, 48.745804, 46.532608, 11.305847, 15.780004, 33.52508
3.7632449, -35.72486, -28.71598, -35.55916, 0.0, 0.0, 0.0, 0
4.563202, 41.99856, 4.945923, 44.97919, 43.437347, 12.591553, 6.857039, 22.575912
3.275653, -36.43446, -27.295956, -36.269585, 0.0, 0.0, 0.0, 0
2.9229736, 38.55413, 4.9460144, 41.98255, 31.579208, 13.282257, 3.6748528, 13.893504
2.6429627, -36.917606, -17.92864, -45.153755, 0.0, 0.0, 0.0, 2
38.295715, 31.104586, 56.161774, 39.04324, 51.715668, 65.16745, 3.0129573, 6.9632115
0.61021525, -30.299557, -24.683603, -45.01684, 0.0, 0.0, 0.0, -1
20.740906, 30.160357, 41.162384, 38.789402, 29.746552, 57.308105, 3.753863, 5.899174
0.09431644, 0.0, 0.0, 0.0, -31.768312, -26.780003, -41.451683, 5
0.69692993, 28.420109, 27.566223, 38.744293, 18.57019, 37.202393, 4.911707, 5.674461
0.001588712, 0.0, 0.0, 0.0, 60.85214, 23.907537, 15.2403145, -1
4.95697, 27.267641, 29.065674, 38.74486, 21.35376, 36.913574, 4.7939444, 5.51754
0.0015619992, 0.0, 0.0, 0.0, 68.72775, 29.665915, -1.6063339, 5
4.8038025, 26.71383, 32.08017, 38.745094, 24.06311, 39.661774, 4.7702637, 5.475106
0.0016087284, 0.0, 0.0, 0.0, 69.18977, 30.103054, 0.70716876, -1
4.889038, 26.153475, 34.945374, 38.745365, 26.45523, 42.07184, 4.7258143, 5.476165
0.0015937772, 0.0, 0.0, 0.0, 69.928894, 29.983217, -0.08788208, 5
4.9105225, 25.594992, 37.929504, 38.745605, 29.263428, 44.632904, 4.666245, 5.4585805
0.0015777382, 0.0, 0.0, 0.0, 69.77765, 30.156847, 0.06550532, -1
4.9831543, 25.033558, 40.94214, 38.745865, 31.742676, 47.285614, 4.6449647, 5.4335217
0.0015952482, 0.0, 0.0, 0.0, 69.71472, 30.154646, -0.13062926, 5
4.596924, 24.474478, 44.47043, 38.74613, 34.766235, 50.21231, 4.602418, 5.4428196
0.0015807678, 0.0, 0.0, 0.0, 66.548096, 31.852716, 1.5991877, -1
4.9617004, 23.879848, 47.52899, 38.74641, 37.27057, 53.104706, 4.5648437, 5.3824344
0.0015166487, 0.0, 0.0, 0.0, 67.650185, 31.343943, -1.0058699, 5
4.8689575, 23.319801, 50.923737, 38.746677, 40.197968, 55.773834, 4.5708494, 5.4124975
0.001498614, 0.0, 0.0, 0.0, 66.66283, 33.305386, 0.031792484, -1
4.9987793, 21.641056, 61.193115, 38.747414, 49.15448, 66.22067, 4.594173, 5.239804
0.0012986173, 0.0, 0.0, 0.0, 66.66117, 33.02472, -0.31411305, 5
4.6997986, 21.081646, 65.14331, 38.747635, 53.193237, 69.42697, 4.5307813, 5.3184366
0.0010194203, 0.0, 0.0, 0.0, 65.002014, 34.16265, 0.8353347, -1
4.885132, 20.522219, 68.70221, 38.747932, 56.85565, 73.020294, 4.560684, 5.3136387
4.4047413E-4, 0.0, 0.0, 0.0, 63.556534, 32.49759, -3.9458747, 5
107.00592, 21.162226, 142.76389, 53.05009, 144.28854, 142.72247, 50.335865, 47.71566
0.0039939024, 0.0, 0.0, 0.0, -38.37282, -19.18623, -42.44095, 5
68.26897, 21.659735, 111.23418, 53.054436, 112.74815, 111.19301, 47.4078, 44.77763
0.0022891266, 0.0, 0.0, 0.0, -45.54845, -22.773943, -31.6776, 3
50.460274, 21.872784, 95.51829, 53.054882, 97.027534, 95.47727, 46.2349, 43.307648
0.6385557, -37.23607, -37.229954, -25.53398, 0.0, 0.0, 0.0, -1
33.752472, 21.982061, 79.77518, 53.05533, 81.28116, 79.734314, 45.498333, 41.835835
2.9344125, -37.992764, -37.98311, -24.024134, 0.0, 0.0, 0.0, 0
50.744293, 19.184786, 4.917816, 48.62393, 7.622986, 4.8725586, 30.10442, 23.976656
3.8033454, -40.48591, -38.254707, -21.259382, 0.0, 0.0, 0.0, 0
66.114685, 16.750683, 4.9180603, 43.246834, 9.832306, 4.8393555, 15.213888, 8.76308
3.1834083, -42.170612, -38.561077, -19.268307, 0.0, 0.0, 0.0, 0
68.74838, 16.50741, 4.918091, 42.44476, 9.824921, 4.8447876, 13.31011, 7.1944356
2.9914114, -31.634727, -20.445404, -47.91987, 0.0, 0.0, 0.0, 2
28.828217, 15.494714, 48.771423, 41.20644, 68.69557, 54.831238, 10.088131, 4.7979364
1.8773876, -32.75672, -7.0554624, -60.187817, 0.0, 0.0, 0.0, 2
13.311188, 13.757059, 55.6821, 40.43048, 92.884125, 69.55856, 7.8221374, 4.493569
0.43709618, -34.001965, 0.294376, -65.70365, 0.0, 0.0, 0.0, -1
1.3851013, 24.363909, 57.534912, 40.07087, 48.47522, 66.81, 5.007312, 4.6398053
0.0016749239, 0.0, 0.0, 0.0, 62.739338, 26.629618, 10.631044, -1
4.9138184, 22.680754, 61.188232, 40.07068, 54.50708, 72.09415, 4.79178, 5.228717
0.0013970202, 0.0, 0.0, 0.0, 69.59296, 28.611732, 1.7953161, -1
1.2946539, 14.721412, 87.8788, 32.242836, 12.180678, 15.857619, 18.482311, 16.718218
1.2661049, -29.498348, -39.45301, -31.048641, 0.0, 0.0, 0.0, 1
16.327068, 12.551, 73.39053, 32.286034, 2.88208, 1.0205688, 17.815054, 16.065832
2.9481792, -75.41829, -15.535231, 9.046476, 0.0, 0.0, 0.0, 0
139.40744, 16.509058, 38.2511, 10.29693, 93.4111, 22.459076, 2.4216652, 2.1945748
0.5831567, -28.594135, -15.497151, 55.908714, 0.0, 0.0, 0.0, -1
125.95312, 17.365479, 28.306335, 9.860341, 65.877594, 16.232666, 2.6358385, 2.1537793
0.0026074308, 0.0, 0.0, 0.0, 26.88852, 22.706087, -50.405396, 5
101.163246, 16.562325, 3.1492004, 9.858004, 6.762085, 40.69272, 3.080974, 2.7765706
0.70700634, 10.576138, 26.924911, -62.49895, 0.0, 0.0, 0.0, -1
88.941376, 16.209345, 18.830078, 9.858004, 17.741547, 52.7648, 3.443366, 3.0701334
1.390855, 11.743917, 31.31255, -56.943535, 0.0, 0.0, 0.0, 2
164.33084, 23.364227, 178.2456, 52.025524, 178.3324, 145.97818, 49.660442, 32.703148
0.6257619, 34.94316, 31.344631, 33.712208, 0.0, 0.0, 0.0, -1
130.46637, 22.694357, 146.68439, 52.997566, 146.7656, 179.10425, 47.69939, 30.544498
0.0050896, 0.0, 0.0, 0.0, -39.918556, -19.996508, -40.084934, 5
114.41841, 22.523846, 130.96773, 53.00117, 131.04866, 164.86824, 46.228016, 29.086092
0.0023346334, 0.0, 0.0, 0.0, -39.763252, -20.475733, -39.761017, 3
82.946106, 22.524752, 99.49373, 53.001812, 99.5742, 132.67549, 43.28565, 26.167831
0.39537898, -34.969368, -31.992554, -33.03808, 0.0, 0.0, 0.0, -1
67.23418, 22.5253, 83.7809, 53.00214, 83.8611, 116.52937, 41.816505, 24.71519
2.3258612, -35.05056, -32.092285, -32.857155, 0.0, 0.0, 0.0, 0
18.19374, 16.382893, 4.8513184, 46.483967, 4.942322, 29.005249, 17.46232, 4.9835715
2.4593961, -38.25511, -39.968967, -21.775913, 0.0, 0.0, 0.0, 1
30.900604, 15.070153, 5.5005493, 45.067142, 5.3779907, 6.8928223, 13.116605, 3.9902675
2.8315988, -46.216427, -35.983814, -17.79976, 0.0, 0.0, 0.0, 0
75.84128, 13.760991, 38.15732, 44.66561, 39.22641, 39.672394, 9.924192, 4.6627564
2.5557547, -55.895924, -37.092613, -7.011462, 0.0, 0.0, 0.0, 0
104.014175, 12.57073, 33.99109, 43.268986, 57.096207, 51.21222, 7.6313095, 4.372535
0.5482991, -48.301735, -43.303005, -8.39526, 0.0, 0.0, 0.0, -1
89.289215, 11.374605, 2.127472, 42.470173, 26.60672, 15.242264, 6.490969, 3.9642034
0.0023466677, 0.0, 0.0, 0.0, 43.201912, 21.358778, -35.439312, 5
4.8638916, 21.705185, 81.6458, 39.63672, 9.063522, 7.395172, 22.900877, 20.997894
4.0223017, -1.5388448, -49.066315, -49.394844, 0.0, 0.0, 0.0, 2
4.9388275, 19.361662, 82.89584, 39.636658, 11.896332, 9.467926, 21.993622, 19.657444
4.321445, -3.6530414, -48.456017, -47.89094, 0.0, 0.0, 0.0, 1
5.4667206, 14.744007, 87.12491, 39.506573, 14.217499, 11.320511, 18.662899, 16.221212
1.3400282, -32.215256, -39.38062, -28.404129, 0.0, 0.0, 0.0, 1
21.383606, 12.4658785, 72.40062, 39.51564, 0.8757324, 3.796051, 17.96346, 15.511136
2.4685543, -73.243324, -17.554789, 9.201888, 0.0, 0.0, 0.0, 0
94.81392, 4.7433763, 52.00284, 30.158154, 153.76755, 86.370636, 5.181316, 2.7845337
3.658039, -30.815279, 40.16596, 29.01876, 0.0, 0.0, 0.0, 0
154.73438, 6.512001, 39.59752, 27.860353, 171.42052, 68.151184, 3.971954, 3.927807
3.3318102, -25.877613, 32.25554, 41.866848, 0.0, 0.0, 0.0, 0
158.94955, 9.670778, 57.6904, 25.956581, 143.7132, 82.06424, 5.5911474, 4.2500215
1.5710005, -27.171253, 25.119904, 47.708843, 0.0, 0.0, 0.0, 0
160.4336, 10.312857, 59.022614, 25.61047, 135.58679, 82.359406, 6.439202, 4.277421
0.55563617, -29.022583, 18.55737, 52.42005, 0.0, 0.0, 0.0, -1
133.42062, 11.086032, 88.920105, 25.17654, 152.75371, 102.85184, 7.6869545, 4.462955
3.9810297E-5, 0.0, 0.0, 0.0, 32.87841, 15.451948, -51.66964, 5
4.3759155, 21.121895, 78.13826, 35.88606, 7.9260964, 11.55779, 20.653824, 23.714188
4.0034213, -3.6900978, -47.863426, -48.446476, 0.0, 0.0, 0.0, 2
106.16158, 13.0536, 4.9269495, 31.364296, 54.891144, 87.21267, 5.0301275, 9.824009
3.5443876, -66.683685, 3.6633563, 29.65296, 0.0, 0.0, 0.0, 0
109.93533, 13.627198, 4.858917, 29.812397, 54.372726, 81.78673, 3.6716838, 7.0546765
2.4775696, -44.247765, 19.201525, 36.550713, 0.0, 0.0, 0.0, 0
162.06898, 15.009913, 58.861206, 25.179493, 87.31665, 143.42519, 3.421187, 1.7962699
3.3100593, -25.425545, 29.612455, 44.962, 0.0, 0.0, 0.0, 0
152.3807, 13.919777, 54.2731, 25.542948, 81.55267, 89.6541, 3.9894948, 1.6207385
0.39979294, -34.99307, 0.7248862, 64.28204, 0.0, 0.0, 0.0, -1
132.30098, 13.495974, 39.317917, 25.360926, 61.155533, 70.33002, 4.1263413, 1.7438962
0.008946391, 0.0, 0.0, 0.0, 21.977882, 6.8201885, -71.20193, 5
4.977478, 20.519962, 78.05693, 35.695095, 8.964615, 10.913971, 19.692562, 21.97664
4.228407, -8.481603, -46.22515, -45.293247, 0.0, 0.0, 0.0, 1
139.61319, 15.461401, 61.814423, 21.418793, 86.64032, 114.900314, 3.092208, 2.4745646
3.5935817, -34.824265, 29.775587, 35.400146, 0.0, 0.0, 0.0, 0
76.890915, 6.434135, 8.733063, 10.985416, 80.50537, 90.63875, 1.9867232, 2.8405006
2.0391495, -35.856403, 13.166803, -50.976795, 0.0, 0.0, 0.0, 2
59.075478, 4.1485047, 57.72603, 10.238476, 38.08818, 129.13171, 1.5836608, 3.2238731
3.358596, -23.868912, 57.59489, 18.536192, 0.0, 0.0, 0.0, 0
122.72924, 4.20364, 83.50019, 8.964428, 113.16621, 140.66699, 3.0446746, 6.6487913
3.105691, 14.488821, 43.4332, 42.07798, 0.0, 0.0, 0.0, -1
161.30667, 9.923008, 118.757545, 10.111299, 144.27237, 133.71298, 5.6626754, 10.92293
0.38928843, 23.601849, 35.771313, 40.626842, 0.0, 0.0, 0.0, -1
178.23369, 10.27276, 104.314224, 10.299569, 128.39467, 118.5273, 5.669718, 10.896375
0.018858582, 0.0, 0.0, 0.0, -39.693344, -22.66341, -37.643246, 3
149.04259, 20.697315, 177.57957, 52.110645, 177.34721, 147.64853, 48.987957, 42.106953
0.6254469, 37.026497, 33.512604, 29.460897, 0.0, 0.0, 0.0, -1
111.749535, 20.504, 146.3454, 53.076015, 146.13116, 117.361336, 47.012196, 39.97059
0.0038538517, 0.0, 0.0, 0.0, -37.370373, -18.464556, -44.165073, 5
72.2088, 19.88487, 114.96117, 53.080025, 114.748825, 86.288925, 44.077217, 37.04139
0.0023072138, 0.0, 0.0, 0.0, -46.180733, -22.778801, -31.040468, 3
52.237137, 19.731634, 99.22342, 53.080456, 99.012054, 70.72516, 42.60755, 35.576515
0.44315356, -38.403366, -36.08056, -25.516077, 0.0, 0.0, 0.0, -1
34.27211, 19.694862, 83.49925, 53.08089, 83.288956, 55.190292, 41.135944, 34.11095
2.314778, -40.10641, -37.600376, -22.293213, 0.0, 0.0, 0.0, 0
79.798874, 17.618156, 4.8814697, 45.066925, 4.720703, 23.137909, 12.413936, 7.550521
2.57832, -52.17782, -47.735943, 0.08624868, 0.0, 0.0, 0.0, 0
84.4371, 17.514118, 4.881439, 43.55868, 4.7285767, 20.94429, 8.618715, 5.3781257
1.4477106, -50.978123, -47.58478, 1.4370962, 0.0, 0.0, 0.0, 0
82.32158, 16.979246, 4.881439, 42.80747, 4.739044, 24.917648, 7.14786, 4.713272
0.41833773, -50.428154, -46.387012, -3.1848402, 0.0, 0.0, 0.0, -1
44.902237, 16.11293, 34.877396, 42.11097, 37.54927, 0.27131653, 5.896357, 4.125194
7.419684E-4, 0.0, 0.0, 0.0, 33.867218, 16.945435, -49.18735, 5
0.9663849, 15.818545, 64.65051, 42.11097, 65.63223, 30.056, 5.4454126, 4.127953
8.2805014E-4, 0.0, 0.0, 0.0, -67.81783, -29.770502, 2.4116664, 3
4.9293976, 10.985375, 44.52533, 42.110767, 45.335205, 9.957169, 5.4437366, 4.133925
5.9426914E-4, 0.0, 0.0, 0.0, -78.69124, 19.521996, -1.786766, 3
4.9866333, 7.9214225, 12.634277, 42.111217, 13.454834, 21.896759, 5.4442015, 4.1411333
6.583116E-5, 0.0, 0.0, 0.0, 6.129325, 41.253483, 52.61719, -1
4.974701, 8.199028, 7.729004, 42.111217, 8.549561, 25.677734, 5.4442015, 4.2783265
1.5467468E-4, 0.0, 0.0, 0.0, 36.75892, 20.390308, 42.850773, -1
4.885193, 8.328292, 5.7645264, 42.111217, 6.585083, 25.151184, 5.4442015, 4.5645113
0.6605379, -45.233692, -17.437498, -37.328808, 0.0, 0.0, 0.0, -1
4.9207764, 8.330937, 5.7645264, 42.111217, 6.585083, 22.732544, 5.4442015, 4.819478
1.5386059, -47.052242, -17.313002, -35.634758, 0.0, 0.0, 0.0, 0
45.36386, 7.5902734, 45.97235, 41.783024, 50.69861, 69.3056, 5.1352687, 5.606489
0.6059367, -43.709766, -17.346878, -38.94335, 0.0, 0.0, 0.0, -1
1.6936646, 5.946397, 20.784119, 41.310646, 27.753113, 43.516876, 4.6968393, 6.0334153
0.0016963696, 0.0, 0.0, 0.0, 87.9805, -3.178851, 8.840652, 4
4.952469, 22.567543, 79.82851, 46.152245, 27.19551, 18.323532, 26.721338, 21.44741
3.4149709, -12.788328, -43.188625, -44.023045, 0.0, 0.0, 0.0, 2
4.953232, 21.972948, 79.82851, 46.152245, 25.507431, 17.801743, 25.652794, 21.91973
4.2458763, -12.4288845, -43.575966, -43.995148, 0.0, 0.0, 0.0, 2
4.957901, 20.746323, 79.82851, 46.152245, 21.492935, 18.236984, 25.166288, 21.268242
4.4547315, -14.443882, -43.243423, -42.3127, 0.0, 0.0, 0.0, 1
1.4432373, 15.733731, 80.32109, 45.18082, 9.317749, 17.224686, 19.159252, 17.173899
1.7882277, -38.24765, -34.769585, -26.982763, 0.0, 0.0, 0.0, 0
97.62071, 11.33552, 4.9707947, 40.58345, 81.302155, 48.839737, 10.003254, 5.162085
2.6768134, -58.011234, 8.527468, 33.461304, 0.0, 0.0, 0.0, 0
137.44557, 10.642694, 56.689972, 35.978703, 143.00201, 81.05817, 2.9230142, 3.765154
1.8345554, -31.071768, 26.43166, 42.49658, 0.0, 0.0, 0.0, 0
128.14008, 12.038489, 59.842926, 34.85481, 100.2758, 83.39946, 1.9381784, 4.1325707
0.33503938, -42.356762, 7.771325, 49.871914, 0.0, 0.0, 0.0, -1
113.046906, 12.2525, 45.51175, 34.68851, 79.874985, 63.57515, 1.8494452, 4.265966
0.002445268, 0.0, 0.0, 0.0, 14.875169, 2.425739, -82.69909, 5
164.82346, 9.607153, 170.24039, 54.610886, 137.5726, 143.06268, 57.31706, 56.403492
0.6087872, 37.92613, 28.092491, 33.981373, 0.0, 0.0, 0.0, -1
134.24413, 7.493778, 139.00948, 55.55561, 106.79707, 111.67908, 57.985302, 59.201347
0.0017539568, 0.0, 0.0, 0.0, -21.341694, -10.6928, -67.96551, 5
81.882385, 4.3409495, 134.25096, 55.557735, 102.18652, 106.82547, 55.144657, 59.57954
4.51399E-4, 0.0, 0.0, 0.0, -57.61846, -28.75613, -13.625407, 3
17.075089, 3.9093053, 101.43884, 55.558216, 69.55794, 74.013504, 52.275887, 59.579765
0.35036492, -52.370346, -45.54252, -2.0871363, 0.0, 0.0, 0.0, -1
3.0781708, 3.8884156, 85.6799, 55.558216, 53.90204, 58.254562, 50.622787, 59.579765
2.5122528, -48.401657, -41.813046, 9.785304, 0.0, 0.0, 0.0, 0
123.3609, 7.2468247, 4.5822144, 39.32353, 25.784302, 29.877686, 4.685544, 9.793582
1.5003994, -41.131783, -32.86743, 26.000786, 0.0, 0.0, 0.0, 0
132.6209, 7.1333766, 10.360016, 37.841637, 9.411407, 34.93869, 3.638647, 6.3676534
0.39609239, -39.748737, -32.21394, 28.037321, 0.0, 0.0, 0.0, -1
122.7782, 6.944967, 26.119843, 37.470016, 13.382355, 19.786575, 3.7409413, 5.971429
0.006117922, 0.0, 0.0, 0.0, 40.228127, 20.53669, -39.235184, 5
0.970459, 15.591961, 93.5289, 36.661846, 15.450333, 13.521942, 17.488571, 19.425308
1.032826, -29.685936, -39.144287, -31.169779, 0.0, 0.0, 0.0, 1
15.04686, 14.244306, 78.66034, 36.65494, 0.0038909912, 2.0375977, 16.867931, 18.800793
2.5390568, -78.89847, -10.714547, 10.386988, 0.0, 0.0, 0.0, 0
123.127174, 14.6285095, 4.907425, 28.44712, 59.80986, 107.61452, 2.6420019, 9.328934
2.5304317, -30.711082, 30.316761, 38.972153, 0.0, 0.0, 0.0, 0
151.71115, 12.575645, 36.85034, 23.131239, 71.274, 164.50327, 3.1685011, 4.5216746
3.7826416, -23.494898, 32.387794, 44.117306, 0.0, 0.0, 0.0, 0
4.862671, 20.923908, 80.852234, 38.497307, 7.4100037, 10.494858, 20.37113, 21.851498
3.8202665, -1.5752852, -48.85915, -49.565567, 0.0, 0.0, 0.0, 2
4.914398, 18.579763, 81.63223, 38.496582, 9.686188, 14.061554, 19.074402, 20.911167
4.127173, -4.367261, -47.94073, -47.692005, 0.0, 0.0, 0.0, 1
5.0796356, 13.932769, 86.59743, 38.372578, 12.763626, 18.224686, 15.663996, 17.67776
1.376027, -33.064167, -39.584633, -27.3512, 0.0, 0.0, 0.0, 1
20.92508, 13.232971, 71.88312, 38.379757, 2.2481842, 3.335785, 14.992783, 17.02892
2.8381052, -71.51443, -19.55482, 8.930757, 0.0, 0.0, 0.0, 0
108.15553, 14.078491, 4.884857, 33.606487, 55.947586, 92.19534, 4.134224, 8.249445
2.579175, -52.349766, 15.169016, 32.481228, 0.0, 0.0, 0.0, 0
151.73492, 13.844128, 53.427734, 28.965235, 83.728806, 79.52218, 3.8331609, 2.3032663
1.6676898, -32.39096, 9.137238, 58.471798, 0.0, 0.0, 0.0, 0
144.0408, 13.77681, 51.128357, 28.589529, 80.85858, 68.52017, 3.9566507, 2.1781604
0.5834317, -31.34684, -14.541954, 54.111202, 0.0, 0.0, 0.0, -1
110.7258, 13.505827, 27.278198, 28.138098, 48.35907, 49.976654, 4.1855006, 2.8500926
1.7711657E-4, 0.0, 0.0, 0.0, 31.841978, 11.988518, -56.1695, 5
173.138, 43.277927, 167.71509, 54.63926, 174.70526, 143.64684, 35.514687, 35.561676
0.62515193, 34.095043, 31.696209, 34.208748, 0.0, 0.0, 0.0, -1
141.9699, 41.385914, 136.3289, 55.605297, 151.72993, 113.074814, 38.217247, 35.026527
0.003084286, 0.0, 0.0, 0.0, -39.953346, -19.707546, -40.339108, 5
110.433395, 38.44264, 104.79253, 55.60869, 119.852005, 81.882935, 38.57781, 32.10041
0.56345385, -34.109867, -32.182854, -33.70728, 0.0, 0.0, 0.0, -1
78.938965, 35.426205, 73.35556, 55.609165, 88.41507, 50.871643, 38.57842, 29.072704
2.7657647, -34.149868, -32.11904, -33.73109, 0.0, 0.0, 0.0, 0
6.6734314, 20.032717, 4.89859, 50.14078, 21.677246, 16.918823, 22.660418, 9.429076
3.0323455, -34.53212, -31.773651, -33.69423, 0.0, 0.0, 0.0, 0
7.1108704, 17.854633, 4.898773, 48.63349, 22.134277, 15.475739, 18.298286, 6.678876
2.4547274, -34.874542, -30.966564, -34.158894, 0.0, 0.0, 0.0, 0
7.81839, 15.792379, 4.898834, 47.87991, 22.298065, 12.731949, 16.116005, 5.5273743
2.4071603, -35.410534, -29.942003, -34.647457, 0.0, 0.0, 0.0, 0
50.054504, 7.8867383, 50.388, 45.94644, 38.96219, 65.97687, 8.5315, 4.2930307
1.9893653, -44.695675, -26.130629, -29.173702, 0.0, 0.0, 0.0, 0
63.408417, 4.818908, 55.71228, 45.262325, 49.43802, 82.87393, 7.241269, 3.8872392
0.9281328, -51.35395, -25.392818, -23.253233, 0.0, 0.0, 0.0, -1
4.889862, 23.65311, 74.791016, 34.22738, 8.53775, 5.3889923, 22.319033, 21.267769
4.106685, -4.19324, -47.46167, -48.34509, 0.0, 0.0, 0.0, 2
4.989258, 21.462873, 77.948074, 34.227352, 12.341858, 8.563385, 21.411642, 20.34681
4.429086, -8.041517, -46.296253, -45.66223, 0.0, 0.0, 0.0, 1
5.3522797, 14.706519, 83.343155, 33.899784, 14.63475, 10.38887, 17.839052, 16.63575
1.4927534, -36.07128, -37.70434, -26.224379, 0.0, 0.0, 0.0, 1
21.095337, 13.295324, 68.85451, 33.876663, 0.28044128, 4.6475983, 17.1822, 15.963805
3.0926726, -73.57245, -17.488234, 8.939317, 0.0, 0.0, 0.0, 0
167.01172, 5.4166827, 37.67491, 24.181108, 139.30775, 69.71622, 4.8298736, 2.2877872
3.7648468, -24.50886, 36.86313, 38.628014, 0.0, 0.0, 0.0, 0
150.59958, 5.6495085, 55.022522, 23.804388, 165.29428, 86.99527, 4.5512986, 2.5239072
3.7970521, -25.259888, 35.597683, 39.14243, 0.0, 0.0, 0.0, 0

NONPOS KNOWLEDGE:
55.357162, 39.905334, 66.84732, 31.205753, 74.301605, 121.92876, 4.9607186, 6.7548833
7.0547075, -5.2244678, 28.307852, -66.46768, 0.0, 0.0, 0.0, 2
4.6717873, 25.454367, 130.25584, 30.223188, 124.079666, 175.19078, 3.4806695, 12.041601
4.0638456, 51.869274, 40.833206, -7.297517, 0.0, 0.0, 0.0, 2
27.89383, 24.189365, 161.98572, 30.356283, 105.19236, 154.58282, 2.701759, 9.318881
6.4562454, 41.571686, 43.090736, 15.337578, 0.0, 0.0, 0.0, -1
123.75998, 22.433205, 139.47227, 37.75262, 145.17473, 176.78654, 15.922546, 10.560975
2.503411, 31.038683, 39.689102, 29.272213, 0.0, 0.0, 0.0, -1
108.04432, 22.765078, 168.32622, 40.316147, 119.899185, 135.35298, 21.279814, 16.565905
0.32427344, 31.070566, 38.24003, 30.689407, 0.0, 0.0, 0.0, -1
78.03799, 22.517387, 159.97401, 40.554344, 89.26497, 100.80614, 21.584806, 17.614162
7.681323E-4, 0.0, 0.0, 0.0, -72.73476, -7.759589, 19.505657, 3
21.745941, 16.635408, 50.099426, 39.34855, 11.9071045, 9.795685, 21.053108, 18.073528
6.622472, -37.687195, 27.61585, 34.696957, 0.0, 0.0, 0.0, 0
124.73913, 18.21619, 51.47055, 32.187725, 119.29755, 117.41858, 25.220757, 20.959904
4.6801815, -18.166367, 37.286068, 44.54756, 0.0, 0.0, 0.0, 0
129.55482, 20.425913, 58.0466, 31.28686, 118.632576, 124.165886, 28.299297, 23.28774
0.46502888, -19.479328, 37.912514, 42.60816, 0.0, 0.0, 0.0, -1
66.804306, 19.946949, 3.3173828, 31.016102, 55.639046, 62.738205, 27.537766, 23.818138
0.0020646998, 0.0, 0.0, 0.0, 37.499054, -21.632748, -40.8682, 5
4.893229, 18.838507, 63.618824, 31.015888, 5.8335514, 0.7831807, 24.545694, 22.850552
0.002111758, 0.0, 0.0, 0.0, -37.73381, 19.122408, 43.143784, 3
20.113241, 17.507595, 46.15927, 31.015385, 9.644733, 13.308283, 22.235535, 20.480385
0.5934602, -36.039043, 28.043509, 35.91745, 0.0, 0.0, 0.0, -1
35.92134, 17.487665, 30.315155, 31.015162, 25.235107, 27.6162, 22.217981, 19.870403
5.9982266, -30.416811, 29.554033, 40.029152, 0.0, 0.0, 0.0, 0
141.59702, 24.030088, 76.87062, 26.15486, 127.048645, 130.50604, 22.961105, 22.13063
1.5750684, -6.7212925, 42.891132, 50.387573, 0.0, 0.0, 0.0, 0
133.88422, 24.776606, 69.96268, 26.044468, 121.24679, 124.376755, 23.740528, 22.790932
0.35212675, 1.4473968, 47.035328, 51.517277, 0.0, 0.0, 0.0, -1
71.96961, 25.35919, 8.724579, 25.979551, 61.016144, 63.524498, 23.911766, 22.68751
8.6652057E-4, 0.0, 0.0, 0.0, 34.090275, -19.837015, -46.072712, 5
40.537468, 25.358898, 22.70758, 25.979635, 29.642794, 31.886328, 23.762638, 22.449102
0.0010331705, 0.0, 0.0, 0.0, 42.946327, -14.983561, -42.07011, -1
62.980606, 4.472547, 81.463165, 37.625698, 69.76529, 40.39131, 3.6899655, 6.1032844
0.0, 0.0, 0.0, 0.0, 44.5631, 26.560616, -28.876282, 5
16.301651, 4.4092636, 128.59868, 37.625698, 125.382645, 100.475815, 4.535657, 6.126957
0.0, 0.0, 0.0, 0.0, 33.534653, 28.441399, 38.023945, -1
7.1845245, 4.4086585, 137.72005, 37.625698, 135.2777, 116.0435, 4.6413255, 5.985152
0.0, 0.0, 0.0, 0.0, 5.607013, 28.418297, 65.974686, -1
9.3940735, 4.3060336, 153.46736, 37.625698, 147.2072, 130.50328, 4.2399726, 5.6696653
0.0, 0.0, 0.0, 0.0, -30.481398, 8.202185, 61.316418, 3
45.515144, 3.8263032, 175.06757, 37.625698, 174.08585, 158.83606, 2.9690485, 5.01849
0.12277905, -36.41515, -6.280704, 57.304146, 0.0, 0.0, 0.0, -1
61.28404, 3.8261108, 159.29701, 37.625698, 179.06078, 172.35933, 2.5108957, 4.7679877
7.290023, -14.274933, 40.097725, 45.627342, 0.0, 0.0, 0.0, 0
168.91122, 12.25214, 84.97208, 36.630283, 155.20921, 164.24474, 10.295659, 11.459362
8.622985, -10.394564, 43.22102, 46.38442, 0.0, 0.0, 0.0, 0
173.75684, 15.991202, 90.257904, 34.314457, 170.34337, 165.83377, 14.843657, 15.88499
4.3608694, 5.6852293, 46.909187, 47.405586, 0.0, 0.0, 0.0, -1
168.46974, 20.393484, 110.49356, 34.617287, 179.76128, 174.98546, 20.602764, 21.91499
0.52279496, 6.743432, 46.288895, 46.967678, 0.0, 0.0, 0.0, -1
106.70323, 20.189331, 174.77953, 34.74032, 117.60718, 122.673996, 20.722973, 22.158377
3.0697953E-5, 0.0, 0.0, 0.0, -38.52797, -20.596718, -40.875313, 5
75.94342, 19.79629, 153.61429, 34.74031, 86.532745, 91.76669, 20.43425, 21.942242
1.3304253E-5, 0.0, 0.0, 0.0, -43.194164, -17.952087, -38.853745, 3
52.533257, 8.62145, 55.955887, 27.93328, 37.02632, 18.402054, 3.6157575, 5.986107
1.5608324, 18.017773, 15.800396, -66.18183, 0.0, 0.0, 0.0, 2
3.5814972, 6.555653, 106.73638, 28.357164, 115.09788, 88.97349, 5.56875, 5.9175315
0.6432, 29.723545, 31.204987, -39.07147, 0.0, 0.0, 0.0, -1
34.920532, 5.258732, 76.81387, 28.683548, 90.126755, 59.08853, 6.0256734, 5.687139
6.360932E-7, 0.0, 0.0, 0.0, -33.7102, 9.7187805, 56.57102, 3
70.96071, 4.789168, 29.568909, 28.68355, 42.88188, 1.305481, 6.0256925, 5.3489614
5.969049, -22.426853, 15.454228, 62.11892, 0.0, 0.0, 0.0, 0
163.10098, 8.606418, 67.865616, 27.46772, 82.74144, 128.74295, 4.7998962, 7.7256
9.201542, -3.9210036, 45.55529, 50.523705, 0.0, 0.0, 0.0, 0
167.80328, 14.103282, 79.5087, 26.360613, 128.95232, 147.94348, 9.006632, 12.253097
6.6370897, 5.0100493, 45.52932, 49.460632, 0.0, 0.0, 0.0, -1
170.15176, 20.79221, 94.102325, 26.563255, 147.66074, 157.49202, 18.388987, 18.494505
2.9026518, 15.749468, 41.581017, 42.669514, 0.0, 0.0, 0.0, -1
170.72388, 23.509657, 99.79971, 27.124275, 154.09497, 159.73004, 22.317572, 21.109396
1.4560391, 13.257447, 42.74397, 43.99858, 0.0, 0.0, 0.0, -1
109.02354, 25.416527, 41.608948, 27.67511, 95.55626, 98.96527, 24.151478, 22.959063
9.7050826E-4, 0.0, 0.0, 0.0, 22.750198, -23.840664, -53.409134, 5
46.205917, 25.416832, 21.207458, 27.675037, 33.245377, 36.485153, 23.852486, 22.987793
9.957536E-4, 0.0, 0.0, 0.0, 47.357193, -8.572746, -44.07006, -1
4.9176636, 6.7269654, 67.43677, 40.28262, 101.56685, 71.107086, 6.1786404, 4.8356857
0.60875726, -23.592329, 6.8617344, -69.54594, 0.0, 0.0, 0.0, -1
4.9458923, 6.5489664, 75.39502, 40.282658, 107.17375, 79.00415, 6.109137, 4.838178
1.1383059, -23.895933, 6.915151, -69.18891, 0.0, 0.0, 0.0, 2
1.2217407, 4.9519544, 86.233185, 40.108215, 111.866, 93.01947, 6.1957254, 4.3736906
0.54823923, -25.370455, 5.199401, -69.430145, 0.0, 0.0, 0.0, -1
14.824829, 4.2436023, 71.15817, 39.981262, 100.38377, 78.91876, 6.2927647, 4.3375845
0.03892667, 0.0, 0.0, 0.0, -31.805462, -12.881427, 55.31311, 3
46.64157, 4.167818, 39.657562, 39.96079, 69.44296, 39.367615, 6.310562, 4.429603
0.9824594, -27.629644, -35.22935, 37.141003, 0.0, 0.0, 0.0, -1
62.395416, 4.1670775, 23.91098, 39.960545, 53.699158, 19.06665, 6.310501, 4.526269
5.557062, -32.08107, -5.953935, 61.96499, 0.0, 0.0, 0.0, 0
154.07492, 6.716575, 58.17331, 38.656654, 45.243713, 106.34729, 4.1482477, 5.66291
9.178278, -13.059568, 38.587875, 48.352554, 0.0, 0.0, 0.0, 0
165.17505, 16.66422, 70.3875, 35.36377, 148.30952, 148.67374, 11.493105, 14.290086
6.4728928, -9.624618, 44.32734, 46.048042, 0.0, 0.0, 0.0, 0
171.08691, 20.187908, 82.07999, 34.9988, 160.26996, 156.91295, 15.191645, 18.391863
3.2420628, 2.333702, 48.445564, 49.220734, 0.0, 0.0, 0.0, -1
131.18848, 23.370672, 49.759552, 35.106266, 118.90221, 119.912865, 21.17793, 22.87125
0.24504566, 1.1156719, 48.43944, 50.44489, 0.0, 0.0, 0.0, -1
99.76872, 22.89463, 18.517242, 35.11767, 87.39942, 88.78978, 21.303272, 22.804314
7.7148736E-4, 0.0, 0.0, 0.0, 29.416344, -21.376408, -49.207245, 5
68.117294, 22.298292, 13.135193, 35.11765, 55.620407, 56.98721, 21.136925, 22.6604
0.0013247826, 0.0, 0.0, 0.0, 43.19056, -14.792566, -42.016876, -1
65.963165, 27.76739, 11.735931, 47.267452, 23.337784, 4.0107117, 6.1584744, 4.3191543
5.462231, -13.482664, 0.46456075, -86.05277, 0.0, 0.0, 0.0, 2
2.6169128, 19.196884, 81.60945, 46.457893, 107.8029, 129.14076, 5.417061, 6.146064
0.18682812, -15.21759, 24.433739, -60.34867, 0.0, 0.0, 0.0, -1
12.9466095, 18.507952, 97.51854, 46.413784, 125.394455, 146.24266, 5.459886, 6.25077
0.0023059542, 0.0, 0.0, 0.0, 24.476286, -9.988827, 65.53488, 4
79.12988, 18.154694, 160.41312, 46.412327, 156.3743, 150.84769, 5.150463, 6.250596
9.440975E-4, 0.0, 0.0, 0.0, -52.810936, -6.076527, 41.112537, 3
147.0889, 17.838036, 136.67865, 46.41099, 179.16704, 130.70183, 8.789937, 5.131368
6.7380867, -40.852066, 20.517569, 38.630363, 0.0, 0.0, 0.0, 0
145.23755, 20.153078, 60.991684, 41.189472, 134.75215, 135.81361, 17.856447, 15.238889
4.913823, -18.408499, 38.96001, 42.631496, 0.0, 0.0, 0.0, 0
125.53116, 23.34646, 45.50122, 37.261986, 137.60246, 136.41812, 21.779951, 18.323288
2.4809127, -9.759442, 42.191452, 48.049103, 0.0, 0.0, 0.0, 0
103.267914, 24.499102, 22.279358, 36.191666, 91.717834, 85.494965, 22.644947, 21.438795
0.3247557, -34.237793, 27.36868, 38.393528, 0.0, 0.0, 0.0, -1
72.5034, 24.717215, 8.618683, 35.9999, 61.09497, 55.642426, 22.813675, 21.59287
0.0026668638, 0.0, 0.0, 0.0, 41.85465, -16.376593, -41.76876, -1
4.876938, 5.1000457, 110.71809, 10.7827835, 117.06925, 90.776985, 3.2308586, 3.7294729
2.6308277E-4, 0.0, 0.0, 0.0, 56.85889, 36.00154, -7.139571, 5
4.9490166, 5.0259085, 113.302734, 10.7828045, 121.94501, 95.80252, 3.4297996, 3.5756261
6.870916E-5, 0.0, 0.0, 0.0, 41.043346, 17.606836, 41.349815, -1
19.098629, 5.0255218, 137.35696, 10.782926, 137.65167, 115.49292, 4.173511, 3.4841218
0.0, 0.0, 0.0, 0.0, 5.782198, 24.231598, 69.986206, -1
38.599026, 4.7073708, 153.12604, 10.782926, 148.92206, 126.66989, 4.275815, 3.6783776
0.0, 0.0, 0.0, 0.0, -28.79707, 17.307343, 53.895588, 3
71.24315, 4.6168575, 175.43988, 10.782926, 171.57834, 149.21423, 4.5130553, 4.0617146
2.9539511, -7.5449524, 33.66217, 58.792885, 0.0, 0.0, 0.0, 0
34.619, 2.9106438, 155.25589, 50.530396, 107.350914, 151.52676, 47.02163, 40.069824
0.43960404, 46.847477, 30.505253, -22.647268, 0.0, 0.0, 0.0, -1
63.3139, 2.632589, 172.92012, 51.190277, 139.79472, 176.71352, 44.381252, 37.772404
1.5068054E-4, 0.0, 0.0, 0.0, -40.080246, -19.859957, 40.059795, 3
78.960815, 2.6327243, 157.26657, 51.19031, 155.50894, 161.1785, 42.911255, 36.30246
6.0920916, -32.534523, 4.950272, 62.515205, 0.0, 0.0, 0.0, 0
172.06886, 6.1913505, 71.778305, 49.679173, 120.29451, 80.24156, 35.3679, 26.276968
8.031971, -16.490852, 24.785269, 58.723877, 0.0, 0.0, 0.0, 0
149.08531, 22.86197, 67.832825, 44.467842, 129.43964, 132.9091, 28.847265, 21.53914
0.61433995, -4.5724235, 44.936615, 50.490963, 0.0, 0.0, 0.0, -1
117.95818, 23.363161, 37.07489, 44.421078, 99.64348, 102.75328, 27.907356, 21.724405
0.024711033, 0.0, 0.0, 0.0, 36.750183, -15.623381, -47.62644, 5
2.3153992, 25.18187, 67.49286, 34.084293, 158.8314, 134.11526, 7.102914, 4.8681154
5.379105, -64.47166, 34.413593, -1.1147512, 0.0, 0.0, 0.0, 0
128.20546, 19.497553, 43.90645, 26.871975, 139.32747, 125.86347, 9.667027, 2.5427914
3.7882001, -1.514484, 28.988575, 69.49694, 0.0, 0.0, 0.0, 0
147.34245, 19.359106, 60.540268, 25.992687, 132.50467, 140.4784, 9.714595, 3.0435977
4.3831058, 21.304756, 32.70603, 45.989212, 0.0, 0.0, 0.0, -1
146.14775, 24.862465, 142.48088, 28.62891, 142.54402, 154.3505, 16.45619, 18.410908
0.44145417, 21.510237, 39.56605, 38.92371, 0.0, 0.0, 0.0, -1
114.99071, 25.29299, 174.61484, 28.865341, 110.84807, 123.5936, 18.072346, 19.549965
0.002196905, 0.0, 0.0, 0.0, -39.526024, -19.922543, -40.55143, 5
20.504147, 25.29214, 90.899536, 28.864084, 17.3698, 30.419468, 21.37808, 21.607288
0.0021284253, 0.0, 0.0, 0.0, -40.158974, -19.674953, -40.16607, 5
82.18056, 5.200205, 1.3488464, 40.46079, 20.139435, 25.410416, 2.8840823, 5.6969414
0.0021239205, 0.0, 0.0, 0.0, 41.7765, 18.044348, -40.179153, 5
13.072281, 5.5760503, 48.44519, 40.460705, 38.609222, 32.158356, 3.6777647, 5.9807262
6.3789356E-4, 0.0, 0.0, 0.0, -45.315285, -15.856957, 38.827755, 3
18.509735, 5.8099523, 37.74713, 40.460464, 56.56076, 20.850372, 2.2731218, 6.788767
5.499983, -33.693096, 32.383366, 33.92354, 0.0, 0.0, 0.0, 0
108.41843, 5.58779, 43.03839, 39.49774, 138.67911, 75.33824, 4.827856, 8.124381
9.283911, -26.400656, 21.984165, 51.615185, 0.0, 0.0, 0.0, 0
156.61304, 12.520805, 65.36023, 35.28131, 145.16121, 133.82388, 15.943462, 12.231905
8.00255, -11.39269, 42.42889, 46.17842, 0.0, 0.0, 0.0, 0
161.53825, 15.838134, 71.31944, 34.22147, 142.65265, 143.11838, 18.323353, 14.875955
6.1267667, -7.427051, 44.317215, 48.25573, 0.0, 0.0, 0.0, 0
164.06322, 19.327833, 77.254395, 33.536503, 146.63573, 149.19191, 20.555588, 18.001053
4.155716, -4.435261, 46.13696, 49.427784, 0.0, 0.0, 0.0, 0
165.59451, 22.502035, 82.76532, 33.266125, 150.15552, 153.00594, 22.274614, 20.953245
2.0462794, 1.1105534, 48.33356, 50.555885, 0.0, 0.0, 0.0, -1
111.06642, 25.403152, 32.230408, 33.290443, 98.409805, 101.52211, 24.031744, 23.079727
0.0055083064, 0.0, 0.0, 0.0, 29.486168, -22.451197, -48.062637, 5
60.0216, 4.3498764, 106.67546, 45.83198, 104.29387, 95.54173, 4.533534, 5.9903173
1.0757129E-4, 0.0, 0.0, 0.0, 51.54134, 25.546318, -22.912338, 5
12.74498, 4.3483768, 153.95258, 45.83197, 155.57181, 151.13388, 4.516883, 6.0547895
4.7683716E-6, 0.0, 0.0, 0.0, -15.563289, -26.021463, 58.415253, 4
4.0713043, 4.348243, 162.62593, 45.831966, 162.28737, 163.12398, 4.4400034, 6.0504465
2.2307582, 43.213245, 48.681717, -8.10504, 0.0, 0.0, 0.0, 2
27.274513, 4.348243, 166.02826, 45.831966, 159.90082, 154.13821, 3.7398705, 5.2329903
4.7425346, 37.290924, 46.64721, 16.061867, 0.0, 0.0, 0.0, -1
58.750614, 4.348243, 134.55215, 45.831966, 124.08298, 101.832306, 2.8714323, 3.846605
6.710445, 13.983661, 41.032204, 44.984135, 0.0, 0.0, 0.0, -1
93.45906, 3.9432123, 121.81827, 46.80262, 136.41174, 103.46973, 3.6509178, 3.2147863
8.642126, -13.489426, 39.313984, 47.19659, 0.0, 0.0, 0.0, 0
150.13766, 25.128714, 119.986664, 43.358833, 161.75945, 158.99237, 23.450657, 22.301538
0.3723135, -3.1059222, 48.08634, 48.80773, 0.0, 0.0, 0.0, -1
118.74285, 25.445692, 151.77892, 43.350548, 130.51791, 127.369286, 23.621775, 22.691778
0.013331374, 0.0, 0.0, 0.0, -25.16579, -24.945404, -49.8888, 5
87.48549, 25.458775, 176.94609, 43.35025, 99.23506, 96.075516, 23.629984, 22.685457
3.9321E-6, 0.0, 0.0, 0.0, -40.005848, -19.99135, -40.002804, 3
24.694824, 25.45828, 114.153534, 43.350246, 36.211273, 33.394623, 23.752947, 22.641329
0.0, 0.0, 0.0, 0.0, -39.29838, -19.355799, -41.34582, 5
65.002884, 6.983101, 74.71567, 31.720613, 96.538635, 75.25862, 6.344337, 5.085618
0.7961966, 32.02256, 35.353756, -32.623684, 0.0, 0.0, 0.0, -1
1.3903809, 5.2595553, 139.42673, 32.44136, 161.99872, 143.98965, 7.2012186, 5.8309283
0.0017342208, 0.0, 0.0, 0.0, 3.4909353, 7.5644865, 88.94458, -1
14.341469, 5.259483, 155.1601, 32.441284, 177.73312, 159.72388, 7.2013526, 5.83086
0.0020078127, 0.0, 0.0, 0.0, -35.162506, -8.235104, 56.60239, 3
35.28633, 4.737563, 173.38312, 32.44067, 150.80472, 175.54398, 7.2014136, 4.678089
0.73723763, -23.849308, -31.791603, 44.35909, 0.0, 0.0, 0.0, -1
48.39761, 4.622713, 157.5929, 32.440426, 135.01181, 164.44797, 7.201458, 4.000674
6.1800385, -20.606085, 17.160835, 62.233078, 0.0, 0.0, 0.0, 0
156.34645, 10.09924, 86.55629, 30.93001, 158.77016, 175.10263, 10.001887, 7.797573
9.064715, 1.6982794, 50.143166, 48.158554, 0.0, 0.0, 0.0, -1
161.4586, 13.763778, 93.63516, 30.61075, 172.52191, 178.31302, 13.577554, 11.572832
7.3905134, 6.1031237, 47.72674, 46.17014, 0.0, 0.0, 0.0, -1
165.32758, 18.046852, 104.05046, 30.989382, 174.85109, 179.91869, 18.09317, 16.752611
4.485894, 11.729347, 44.59775, 43.6729, 0.0, 0.0, 0.0, -1
166.84514, 19.443129, 109.82062, 31.656826, 174.8551, 179.8848, 20.41847, 18.984709
2.1788366, 13.423475, 43.630096, 42.94643, 0.0, 0.0, 0.0, -1
146.8716, 20.26799, 135.30025, 32.426857, 164.63037, 159.34401, 22.208256, 20.622671
0.45115414, 13.648528, 43.37152, 42.97995, 0.0, 0.0, 0.0, -1
115.4457, 20.053064, 167.55112, 32.558815, 133.4665, 127.958565, 22.359339, 20.69129
0.028872324, 0.0, 0.0, 0.0, -34.166492, -21.750755, -44.082752, 5
64.67688, 4.5862927, 21.566315, 49.93353, 49.88469, 25.15622, 6.175304, 4.810343
2.2353035E-4, 0.0, 0.0, 0.0, 41.102287, 17.796154, -41.101555, 5
17.492249, 4.5860696, 68.75348, 49.93327, 89.8857, 72.34552, 6.0533648, 4.8109984
0.0, 0.0, 0.0, 0.0, -36.964867, -18.068628, 44.966503, 3
42.03064, 4.586061, 44.215088, 49.93327, 59.33687, 38.0466, 6.0704446, 4.7867894
0.49479243, -30.159882, -31.738844, 38.101273, 0.0, 0.0, 0.0, -1
57.77646, 4.586061, 28.469269, 49.93327, 43.588684, 18.387146, 6.070686, 4.883977
3.3879356, -33.057446, -16.385677, 50.55688, 0.0, 0.0, 0.0, 0
89.156006, 4.586061, 2.9102783, 49.93327, 12.204224, 20.053986, 6.071107, 5.1315002
8.18327, -28.393627, 16.778215, 54.82816, 0.0, 0.0, 0.0, 0
157.29637, 8.500001, 58.817368, 47.876072, 84.521164, 120.58833, 4.2334256, 7.1931086
8.953831, -14.882021, 38.567265, 46.550716, 0.0, 0.0, 0.0, 0
167.69655, 20.150774, 73.25571, 43.80651, 158.82779, 154.49126, 14.748941, 18.421988
3.5410745, -5.555216, 46.668964, 47.77582, 0.0, 0.0, 0.0, 0
115.99122, 24.992237, 26.493713, 43.080296, 106.03214, 105.61044, 20.428516, 23.052649
0.03150256, 0.0, 0.0, 0.0, 26.460808, -22.877684, -50.661503, 5
84.48292, 25.02268, 4.981537, 43.077305, 73.96118, 74.11625, 20.632036, 23.08204
9.414056E-4, 0.0, 0.0, 0.0, 43.6102, -13.939045, -42.450756, -1
4.9795284, 23.467682, 78.202866, 30.829792, 89.14287, 70.89549, 5.032352, 5.0188346
4.733507, -17.815968, 11.966326, -70.217705, 0.0, 0.0, 0.0, 2
32.826004, 22.913769, 90.61455, 60.524513, 86.94765, 87.44469, 55.025463, 53.49471
0.0, 0.0, 0.0, 0.0, -58.23003, -29.829363, 11.940609, 3
15.612732, 22.781504, 74.857254, 60.524513, 71.58626, 72.38042, 54.37153, 52.549088
6.8956275, -49.151974, -47.83216, -3.0158668, 0.0, 0.0, 0.0, 0
83.87886, 22.28917, 14.971863, 57.154327, 23.677551, 22.83194, 43.30579, 41.723064
6.051584, -47.622593, -44.35505, 8.02236, 0.0, 0.0, 0.0, 0
101.9203, 23.284138, 17.761658, 50.431465, 35.325638, 34.866455, 32.611507, 31.036764
3.0790403, -46.523136, -40.07843, 13.398438, 0.0, 0.0, 0.0, 0
107.11986, 24.019056, 19.007126, 47.948868, 45.26541, 45.386826, 27.830399, 26.236431
1.8405766, -47.758663, -30.858511, 21.382824, 0.0, 0.0, 0.0, 0
92.42987, 24.183275, 3.8840637, 46.344635, 37.658493, 38.48964, 25.3125, 23.721998
0.5337889, -49.996357, -27.966953, 22.036692, 0.0, 0.0, 0.0, -1
60.800873, 24.099869, 27.234741, 45.92171, 9.269562, 11.437988, 24.65164, 22.922417
0.033739112, 0.0, 0.0, 0.0, 43.666885, 5.2986865, -51.03443, 5
33.610657, 3.9156475, 106.02759, 24.52342, 106.664795, 115.23056, 4.555017, 3.062662
2.0043902, 37.535927, 49.29214, -13.171925, 0.0, 0.0, 0.0, 2
3.1711679, 5.9280853, 142.49248, 26.771008, 133.99532, 33.409958, 6.2856975, 8.045198
0.0, 0.0, 0.0, 0.0, -19.970259, 23.164127, 56.865616, 3
47.132824, 6.378829, 170.36844, 26.771008, 165.76643, 17.69576, 4.3485065, 8.827322
4.3946037, -10.5191145, 40.578136, 48.90275, 0.0, 0.0, 0.0, 0
110.005066, 6.380677, 107.51253, 26.771008, 172.78214, 113.94107, 3.0468318, 8.1856
9.218088, -2.1042218, 51.4582, 46.437576, 0.0, 0.0, 0.0, 0
149.80608, 9.324896, 88.381805, 26.158792, 175.62215, 163.71819, 6.311497, 11.145619
8.575587, 7.177044, 47.960022, 44.862938, 0.0, 0.0, 0.0, -1
162.6051, 16.573317, 104.65219, 26.37246, 177.66971, 176.27106, 13.9530945, 16.134523
5.9416637, 13.357542, 43.97782, 42.664635, 0.0, 0.0, 0.0, -1
166.53687, 20.420954, 112.418304, 27.224148, 179.09985, 179.53342, 17.60885, 19.519445
3.3977537, 17.000582, 41.90004, 41.099377, 0.0, 0.0, 0.0, -1
166.07681, 24.040138, 123.33307, 28.915953, 178.6326, 175.58655, 21.560555, 22.632303
0.53347015, 16.890862, 41.652733, 41.456406, 0.0, 0.0, 0.0, -1
4.3178577, 15.982123, 79.47714, 41.953293, 84.817505, 83.142624, 4.9594946, 4.8929963
1.9792832, -3.670015, 6.7710333, -89.55895, 0.0, 0.0, 0.0, 2
5.016347, 11.102566, 93.08865, 44.480717, 106.81839, 92.33716, 5.5115304, 4.5338693
0.0022946582, 0.0, 0.0, 0.0, -37.02435, -1.3063811, 61.669266, 3
84.005356, 8.104124, 13.883911, 44.480812, 27.57785, 22.725159, 5.5118217, 5.2371774
6.421785, -24.984259, 17.289656, 57.726086, 0.0, 0.0, 0.0, 0
169.0195, 23.005705, 79.930786, 39.67309, 157.34279, 156.45581, 18.880777, 21.400053
1.899686, -2.6653948, 48.02637, 49.308235, 0.0, 0.0, 0.0, 0
154.94362, 24.771065, 67.98898, 39.555813, 143.71738, 143.354, 21.03728, 23.08906
0.5792581, -1.836932, 48.452454, 49.710617, 0.0, 0.0, 0.0, -1
123.48122, 25.280205, 37.15503, 39.53675, 112.3327, 112.145996, 21.785133, 23.57857
0.024052456, 0.0, 0.0, 0.0, 29.692518, -21.444016, -48.86346, 5
4.432254, 13.622344, 95.92917, 38.742798, 93.16452, 109.496765, 3.8892608, 5.463493
0.001164894, 0.0, 0.0, 0.0, -34.751125, -14.959889, 50.288986, 3
64.47739, 12.696253, 32.54187, 38.997864, 13.87262, 46.11035, 5.1008687, 5.4643717
5.989158, -44.50268, 10.762019, 44.7353, 0.0, 0.0, 0.0, 0
150.37486, 20.188017, 67.85597, 35.306046, 138.07869, 154.02994, 18.162262, 16.102007
4.2823124, -10.425064, 44.29193, 45.283005, 0.0, 0.0, 0.0, 0
153.3307, 23.010988, 72.664474, 34.53026, 140.97536, 157.37738, 21.278975, 19.503407
2.2317712, -8.909752, 45.024616, 46.06563, 0.0, 0.0, 0.0, 0
154.8339, 24.649971, 75.537125, 34.19864, 143.44603, 158.81364, 22.754509, 21.18215
0.78004384, 0.23092723, 49.600254, 50.16882, 0.0, 0.0, 0.0, -1
126.40329, 25.407179, 47.790665, 34.06198, 115.42186, 130.3489, 23.441809, 21.957384
0.1509434, -9.708437, 44.615307, 45.676254, 0.0, 0.0, 0.0, -1
5.438751, 13.720439, 85.47128, 39.734535, 113.35994, 119.547455, 5.0065403, 6.4790354
0.38661715, -1.6704327, 34.35318, -63.976383, 0.0, 0.0, 0.0, -1
21.145996, 12.837986, 70.24075, 39.72407, 101.27963, 106.4706, 5.1796403, 6.6837187
0.016152589, 0.0, 0.0, 0.0, -35.68951, -22.69128, 41.619205, 3
36.865753, 12.72371, 54.520966, 39.72424, 85.70294, 90.847916, 5.1893044, 6.6947103
0.7248807, -52.1967, -43.410675, 4.392627, 0.0, 0.0, 0.0, -1
52.64447, 12.723987, 38.741028, 39.724415, 63.245026, 75.06598, 4.890121, 6.694847
2.440289, -49.953644, -41.26487, 8.781483, 0.0, 0.0, 0.0, 0
123.12824, 12.507812, 23.7426, 33.87331, 110.50935, 139.4471, 7.4823737, 3.4807093
7.6817765, -6.510109, 44.816353, 48.67354, 0.0, 0.0, 0.0, 0
173.87578, 16.711914, 81.76248, 31.615446, 163.01663, 173.68422, 13.918068, 9.041423
5.822916, 2.8509955, 48.77054, 48.37847, 0.0, 0.0, 0.0, -1
173.76233, 20.216629, 87.75012, 31.58901, 161.05841, 173.65904, 18.054802, 14.053234
4.035142, 6.5788774, 46.771133, 46.649986, 0.0, 0.0, 0.0, -1
173.90877, 23.000671, 92.760376, 31.84419, 161.77347, 170.41425, 21.009857, 17.477314
1.9321406, 8.267627, 45.87609, 45.856277, 0.0, 0.0, 0.0, -1
130.93303, 25.301327, 53.74234, 32.235363, 119.99808, 125.41168, 23.256733, 19.892462
0.085111186, 0.0, 0.0, 0.0, 9.737866, -28.757338, -61.50479, 5
36.82341, 25.387455, 40.22223, 32.25241, 25.929688, 29.193085, 23.342018, 20.325525
0.002582239, 0.0, 0.0, 0.0, 43.36509, -13.638128, -42.996784, -1
59.932922, 16.007418, 50.271965, 9.858004, 51.006645, 76.522026, 3.608089, 3.613262
2.7139678, 15.304563, 33.037525, -51.657913, 0.0, 0.0, 0.0, 2
61.322403, 10.039595, 45.212982, 42.46936, 26.609177, 41.947052, 6.081557, 4.669608
1.9754931, 23.371, 23.455635, -53.17337, 0.0, 0.0, 0.0, 2
0.33607483, 7.003361, 111.04248, 43.065914, 116.76105, 143.54193, 6.5664363, 3.502037
0.46961778, 45.373943, 39.679432, -14.94662, 0.0, 0.0, 0.0, -1
31.881706, 5.8236375, 143.42673, 43.312687, 143.42426, 173.78464, 6.0312786, 3.7609673
3.2193017, 30.791435, 35.92734, 33.281223, 0.0, 0.0, 0.0, -1
124.06358, 7.057911, 139.75262, 44.471172, 176.78711, 174.73009, 6.9834414, 3.7347515
7.178694, -18.262161, 34.69753, 47.040306, 0.0, 0.0, 0.0, 0
135.55519, 24.437017, 48.759064, 39.675625, 124.98714, 125.00546, 23.371773, 21.787378
0.2882381, -6.639844, 45.739666, 47.62049, 0.0, 0.0, 0.0, -1
72.85985, 23.528507, 13.651321, 39.636765, 61.05281, 61.305527, 23.455444, 21.864733
0.019440308, 0.0, 0.0, 0.0, 42.159985, -15.359698, -42.480316, 5
41.328415, 22.935179, 45.1819, 39.63675, 28.84346, 29.504623, 23.309458, 21.685354
8.103426E-5, 0.0, 0.0, 0.0, 44.240467, -12.131019, -43.628517, -1
53.242172, 9.58348, 152.45293, 25.176504, 157.3762, 151.74553, 6.349715, 5.0394125
1.02706, 37.366894, 28.318108, -34.315, 0.0, 0.0, 0.0, 2
36.146072, 9.513836, 168.26036, 25.176497, 141.13072, 167.5522, 6.009369, 5.039764
7.4681597, 16.134897, 49.02174, 34.843357, 0.0, 0.0, 0.0, -1
1.890625, 14.7112875, 126.86391, 42.164604, 127.06456, 74.54704, 41.268787, 47.063076
0.0, 0.0, 0.0, 0.0, 19.199657, 26.718393, 54.08195, -1
16.357483, 15.087086, 142.66295, 42.164604, 142.36812, 89.91446, 39.844822, 45.63071
0.0, 0.0, 0.0, 0.0, -3.3819041, 31.534681, 65.08341, 3
31.793411, 15.163973, 158.35402, 42.164604, 157.5248, 105.13794, 38.420444, 44.20685
0.60889614, 11.915381, 38.544888, 49.53973, 0.0, 0.0, 0.0, -1
47.693123, 16.99489, 174.25446, 42.691338, 172.85114, 120.53632, 37.003136, 42.77992
4.951136, 16.326801, 38.218002, 45.455193, 0.0, 0.0, 0.0, -1
144.51993, 23.261995, 126.60718, 45.275444, 149.41542, 178.70992, 26.89333, 36.81361
1.2074219, 18.635954, 39.25303, 42.111015, 0.0, 0.0, 0.0, -1
123.94013, 23.755867, 150.12646, 45.59768, 175.66144, 154.87079, 26.593554, 36.271374
0.40578985, 18.653475, 39.482155, 41.864372, 0.0, 0.0, 0.0, -1
94.07559, 23.874016, 177.96358, 45.753162, 149.69154, 122.28743, 26.063389, 35.309593
0.009689281, 0.0, 0.0, 0.0, -41.53791, -22.193268, -36.268818, 3
4.964493, 22.370846, 75.92282, 45.76525, 22.097427, 15.552551, 22.158745, 25.14381
0.0, 0.0, 0.0, 0.0, -60.412045, 1.2519534, 38.336002, 3
0.7908325, 21.203436, 69.64305, 45.76525, 13.081192, 12.359787, 21.781303, 24.745201
0.49785462, -75.299416, 3.1042168, 21.596365, 0.0, 0.0, 0.0, -1
14.048584, 20.708559, 53.89949, 45.76525, 2.034134, 2.6202393, 21.52504, 24.63987
4.302574, -66.31352, 8.299144, 25.387331, 0.0, 0.0, 0.0, 0
75.26022, 19.748177, 9.27179, 45.355373, 63.207413, 64.30647, 20.704903, 22.361742
7.1080146, -52.496304, 16.832634, 30.671066, 0.0, 0.0, 0.0, 0
107.22975, 21.554152, 30.833954, 40.835503, 94.52797, 93.28583, 20.9342, 23.746485
4.026152, -41.846714, 23.689043, 34.464245, 0.0, 0.0, 0.0, 0
118.09007, 21.831457, 36.054382, 36.914185, 106.35373, 104.717026, 21.456835, 24.428621
2.300176, -38.994736, 25.27546, 35.7298, 0.0, 0.0, 0.0, 0
108.281204, 21.821964, 25.51419, 36.29859, 96.63634, 95.12015, 21.51275, 24.509567
0.36791152, -38.617966, 25.773087, 35.608944, 0.0, 0.0, 0.0, -1
45.639008, 21.538033, 36.65941, 35.86133, 34.84645, 32.788055, 21.407858, 24.35841
0.009522473, 0.0, 0.0, 0.0, 42.86931, -13.000795, -44.129898, 5
5.0897217, 27.924587, 46.47322, 64.68495, 46.9572, 48.559113, 63.498253, 63.844547
8.262915, -42.968395, -43.051514, -13.980087, 0.0, 0.0, 0.0, 1
70.458694, 24.085695, 17.322601, 45.63305, 5.237747, 6.882843, 27.22774, 31.896378
0.3664768, -48.278824, -43.055416, 8.665767, 0.0, 0.0, 0.0, -1
38.28917, 23.885916, 48.95282, 45.290688, 23.494019, 36.504578, 26.073118, 30.497063
0.016348815, 0.0, 0.0, 0.0, 40.105377, 12.744742, -47.149883, 5
4.9878845, 21.959318, 77.98479, 45.2747, 22.674942, 38.657333, 21.56226, 22.564682
0.0, 0.0, 0.0, 0.0, -55.81555, -5.2173696, 38.96708, 3
4.8292847, 20.649546, 75.14339, 45.2747, 17.935638, 25.831863, 21.222569, 24.018894
0.0, 0.0, 0.0, 0.0, -47.923866, 9.978892, 42.09724, 3
35.410004, 21.318113, 46.731293, 35.695137, 24.106628, 19.059647, 21.131258, 23.25895
3.8928795E-4, 0.0, 0.0, 0.0, 45.483658, -9.933517, -44.582825, -1
60.23241, 14.630038, 172.74902, 38.994858, 129.77112, 136.97318, 29.222095, 14.967576
6.208821, 32.10211, 31.189278, 36.708607, 0.0, 0.0, 0.0, -1
147.2013, 22.421852, 127.21093, 45.39907, 167.97609, 167.90059, 36.6821, 13.509932
1.3867145, 22.82671, 40.286488, 36.886803, 0.0, 0.0, 0.0, -1
132.37738, 22.9949, 145.49194, 45.8842, 173.03091, 168.21762, 36.20041, 15.051195
0.48725832, 22.761591, 40.302246, 36.93616, 0.0, 0.0, 0.0, -1
102.83525, 23.193895, 177.33936, 46.12392, 140.24141, 132.08707, 35.365757, 16.294958
0.051175453, 0.0, 0.0, 0.0, -38.768665, -22.314407, -38.916924, 5
72.82693, 23.059725, 151.13461, 46.152245, 107.47512, 96.8068, 34.154705, 17.307589
0.0, 0.0, 0.0, 0.0, -39.96907, -22.02378, -38.007145, 3
65.630844, 12.254387, 1.8099823, 34.687008, 52.75151, 2.5878448, 4.4158115, 5.0423994
1.5852703, -27.112305, 5.301815, -67.58588, 0.0, 0.0, 0.0, 2
15.634323, 9.203362, 48.93422, 34.68594, 75.253586, 49.792084, 5.6609187, 5.045565
2.0050528, -29.494785, 0.92627394, -69.57894, 0.0, 0.0, 0.0, 2
0.9819946, 5.964294, 64.33151, 34.306343, 99.32196, 75.15735, 5.072604, 4.762469
0.9805021, -29.925505, 7.117739, -62.956757, 0.0, 0.0, 0.0, -1
33.827393, 5.740021, 120.38609, 37.44554, 120.75987, 90.06648, 5.057748, 6.1335883
0.0, 0.0, 0.0, 0.0, 54.9537, 26.666832, -18.37947, 5
18.127632, 5.740647, 136.08534, 37.44554, 136.4557, 108.36246, 5.0581064, 6.168256
0.0, 0.0, 0.0, 0.0, 49.367176, 35.659634, 14.973192, -1
9.993004, 5.7409406, 144.21881, 37.44554, 144.58563, 119.05407, 5.058505, 6.108423
0.0, 0.0, 0.0, 0.0, 12.905892, 36.043747, 51.050358, -1
9.847984, 5.7414794, 144.35919, 37.44554, 144.72119, 119.956764, 5.059001, 5.701426
2.2067149, 42.09607, 52.53453, -5.3694, 0.0, 0.0, 0.0, 2
15.2859955, 5.463859, 175.82394, 37.44554, 177.44635, 143.87003, 4.9433727, 4.1993103
3.7320023, 43.093853, 55.02752, -1.8786284, 0.0, 0.0, 0.0, 2
27.940208, 5.2968526, 168.43777, 37.44554, 155.84189, 155.10104, 4.047504, 3.8588033
4.6601, 35.08541, 53.314365, 11.600225, 0.0, 0.0, 0.0, -1
76.04774, 4.7848268, 138.65518, 38.512936, 128.40332, 176.21396, 2.716209, 5.093623
5.407917, 3.4082084, 48.48358, 48.10821, 0.0, 0.0, 0.0, -1
108.163826, 4.758445, 123.04485, 39.39074, 134.00935, 169.57213, 3.4494426, 5.6907983
8.229605, -13.467078, 39.717728, 46.815197, 0.0, 0.0, 0.0, 0
175.58891, 15.586431, 86.08011, 36.951912, 167.5585, 163.22263, 13.3610525, 14.552756
7.0173736, -9.663131, 42.748287, 47.58858, 0.0, 0.0, 0.0, 0
175.53267, 17.431707, 88.92706, 36.71299, 169.74911, 165.71384, 15.088884, 16.23893
5.852206, -1.2774415, 49.022144, 49.700417, 0.0, 0.0, 0.0, 0
175.4874, 19.283112, 91.813736, 36.565456, 171.51544, 167.73326, 16.876371, 17.956251
4.6819544, 1.3486452, 49.07502, 49.57634, 0.0, 0.0, 0.0, -1
175.44292, 21.466776, 95.23805, 36.51118, 173.23857, 169.74467, 18.95674, 20.00971
3.083652, 3.515644, 48.051353, 48.433002, 0.0, 0.0, 0.0, -1
175.39964, 24.191586, 99.50525, 36.62703, 174.89081, 171.6781, 21.539782, 22.546362
1.2823572, 4.6288137, 47.51823, 47.85296, 0.0, 0.0, 0.0, -1
155.2364, 25.01256, 120.93561, 36.701572, 164.52902, 167.58774, 22.336357, 23.327911
0.461583, 4.9926715, 47.33729, 47.670036, 0.0, 0.0, 0.0, -1
123.90488, 25.427164, 152.90273, 36.744987, 132.92728, 135.99594, 22.716726, 23.695145
0.047183122, 0.0, 0.0, 0.0, -26.6255, -24.518997, -48.855503, 5
92.38865, 25.472734, 175.51236, 36.749607, 101.334404, 104.38247, 22.717957, 23.70831
0.0020373748, 0.0, 0.0, 0.0, -39.963367, -20.073832, -39.9628, 3
29.50637, 25.473146, 112.629814, 36.749428, 38.33114, 41.386543, 22.68026, 23.683666
0.002038797, 0.0, 0.0, 0.0, -39.466797, -19.642096, -40.891106, 5
102.910065, 18.72684, 163.7579, 61.234043, 161.50691, 178.31804, 38.3136, 40.448982
0.48621196, 43.584663, 42.54856, 13.866775, 0.0, 0.0, 0.0, -1
135.11519, 18.994505, 164.43355, 62.05952, 130.34044, 145.28618, 39.08873, 39.50665
0.0012518443, 0.0, 0.0, 0.0, -66.03927, -30.620697, -3.3400245, 3
166.48547, 18.994385, 133.05627, 62.05778, 98.96185, 114.76361, 39.087017, 37.938732
0.3701931, -46.64022, -52.178078, -1.1817, 0.0, 0.0, 0.0, -1
177.81984, 18.994455, 117.35982, 62.057613, 83.265274, 100.30141, 39.08686, 36.71119
5.9345574, -44.15093, -49.57053, 6.278541, 0.0, 0.0, 0.0, 1
105.85524, 19.062834, 39.707, 60.108974, 4.790039, 30.681824, 36.2839, 28.783459
8.428993, -39.41854, -43.522038, 17.05943, 0.0, 0.0, 0.0, 1
107.43558, 20.366129, 28.06018, 55.224426, 6.1531677, 30.037445, 26.785048, 20.780533
6.065774, -37.93918, -39.441948, 22.618872, 0.0, 0.0, 0.0, 1
112.78679, 21.66091, 29.007233, 52.124714, 3.2410889, 44.5094, 20.709143, 16.755089
3.4704716, -40.743996, -32.193954, 27.062052, 0.0, 0.0, 0.0, 0
115.96704, 22.98672, 32.09961, 48.326206, 21.252563, 85.91771, 11.66415, 16.221226
0.60069704, -47.04947, -22.346136, 30.604393, 0.0, 0.0, 0.0, -1
52.15622, 23.061522, 30.22757, 47.557125, 23.172546, 32.679214, 10.250041, 18.13866
1.1601949E-5, 0.0, 0.0, 0.0, 43.782078, 1.971251, -54.24667, 5
2.2751312, 20.457117, 68.7708, 47.557106, 16.350327, 8.403427, 17.513475, 21.103325
0.24808119, -67.47186, 5.9325957, 26.595545, 0.0, 0.0, 0.0, -1
16.96733, 20.158125, 52.995148, 47.557106, 1.149643, 6.5354156, 17.809422, 20.949074
4.0241985, -60.830616, 10.674109, 28.495274, 0.0, 0.0, 0.0, 0
98.69661, 22.951061, 12.931839, 38.7977, 87.33984, 85.27127, 21.21869, 22.603022
0.44683605, -35.92378, 27.779064, 36.297157, 0.0, 0.0, 0.0, -1
36.558685, 22.067766, 49.385803, 38.49757, 24.822784, 22.237946, 21.002672, 22.336754
0.0016812524, 0.0, 0.0, 0.0, 46.000668, -7.0420585, -46.95727, 5
134.81654, 1.588289, 179.91925, 53.161175, 149.05533, 154.28781, 17.86926, 21.1655
0.4561023, 47.75068, 31.999746, 20.249575, 0.0, 0.0, 0.0, -1
114.06476, 1.5954247, 148.49832, 53.744648, 179.70364, 176.12415, 20.280552, 23.37518
0.0063718325, 0.0, 0.0, 0.0, -40.05927, -19.982254, -39.958477, 3
67.11453, 1.595971, 101.321014, 53.75743, 132.77814, 129.46649, 20.684986, 23.754713
0.95884925, -48.913174, -41.035744, -10.051084, 0.0, 0.0, 0.0, -1
50.98822, 1.596034, 85.16518, 53.757755, 116.62221, 113.31035, 20.685423, 23.755558
5.478089, -48.68987, -39.070385, 12.239752, 0.0, 0.0, 0.0, 0
33.579865, 1.6059414, 7.2217712, 48.012913, 49.784668, 43.918854, 16.233229, 19.034126
6.8009667, -30.263706, -43.366898, 26.369396, 0.0, 0.0, 0.0, 1
159.75485, 21.793037, 78.103, 34.405334, 145.83337, 147.65848, 21.111948, 19.666348
1.923013, -4.7790494, 46.01101, 49.20994, 0.0, 0.0, 0.0, 0
160.39655, 22.728642, 79.70877, 34.30258, 146.51564, 149.02182, 21.854635, 20.559921
0.9547518, -4.08387, 46.377247, 49.53888, 0.0, 0.0, 0.0, -1

SIGNAL KNOWLEDGE:
0.32266235, 20.09545, 79.92682, 40.55802, 15.066589, 15.634796, 21.22212, 18.596563,implicit, 0
4.0486274, 18.310432, 63.61968, 31.01569, 6.730272, 1.487905, 23.12287, 21.673445,implicit, 0
4.8772526, 25.358528, 58.367783, 25.97993, 5.8792877, 5.7500744, 23.735306, 22.14821,implicit, 0
1.1983337, 18.893885, 4.957733, 48.70135, 20.652618, 2.3443298, 14.366842, 23.826517,implicit, 1
100.823364, 6.419469, 34.285965, 37.625698, 9.565247, 28.598282, 2.9700968, 5.230397,implicit, 1
4.917343, 18.64459, 79.595856, 34.12304, 14.441345, 20.065216, 19.65067, 21.381823,implicit, 0
36.663353, 8.621567, 71.82385, 27.933472, 61.798218, 37.41562, 4.1012845, 6.1457596,implicit, 1
4.9167786, 25.416761, 62.497726, 27.673824, 6.848236, 3.2406158, 23.572617, 22.94632,explicit:callForPass, 0
26.678528, 16.62663, 4.992218, 44.596367, 0.2611084, 6.3756104, 17.613523, 14.702613,implicit, 1
4.967682, 6.504696, 80.51416, 40.282818, 107.27957, 84.11441, 6.0790524, 4.838306,implicit, 1
4.982342, 21.595552, 76.27066, 35.116966, 7.8611937, 7.2607107, 19.960627, 21.52773,implicit, 0
4.979721, 24.723175, 76.14642, 35.994408, 6.405533, 5.7318726, 23.805553, 22.23627,explicit:callForPass, 0
106.88912, 6.858359, 179.87848, 10.782715, 179.405, 133.20642, 3.45115, 4.162741,implicit, 1
86.908585, 4.6168575, 159.77444, 10.782926, 176.86899, 160.5792, 4.6243625, 4.2155023,implicit, 0
4.876462, 23.457174, 75.92907, 44.415092, 14.341178, 7.0905, 24.81926, 22.248583,implicit, 0
4.978133, 25.29153, 75.37765, 28.862127, 2.0714054, 15.801964, 21.620949, 23.304827,implicit, 0
104.05976, 5.413884, 102.95289, 55.611954, 99.61906, 132.87967, 38.15258, 54.48052,implicit, 1
4.947174, 25.418482, 73.86743, 33.29113, 7.724365, 4.7224274, 23.948715, 22.935946,implicit, 0
89.66795, 7.654491, 92.43996, 55.569168, 102.43059, 85.41655, 29.609238, 46.502735,implicit, 1
107.2704, 4.3515167, 59.408447, 45.83211, 55.11389, 41.309357, 4.4397883, 6.1897964,implicit, 1
4.891983, 25.457523, 94.34776, 43.350246, 16.394485, 13.55098, 23.746737, 22.650663,implicit, 0
116.78573, 7.9972653, 27.585815, 31.721245, 73.53343, 24.740799, 5.178997, 4.644958,implicit, 1
4.951187, 17.71721, 81.91139, 32.566734, 25.453934, 18.614029, 21.386808, 19.400143,implicit, 0
115.72453, 12.994114, 92.835495, 55.71946, 76.374435, 99.61687, 34.90816, 22.988146,implicit, 1
4.8678265, 25.023657, 84.59719, 43.076496, 6.6722727, 5.2793303, 21.817831, 23.357111,implicit, 0
105.77034, 11.778758, 167.42151, 4.0575786, 122.88586, 152.46428, 2.0805995, 4.146604,implicit, 1
2.6568909, 22.56017, 81.00552, 45.86057, 16.596771, 15.248764, 24.809183, 21.655224,implicit, 0
93.248764, 5.745463, 135.78473, 23.88838, 172.88968, 134.81308, 5.522363, 3.511193,implicit, 1
4.975769, 24.9212, 73.81366, 29.295227, 17.983826, 14.500336, 22.6084, 23.371061,explicit:callForPass, 0
33.897583, 27.179026, 4.908264, 46.450535, 5.1393433, 4.617462, 18.848383, 12.017541,implicit, 1
4.9702816, 25.347721, 81.27202, 39.534782, 6.3007927, 5.3367195, 22.383545, 23.928871,implicit, 0
107.88614, 13.299085, 4.924408, 30.381744, 57.648865, 97.07729, 1.8810066, 6.0188065,implicit, 1
109.60093, 11.762345, 19.059143, 28.00287, 14.956665, 1.0476685, 4.6669326, 8.43244,implicit, 1
28.635315, 56.375774, 30.063904, 55.556786, 66.63104, 15.677124, 34.204193, 50.660767,implicit, 1
4.613861, 49.6022, 4.945862, 52.560127, 43.696533, 10.226379, 25.995026, 44.532837,implicit, 1
4.3218904, 25.545534, 74.17172, 34.032314, 6.586731, 4.676483, 23.567034, 20.652195,implicit, 0
3.0598354, 25.385397, 73.98984, 32.251698, 7.834778, 7.132416, 23.339947, 20.987923,implicit, 0
107.447235, 14.4084015, 4.8950806, 14.062246, 82.603325, 89.950806, 2.9630888, 2.6461067,implicit, 1
88.941376, 16.209345, 18.830078, 9.858004, 17.741547, 52.7648, 3.443366, 3.0701334,implicit, 1
13.897339, 19.953156, 4.851166, 50.302868, 4.935364, 36.362946, 28.73227, 12.240001,implicit, 1
4.863846, 20.513706, 81.6458, 39.636684, 10.415619, 7.8831177, 22.49972, 20.33104,implicit, 0
20.35492, 9.513697, 175.9504, 25.17649, 126.81563, 176.65898, 5.907156, 5.0402017,implicit, 1
4.3759155, 21.121895, 78.13826, 35.88606, 7.9260964, 11.55779, 20.653824, 23.714188,implicit, 0
91.678345, 12.5489645, 7.433319, 25.347977, 12.889893, 55.60663, 4.6829453, 3.3366058,implicit, 1
4.9428253, 21.101954, 77.150375, 35.695095, 7.9871674, 10.910004, 19.901917, 22.225134,implicit, 0
77.4008, 9.146637, 29.66452, 13.758751, 77.60466, 133.89232, 2.9129415, 2.1823244,implicit, 1
115.631546, 10.290631, 38.30269, 10.309348, 50.672043, 43.14708, 4.270927, 7.8031497,implicit, 1
4.957901, 20.746323, 79.82851, 46.152245, 21.492935, 18.236984, 25.166288, 21.268242,implicit, 0
32.694702, 10.421041, 33.22136, 34.6863, 59.431244, 34.079056, 6.0295043, 5.046209,implicit, 1
48.52484, 4.0646853, 118.54532, 55.558025, 86.5782, 91.119934, 53.744724, 59.57968,implicit, 1
82.82233, 6.3417664, 73.29344, 37.44554, 73.66164, 35.28694, 5.055256, 6.0777955,implicit, 1
4.9521027, 25.47368, 88.07489, 36.749016, 13.729965, 16.53717, 22.60348, 23.718159,implicit, 0
4.198639, 19.776567, 80.85123, 38.49695, 8.196182, 11.889969, 19.71443, 21.370926,implicit, 0
110.7258, 13.505827, 27.278198, 28.138098, 48.35907, 49.976654, 4.1855006, 2.8500926,implicit, 1
7.0885315, 23.285547, 4.898712, 52.446747, 20.908295, 18.059082, 29.369577, 15.931552,implicit, 1
4.889862, 23.65311, 74.791016, 34.22738, 8.53775, 5.3889923, 22.319033, 21.267769,implicit, 0

SHOOT KNOWLEDGE:
41.781914, 11.499345, 35.835175, 24.953438, 21.377468, 22.116014, 19.280512, 13.8204565
73.25754, 7.2968173, 16.42569, 25.194942, 35.132767, 43.64206, 11.247765, 11.239017
117.46224, 12.10778, 4.9530945, 18.863785, 123.15709, 148.55759, 5.130381, 4.295283
49.75499, 10.875721, 29.029327, 27.250036, 26.10025, 31.33545, 13.127846, 16.715574
90.8219, 2.9609406, 32.726654, 10.600543, 38.97348, 17.003387, 3.9932752, 3.1863291
77.41211, 8.9172, 11.8638, 27.149662, 46.38736, 64.23407, 10.327355, 11.294038
117.87582, 14.994679, 4.8988647, 27.359253, 112.208, 87.568054, 14.278297, 13.831218
170.2863, 18.950464, 7.154999, 11.107199, 170.11192, 137.60358, 17.365793, 4.3706007
115.631546, 10.290631, 38.30269, 10.309348, 50.672043, 43.14708, 4.270927, 7.8031497

