0,2.8040502
0,4.068631
0,5.075168
0,6.836854
0,7.8423567
0,8.093679
0,9.600585
0,9.851352
0,10.354183
0,14.12635
1,15.853445
0,16.86572
0,17.36841
0,17.871433
0,19.13173
0,19.382677
0,21.407219
0,23.422413
0,24.42725
0,24.679743
0,24.93234
0,26.694761
0,27.45158
0,27.958508
0,28.465424
0,31.494808
0,31.997284
0,32.249557
0,33.00404
0,33.25623
0,40.668762
0,41.172577
0,41.676964
0,41.92763
0,42.179443
1,42.4271
0,43.446644
0,44.95637
0,46.479637
0,47.48761
0,47.740105
0,48.230568
1,48.231316
0,49.7415
1,50.30186
0,50.7533
0,51.263214
0,52.52038
0,53.77874
0,54.785065
0,55.037285
0,55.5399
0,56.043587
0,58.361145
0,59.618217
0,59.869774
1,61.14505
0,62.39049
1,64.495735
0,64.90536
0,65.1584
0,65.66421
0,65.91438
1,66.08164
0,66.41843
0,66.669685
0,67.17334
0,68.05277
1,68.05359
0,68.8115
1,68.91031
0,69.31865
0,69.57223
0,70.07718
1,70.07794
0,70.57865
1,71.561966
0,71.83638
0,72.08858
0,73.599556
1,73.77807
0,74.354416
0,74.85574
1,81.410934
0,81.49246
0,83.25809
0,84.27263
0,85.79228
0,86.04478
0,87.055145
0,87.558044
0,88.062195
1,88.581795
0,89.8258
0,91.13294
0,92.14036
0,92.39186
0,92.64301
0,93.69377
1,93.69457
0,94.19653
0,94.950264
0,95.95766
1,96.14163
1,97.9449
1,99.47953
0,99.73567
0,100.23919
0,100.49278
0,100.74596
0,102.00276
0,103.008484
0,103.51324
0,104.01547
0,104.51792
0,104.77003
0,105.27337
0,105.52462
0,105.77657
0,106.279884
0,107.03503
0,107.28653
0,109.300186
0,113.5759
1,113.67959
0,114.076965
0,115.58457
0,115.83577
0,116.08669
0,117.47258
1,118.08901
0,118.2264
0,118.7293
0,119.49131
0,120.75538
0,121.007866
1,121.47652
0,121.7616
0,122.26465
0,124.78264
0,125.78764
0,126.79398
1,126.98048
1,141.89539
0,142.47345
1,142.53017
1,143.14914
0,143.73442
1,144.13258
0,145.2472
1,145.61397
1,146.92998
0,152.03848
0,152.29074
0,153.55493
0,154.8144
0,155.06604
0,156.0735
0,157.83524
1,157.97954
0,158.5888
0,159.85541
1,159.98259
0,160.61787
0,161.87683
0,162.37949
1,163.92702
0,164.32515
0,165.07935
1,165.51254
0,166.58925
1,167.80211
0,168.09868
1,168.23792
0,168.35022
1,168.58757
1,168.84544
1,169.09772
1,169.43372
1,169.84056
1,170.23682
1,170.63565
1,171.03238
1,171.46002
1,171.87868
1,172.28896
1,172.6785
1,173.11015
1,173.4606
1,173.87381
1,174.23026
1,174.63615
1,175.0345
1,175.33328
1,175.63275
1,175.98303
1,176.38316
1,176.77853
0,177.8522
1,177.85284
1,178.15414
0,180.37892
1,181.26329
1,181.66315
0,182.39093
0,182.89384
0,185.92966
0,186.68364
0,187.18723
1,187.62984
1,187.72577
0,187.94746
0,189.20665
0,190.23465
1,190.7646
0,194.781
0,195.5377
0,200.23663
0,213.32776
0,214.08438
0,214.33527
1,214.43958
0,214.58687
0,214.84987
0,215.60706
1,215.79839
1,216.1985
0,216.6197
0,217.38336
1,217.69742
0,218.3904
1,218.49088
0,218.64162
0,218.89314
1,219.68002
0,223.43729
0,223.68842
0,223.94394
0,224.19579
1,224.19965
0,225.95547
1,226.13719
0,227.21613
1,228.64781
0,229.51149
1,229.51497
0,230.51988
0,231.27483
1,231.59782
1,231.95291
0,232.56168
0,235.59766
0,235.84998
0,237.10971
1,237.51262
0,237.61404
0,238.11772
0,238.65343
0,238.90416
1,239.33781
0,239.91008
0,240.16127
0,240.91588
1,241.04749
1,241.61447
0,242.93086
0,243.68393
1,243.7312
0,244.69296
0,245.44722
0,245.6989
1,247.42989
1,249.82529
0,250.95125
0,251.45445
1,251.60999
0,251.71161
1,252.39172
0,252.71858
1,253.44781
0,253.98105
0,255.24057
0,255.49335
1,255.83263
1,256.89673
0,262.8358
0,263.08768
0,263.85324
0,264.1041
1,272.52884
0,273.5429
1,273.65784
0,274.29807
0,274.54895
1,275.4489
0,276.8284
0,278.08768
0,278.33966
0,278.59006
0,279.0953
0,279.34625
1,280.13324
0,280.60202
0,280.85248
0,282.36267
0,283.36996
0,283.87622
1,284.099
0,285.63852
0,285.89127
0,287.40173
0,287.65604
1,288.50235
1,290.9021
0,291.27585
1,291.71698
1,293.0822
1,293.67685
0,294.54822
1,307.37643
1,307.78848
0,308.63763
0,309.13974
1,309.3818
0,309.6425
0,309.89536
0,310.14755
1,310.91577
1,311.45007
0,313.67
0,313.92032
0,314.6771
1,317.87024
1,318.52838
0,318.88483
0,319.3883
0,320.14417
1,320.21542
0,320.6467
0,321.9067
0,322.15897
0,322.41058
0,322.66254
1,323.50015
0,325.98328
0,327.25992
0,327.5109
1,328.1595
1,329.07584
0,329.78586
1,331.0364
0,331.04404
1,331.2673
1,331.7333
0,332.83893
1,333.03015
1,334.79507
0,334.87137
1,335.56726
0,339.4063
0,339.90884
0,341.67004
0,342.67725
0,342.9303
0,343.18137
0,343.93665
0,344.18872
0,344.69083
0,345.1938
0,345.4462
0,345.69843
0,346.20932
0,346.46017
0,346.71143
0,348.72525
1,349.18503
0,350.50235
0,351.51672
0,352.0189
0,352.26984
0,353.0249
1,353.05087
1,353.28412
0,354.53436
0,355.03598
1,355.2898
0,356.0442
0,356.29642
0,356.5473
0,357.30185
0,358.55685
0,358.8079
0,360.3253
0,361.6854
1,361.68622
0,362.43884
0,362.94247
0,363.1946
0,363.6984
0,364.204
1,364.6164
0,364.70688
0,365.71252
0,366.4671
1,367.55048
0,368.98267
0,369.48938
0,369.7426
0,370.2448
0,370.496
1,372.99155
1,384.07028
1,385.12613
0,385.83197
0,386.5879
0,386.839
0,388.86148
0,391.12387
0,391.37454
0,393.63745
0,393.88974
0,394.14093
0,394.64392
0,394.89493
0,395.1455
0,395.64777
1,398.92773
1,399.58405
0,400.1837
0,401.1929
0,401.94724
0,404.217
0,405.22433
0,405.47787
0,405.7288
0,406.23154
1,406.37576
0,406.4824
0,406.9842
0,407.99094
0,408.49548
1,408.62308
0,409.2554
1,409.7348
0,411.5255
1,411.53488
0,413.03436
0,413.7885
0,414.79495
1,417.99298
1,434.07504
0,435.33365
1,435.65176
0,435.83734
0,436.59225
0,436.84418
1,438.1179
0,439.3652
0,440.62314
0,441.8821
0,442.3843
1,443.21335
0,443.64587
0,444.36588
0,444.61673
0,445.62372
0,446.1266
0,446.37845
0,446.63162
1,446.81885
1,448.1354
0,449.65167
0,450.9103
0,451.1616
0,451.41275
0,451.9148
0,454.31158
0,454.56668
1,455.33688
1,456.09402
0,456.58066
1,457.0366
0,457.83945
0,458.34174
1,458.45218
0,458.59402
0,458.84512
0,459.09677
0,461.11118
0,461.86523
1,461.9746
1,462.25397
0,464.1312
0,464.38235
0,465.13644
0,465.38843
0,465.64963
0,466.16724
0,466.4184
0,466.67056
1,466.9478
0,468.434
2,468.80887
1,485.63623
0,486.29956
0,486.80328
0,487.5651
0,487.8226
0,491.59225
0,492.10516
0,492.61826
0,492.87088
0,493.62674
0,494.12894
0,495.13248
0,495.88687
0,496.15897
0,496.66962
1,496.99872
0,497.42285
0,497.67322
1,498.3932
0,498.42752
0,499.43195
0,499.68243
0,500.69022
1,501.40295
1,502.45288
0,504.47723
0,504.72864
1,506.00443
0,511.2876
1,511.65427
1,512.00964
0,512.5483
1,512.73804
0,513.0637
0,513.8187
0,514.32526
0,515.0836
0,515.5873
0,516.09155
0,516.59686
0,517.1012
1,517.12213
1,517.9199
0,519.13055
0,520.3913
0,520.89453
1,532.17566
0,532.53516
1,533.3925
0,534.07336
1,534.28503
0,534.84985
1,535.32935
1,535.98804
0,536.1251
1,537.1505
1,538.6362
1,539.1596
1,539.69025
1,544.5049
0,544.5673
0,544.81934
1,546.81854
1,548.154
0,548.38495
0,549.142
1,549.9855
0,550.67804
1,550.9052
0,551.18097
0,551.684
1,552.4206
1,553.03766
0,553.4473
0,553.70325
0,553.9552
1,554.4852
1,557.4418
0,557.5132
1,559.0162
1,560.2069
1,560.9113
1,561.4826
0,561.82245
0,562.3236
1,562.7425
0,562.82837
1,563.1666
0,563.33344
0,564.09247
0,564.8491
0,565.6192
1,569.94324
0,570.4529
1,570.8039
0,571.2075
0,571.45966
1,571.7666
1,572.38763
0,572.4669
0,572.9703
1,573.3808
0,573.4802
1,573.8702
0,573.9833
1,574.2188
1,574.5684
1,574.92816
1,575.2879
0,575.49774
1,576.42645
0,576.7554
1,576.87885
0,577.5141
1,577.93787
0,579.78723
0,580.28937
0,580.5422
0,581.0458
0,581.29865
1,583.3039
1,595.1904
0,596.96906
0,597.4725
0,597.73334
0,597.993
1,598.40845
1,599.9199
1,600.32306
0,600.799
1,601.3883
1,601.71204
1,602.4427
0,603.07556
0,603.5803
0,603.83167
0,604.33936
0,604.8437
1,605.6763
0,605.88727
0,606.4063
1,606.5215
0,606.911
1,607.3437
0,608.68115
0,609.186
0,610.7257
0,610.9776
1,612.2099
1,613.6477
1,614.3046
1,614.6571
1,614.86346
1,615.4446
0,615.6639
1,616.25586
1,617.67365
0,622.0155
0,625.54266
0,626.05457
0,628.07416
0,629.3333
0,629.86084
1,629.8617
1,630.67926
0,631.36926
0,631.62054
0,631.87256
0,632.3755
0,637.1694
1,642.8338
1,656.90826
1,657.25726
0,658.16754
1,658.24054
1,658.93994
0,659.67786
1,660.1274
0,660.18134
1,661.8411
1,662.13293
0,664.2389
0,664.5056
0,665.0317
0,667.03406
1,668.733
0,670.5909
0,671.37244
0,672.08234
1,672.08325
0,672.3327
0,673.0921
0,673.3436
0,673.8478
0,674.3502
1,674.4063
1,675.1238
0,675.3563
1,676.60706
0,676.8649
0,679.39264
0,679.64386
0,681.34076
1,683.59143
1,684.06726
0,684.3677
0,684.6192
0,685.1236
0,685.60236
1,685.6033
1,685.75714
0,685.8547
1,686.8572
0,686.8631
0,687.1146
0,687.8712
0,688.37524
0,688.6281
1,689.6074
1,690.30664
0,690.89276
0,691.3945
0,691.89777
0,692.3995
0,692.90234
0,693.15436
1,693.28235
0,693.4092
0,693.9109
1,697.6162
0,698.3711
1,702.4375
0,702.68835
0,703.945
0,704.70435
0,705.4571
0,706.4678
1,706.7246
0,706.97217
1,707.3094
0,707.4779
1,707.56305
0,707.98016
0,709.74207
0,710.2456
0,710.49774
0,711.00104
0,711.5372
0,711.7899
0,712.0412
1,712.4573
0,712.79486
1,712.95953
0,716.5693
0,717.5755
0,721.72156
1,721.7225
1,733.08673
1,734.3095
0,734.88684
0,735.64307
0,735.8946
0,737.40283
0,739.1655
0,739.41705
0,740.6736
0,740.92645
0,741.1776
0,742.4581
0,743.71576
0,743.96796
0,744.23175
1,744.40155
1,745.85315
0,747.1079
1,747.2113
0,747.3588
0,748.1138
0,748.618
0,749.6238
1,750.0097
0,750.1277
1,750.7249
0,753.17456
0,753.6768
0,754.6828
1,762.4409
0,763.5534
0,764.0561
0,764.3072
0,764.5594
1,764.77606
1,765.34265
1,766.5756
0,767.3535
1,768.3771
0,769.93036
0,771.1868
0,771.4392
1,771.49243
1,773.7252
0,774.4639
1,774.5196
0,774.9671
1,775.29626
0,775.72723
0,776.23376
1,776.44385
1,777.02826
0,777.50037
0,778.0031
1,778.61475
1,779.18713
0,779.5161
0,779.76843
0,780.7836
1,781.9275
0,782.0419
0,782.2934
1,782.3204
0,783.7136
1,783.71466
1,784.0253
0,784.96967
1,785.2097
0,785.47253
0,785.7229
0,786.2327
0,786.74316
0,787.2466
1,787.26556
1,788.31195
0,789.7785
0,790.5422
0,791.0447
0,791.2969
0,791.5475
0,791.79834
0,793.4161
1,793.41724
0,794.6733
0,794.9264
1,795.0589
1,809.70514
1,810.2018
1,811.36194
1,812.0425
0,812.475
0,812.7269
1,813.1923
1,814.17706
1,814.89325
1,818.6499
0,820.3784
1,820.42596
0,821.1322
0,821.6354
0,822.1376
0,822.9983
1,822.9993
1,824.09906
0,824.2603
1,824.46136
0,824.76416
0,825.0158
0,825.26825
0,826.2744
0,827.03326
1,827.9607
0,829.5528
1,832.4616
1,833.0823
0,833.2448
1,834.25854
1,834.7262
1,835.5425
1,836.2112
0,837.3008
1,838.2122
0,838.3167
1,838.4093
1,839.0955
1,842.1037
0,842.64264
0,843.14435
0,843.98834
2,843.98895
1,860.8955
1,861.812
0,862.1562
0,862.4075
0,862.91266
0,864.16895
1,864.6444
0,865.4272
0,866.68805
0,867.1911
0,867.4442
0,871.9561
1,871.9773
0,872.20703
0,872.4601
1,872.59424
1,873.17706
0,874.47394
1,874.47766
0,874.977
1,875.3452
0,875.48035
0,875.73114
0,876.234
0,876.7391
0,877.24133
0,877.4927
0,878.24615
0,878.49786
0,879.0007
0,879.2532
0,880.00977
0,880.2608
0,880.7642
0,881.0144
1,881.47644
1,882.3437
0,883.28296
0,884.03925
1,884.2609
0,885.29785
0,885.54865
0,886.05096
1,886.36255
0,886.5534
0,889.97876
0,890.4846
1,890.89307
1,891.1769
1,892.8457
0,893.50616
1,893.84436
0,894.26215
1,894.5962
0,894.76935
0,895.0205
1,895.4424
0,895.77313
1,895.96124
0,896.52966
1,897.6786
1,898.56244
0,899.06964
0,899.3241
0,901.09436
0,901.34644
0,902.10364
0,903.26086
1,903.2619
0,916.9404
0,917.45624
1,917.4697
0,918.21564
0,918.4683
1,918.6296
1,921.4306
0,923.0072
0,923.2586
1,923.5288
0,924.2673
1,926.69904
0,927.04047
0,927.69855
0,928.9642
1,929.0092
0,929.7181
0,929.9693
1,930.0754
0,930.2217
1,930.496
1,930.71533
1,931.9151
0,932.741
0,933.2484
0,934.5085
0,935.26245
0,935.51556
1,942.9393
1,943.0964
0,944.1975
0,944.47107
1,944.65515
1,946.25275
1,946.8287
0,947.0
1,947.73004
1,948.462
0,948.7605
0,949.01105
1,949.3971
0,951.50543
1,951.9618
1,953.7359
1,955.0002
0,955.80066
0,956.0534
0,956.56805
0,956.9244
1,956.9254
0,957.43945
0,957.9479
0,958.20526
0,958.4578
0,958.9607
0,959.213
1,959.6615
0,959.7171
1,960.4984
1,961.02844
0,961.73364
0,962.74066
0,963.4976
0,963.7506
0,965.3427
0,965.5943
0,966.60297
0,966.8559
1,967.2971
0,969.1226
0,969.37573
1,969.6122
0,969.62714
0,969.8796
1,970.6963
1,971.6308
0,971.8959
0,972.6509
1,972.6965
1,973.0101
0,973.1541
0,973.4062
1,973.45734
1,974.15216
1,974.86707
0,975.1689
0,975.41986
0,975.67145
1,975.9343
0,977.9774
0,978.98425
0,979.2357
0,979.4857
1,979.7285
1,980.08496
0,980.7502
0,981.25476
1,981.31305
0,982.5139
0,982.76544
1,983.7969
0,986.7885
0,987.04596
1,987.4956
0,987.5493
0,988.812
0,989.8197
1,990.3626
0,990.57513
0,991.32983
0,992.34143
0,993.09735
0,993.3477
0,995.02673
1,995.02814
1,1007.1874
1,1008.3637
0,1008.40625
0,1009.1639
0,1009.41693
0,1010.441
0,1013.73083
0,1015.23926
0,1015.51385
1,1015.51483
0,1016.0193
0,1017.0251
0,1017.2758
0,1017.52893
0,1017.78125
0,1018.03735
1,1018.4138
1,1019.1128
1,1020.2466
0,1021.05975
0,1021.8169
1,1025.5477
1,1026.0637
0,1026.7284
0,1026.9812
1,1028.8528
1,1029.4094
1,1029.698
1,1029.9463
0,1030.0079
1,1031.027
0,1031.2693
0,1031.52
1,1038.969
0,1040.7306
1,1040.8987
0,1040.9827
0,1041.2335
0,1041.7356
0,1042.4921
1,1043.2136
1,1044.1552
1,1045.3809
1,1046.3838
0,1046.559
1,1046.8589
0,1047.5663
1,1048.3983
1,1049.8839
1,1051.2821
1,1051.456
0,1051.59
0,1051.8413
0,1053.2229
1,1053.2242
1,1054.4304
0,1054.5009
0,1055.0063
0,1055.2576
0,1056.012
0,1056.5176
1,1057.8967
0,1058.7871
0,1059.7958
0,1060.0465
1,1060.1313
0,1061.5708
0,1061.8221
1,1062.3647
1,1063.1149
1,1063.9487
1,1064.7812
0,1065.5992
0,1066.6062
1,1066.8983
1,1067.1809
0,1067.8641
1,1067.8868
0,1068.6182
0,1069.372
1,1071.9167
1,1073.9755
0,1077.1854
0,1077.45
0,1077.9824
0,1098.4009
0,1098.6608
1,1099.0536
0,1099.6819
1,1100.7972
0,1101.6969
0,1101.9493
1,1102.408
1,1105.3702
1,1105.8318
0,1105.9604
0,1106.2118
0,1106.4635
1,1107.4
1,1108.0983
0,1108.2253
1,1108.5736
0,1108.7311
0,1109.2356
1,1110.3784
0,1111.1122
0,1111.6268
1,1111.7329
0,1112.1377
1,1112.5985
0,1112.6406
0,1112.8914
1,1113.4093
1,1114.1222
1,1114.683
0,1116.6985
0,1116.952
0,1118.4625
1,1121.8535
0,1123.3635
1,1124.0433
1,1124.2319
1,1124.733
0,1125.6327
1,1126.3334
0,1127.1455
0,1127.9008
0,1128.6547
0,1128.9066
0,1129.604
2,1129.6046
0,1137.3087
0,1137.8129
0,1141.0859
0,1141.338
1,1152.017
0,1153.2743
0,1153.7797
0,1154.2832
0,1154.5327
1,1155.2162
1,1155.9006
0,1159.8212
0,1160.827
0,1162.841
0,1164.3953
1,1164.3965
1,1164.5828
0,1165.6558
1,1166.166
0,1166.4102
1,1167.1333
1,1167.6161
1,1167.8995
1,1168.5344
0,1168.9296
0,1169.6835
0,1170.6946
0,1171.1969
0,1171.4476
0,1171.6986
1,1172.5482
0,1174.061
1,1174.1865
1,1175.168
0,1175.3204
0,1176.3295
1,1176.4436
0,1176.8328
1,1176.8337
0,1177.8402
1,1179.9514
1,1180.8574
1,1181.801
0,1181.8684
1,1182.334
0,1184.8914
0,1186.3981
0,1187.4044
0,1188.418
0,1190.179
1,1190.5929
0,1190.6832
0,1192.1953
0,1193.4568
0,1193.9591
0,1194.4664
0,1194.7183
0,1195.2231
0,1196.2295
0,1196.4819
0,1196.7358
0,1197.4883
1,1197.57
0,1197.7412
0,1198.2448
1,1198.5962
0,1198.7482
1,1199.3003
0,1199.5035
0,1199.7561
0,1200.5115
0,1201.0145
0,1201.2688
0,1201.5203
0,1202.5276
0,1202.7799
1,1202.8127
0,1203.0316
1,1203.1185
0,1204.5426
0,1205.8037
0,1206.5573
0,1207.0582
0,1207.561
1,1208.5012
0,1208.8187
0,1209.0715
0,1210.3307
0,1210.8368
0,1211.0886
0,1211.3413
0,1211.5933
0,1212.3468
0,1212.6001
0,1212.8516
0,1213.3531
0,1213.6039
0,1213.8555
0,1214.108
0,1214.6099
0,1215.1146
0,1215.3662
0,1215.6189
0,1215.8705
0,1217.3778
0,1218.636
0,1219.8947
1,1221.0355
0,1221.1533
1,1221.92
0,1222.1613
0,1222.4137
1,1222.8512
0,1223.1691
1,1226.2075
0,1226.9489
1,1227.6846
0,1228.4614
1,1228.5719
0,1228.9655
0,1229.2213
1,1229.6371
0,1230.482
1,1230.6044
0,1233.0166
0,1234.5292
0,1234.7799
1,1237.2051
0,1238.2471
1,1238.7003
1,1239.2648
1,1240.7572
1,1241.7932
1,1244.4261
0,1244.6393
0,1245.6488
0,1246.1533
1,1246.405
1,1252.775
1,1253.887
0,1254.0345
0,1254.5391
1,1255.0251
0,1255.0428
1,1255.5068
1,1257.3345
0,1257.84
0,1258.6073
0,1258.8687
0,1259.6375
0,1259.8923
1,1259.9001
1,1260.4923
0,1260.649
1,1262.175
0,1263.672
0,1263.9237
1,1264.4977
0,1265.1849
0,1265.9386
0,1269.4637
0,1271.7509
0,1275.0786
1,1275.1323
0,1276.5956
1,1288.7611
0,1290.0305
0,1290.5331
0,1290.7898
0,1291.2986
0,1294.5736
0,1295.3302
0,1295.5825
0,1296.0851
0,1296.3373
1,1296.3606
0,1296.5894
1,1297.1517
1,1297.9882
1,1298.9106
0,1298.9976
0,1299.2483
0,1299.5009
0,1299.7542
1,1299.8477
1,1300.1605
1,1300.946
0,1303.032
0,1303.5361
0,1303.7888
0,1304.5464
1,1313.0078
0,1314.5294
1,1314.7656
0,1314.7822
0,1315.0364
1,1315.7582
1,1316.659
1,1317.3097
1,1318.0094
1,1318.3113
0,1318.8192
1,1318.9583
0,1319.3218
1,1319.9087
1,1323.3925
1,1325.8098
0,1326.1617
1,1326.3925
1,1327.493
1,1328.2589
0,1329.1849
0,1329.4355
0,1330.4503
0,1330.7018
0,1330.9628
0,1331.9841
0,1332.752
0,1333.256
0,1333.511
1,1333.5978
1,1334.1748
0,1334.2656
0,1334.5183
0,1335.5337
0,1336.3005
0,1336.6123
0,1337.1178
0,1337.3685
0,1337.6215
1,1337.9098
0,1338.3779
1,1338.7278
1,1339.6602
1,1340.3467
1,1340.6597
0,1341.164
0,1343.1755
0,1343.6782
0,1343.9307
0,1346.9375
1,1346.9387
0,1347.6929
1,1348.0927
0,1348.1962
1,1349.7126
1,1350.356
0,1350.4631
0,1350.7156
2,1351.0165
0,1351.7144
1,1351.7157
0,1352.2177
0,1352.9734
0,1353.4763
0,1355.036
0,1355.5463
1,1356.0974
0,1356.3181
1,1356.4136
1,1356.9656
0,1357.8431
1,1358.016
0,1358.3505
1,1361.6154
1,1375.8577
0,1377.118
1,1377.345
1,1378.1644
0,1378.6334
0,1379.6398
1,1379.7097
0,1380.9065
1,1381.327
0,1381.9128
1,1381.9431
1,1383.0621
0,1384.6813
0,1385.1857
0,1385.693
0,1386.1973
0,1386.7006
0,1386.9513
0,1387.9702
1,1388.4818
0,1388.7252
1,1389.5875
0,1389.986
0,1390.2373
0,1391.2499
0,1393.2782
0,1393.5311
0,1393.7827
0,1394.0355
0,1394.5383
1,1395.1042
0,1406.5463
1,1406.5474
0,1407.8083
0,1408.3109
0,1408.5642
1,1408.9266
0,1409.0703
0,1409.8271
0,1411.3411
1,1411.561
0,1412.8584
0,1413.1112
0,1413.3724
0,1414.63
0,1415.3873
0,1416.0745
1,1416.0758
1,1417.1736
0,1417.3353
0,1417.8401
0,1418.3436
0,1418.5946
1,1419.1459
1,1420.8157
1,1422.1617
0,1422.8832
0,1423.3889
0,1423.6406
0,1423.8916
0,1424.1439
0,1425.6713
1,1425.6726
0,1426.9297
1,1427.8613
1,1428.9121
1,1444.996
1,1445.6455
0,1445.9185
1,1446.2463
0,1446.422
0,1450.9526
0,1451.7065
0,1452.2096
0,1452.4612
0,1452.9641
0,1453.9698
0,1454.5895
1,1454.5907
0,1454.8402
1,1455.8116
0,1455.8448
0,1456.3519
0,1457.6108
1,1457.8278
0,1457.8638
1,1459.0132
0,1460.1326
1,1460.3531
0,1461.141
0,1462.1533
0,1462.405
0,1463.1611
0,1464.4434
1,1464.6284
0,1465.4514
1,1465.6963
0,1465.7024
0,1465.9541
1,1466.284
1,1467.3298
1,1468.7286
1,1469.8429
0,1470.2277
0,1470.9856
0,1471.237
0,1471.9922
0,1472.4965
0,1473.2496
0,1473.7543
0,1474.2577
2,1475.0284
1,1491.363
0,1491.6249
0,1491.8754
1,1493.1302
0,1493.3909
1,1493.4132
0,1494.1459
0,1494.3967
1,1494.4136
0,1494.6486
1,1495.1294
1,1495.4647
0,1496.6587
1,1497.9967
0,1498.4211
0,1498.6726
0,1502.3815
0,1503.3871
1,1503.43
0,1503.6393
1,1503.8973
0,1504.896
1,1506.6083
0,1506.657
1,1506.927
1,1508.0598
1,1508.5295
1,1509.0306
1,1509.3964
0,1509.4309
0,1509.9355
1,1510.147
0,1510.8972
1,1510.8986
0,1511.6525
0,1512.1576
0,1512.4086
0,1512.6609
0,1513.4147
0,1513.6666
1,1514.2302
0,1514.4224
1,1515.0956
0,1516.1827
0,1517.191
0,1518.1996
1,1519.4248
0,1519.9283
0,1520.1812
0,1520.433
0,1520.6842
1,1520.8461
0,1520.9357
1,1521.9027
0,1522.9482
0,1524.2064
1,1524.5573
1,1525.2317
0,1525.4648
0,1525.9692
0,1526.9769
1,1529.9161
1,1532.1254
0,1535.7971
1,1558.2131
1,1559.3965
0,1559.4402
1,1560.8314
0,1560.9503
0,1563.4683
1,1563.8973
0,1564.2236
0,1564.4739
0,1565.4795
0,1567.2539
0,1567.5067
1,1567.9988
0,1568.7638
0,1570.2739
0,1571.0303
0,1571.5344
0,1575.5306
1,1575.532
0,1576.2845
0,1576.7865
0,1577.0375
1,1577.3309
1,1578.3481
1,1578.554
0,1579.0558
1,1579.0985
0,1579.5581
0,1579.8105
0,1580.0616
1,1582.0408
0,1583.301
0,1583.552
0,1583.8027
0,1584.0557
0,1584.8127
1,1585.1321
1,1585.7814
0,1586.3267
0,1587.3356
0,1588.092
0,1588.3441
0,1589.1
0,1589.3517
0,1592.8405
1,1592.842
0,1593.8512
0,1594.3549
1,1594.5594
1,1597.1173
1,1597.8153
1,1598.1283
1,1608.9346
1,1610.0725
0,1610.702
1,1610.8314
0,1611.2062
1,1611.3787
0,1611.4745
0,1611.7274
0,1616.0388
0,1616.5463
0,1617.0482
0,1617.5514
0,1617.8666
1,1617.8677
0,1619.374
1,1619.5
0,1619.8763
1,1619.9502
1,1620.4407
1,1620.9508
1,1621.6941
0,1622.9523
0,1623.4846
1,1627.0217
1,1627.5449
0,1628.3109
1,1629.0325
1,1629.8323
1,1630.2731
1,1631.0864
0,1631.3586
1,1631.9843
0,1632.3932
0,1632.6649
0,1636.5917
0,1637.3854
0,1637.8954
0,1638.1455
0,1638.932
1,1639.9203
0,1639.9568
1,1641.5083
0,1644.3748
0,1644.642
1,1644.899
0,1645.41
1,1645.7878
0,1645.9294
0,1646.188
1,1647.6035
0,1647.7552
0,1648.0072
0,1649.0251
1,1649.0984
0,1649.5392
0,1650.0557
0,1650.3158
2,1650.6251
0,1662.9838
1,1663.5338
0,1663.7383
0,1663.9908
0,1665.506
0,1667.5189
0,1669.5319
1,1669.533
1,1670.7162
0,1673.3145
0,1674.3208
0,1676.338
0,1676.5892
0,1677.4445
1,1677.4458
1,1678.151
0,1678.2042
1,1678.7671
0,1678.9567
1,1679.234
1,1679.9379
0,1680.2206
0,1680.7306
0,1681.2344
0,1682.4941
0,1683.0001
0,1683.2535
0,1683.5052
0,1684.769
0,1685.0193
0,1685.2705
1,1686.2231
1,1687.3698
1,1688.3273
0,1688.8003
1,1689.701
0,1690.0568
0,1691.8226
0,1692.0756
0,1694.1017
1,1694.5682
0,1695.1108
2,1695.9677
0,1699.9984
0,1711.8148
0,1712.0658
0,1713.0751
1,1714.3083
0,1714.5929
1,1715.9388
1,1716.5393
1,1717.3348
1,1717.8567
1,1718.216
0,1718.6672
1,1719.0283
0,1719.1749
1,1719.4497
0,1720.9596
0,1722.6267
0,1723.3921
1,1723.6058
0,1724.399
1,1724.8115
0,1724.9115
1,1726.1672
1,1727.4331
0,1730.2195
0,1730.4706
1,1734.6412
0,1735.145
0,1735.9022
1,1736.0565
0,1736.1532
1,1736.201
0,1737.6694
1,1737.7505
1,1739.1173
0,1739.1875
1,1739.7981
0,1740.4473
1,1741.073
0,1741.2021
0,1741.9602
0,1742.2123
0,1742.4646
1,1743.5173
0,1744.2325
0,1745.2396
0,1748.0071
0,1748.5106
0,1748.7614
0,1749.0126
0,1749.516
1,1749.5172
0,1750.4708
1,1750.4722
1,1750.8683
2,1751.0558
0,1767.953
1,1768.0842
0,1768.2052
0,1768.4581
0,1768.9618
1,1768.9839
1,1769.785
1,1771.1682
0,1771.7292
0,1772.4825
0,1772.7343
0,1773.2375
1,1774.5508
0,1775.369
0,1775.6204
0,1775.8707
1,1776.052
0,1777.8824
1,1777.9684
1,1778.3531
0,1778.6384
0,1780.1477
0,1780.6516
0,1782.1598
0,1782.4122
1,1783.0482
0,1783.1682
0,1789.3289
0,1789.8345
1,1790.92
0,1792.1024
0,1792.867
1,1792.8785
1,1793.253
0,1793.3752
1,1794.8859
1,1799.5175
1,1800.3525
0,1801.0299
0,1801.2812
1,1801.9619
1,1802.6594
0,1803.5532
1,1804.0048
1,1804.3774
0,1804.5725
1,1804.8195
1,1805.3855
0,1805.5807
0,1805.8333
0,1806.086
1,1806.3069
0,1806.5946
0,1806.8474
1,1806.8859
1,1807.6372
0,1808.1093
1,1808.1848
0,1808.3763
0,1808.631
0,1809.6465
1,1809.9181
0,1810.4015
1,1813.3032
1,1813.7349
0,1813.7416
0,1814.9672
1,1814.9685
0,1815.4713
0,1815.9752
1,1815.9939
0,1816.2277
0,1816.7368
1,1817.2018
1,1817.9034
0,1820.0105
0,1820.5154
0,1820.7667
0,1821.2699
0,1823.8992
1,1824.5361
0,1824.9069
1,1825.0367
1,1826.5525
1,1827.1144
1,1828.3408
0,1829.8256
2,1829.826
0,1835.4904
2,1835.4908
1,1848.3186
0,1849.8192
1,1849.9541
0,1850.3225
1,1850.3369
0,1850.5752
0,1850.8273
1,1851.4525
1,1852.1044
0,1852.8424
1,1853.1039
1,1853.6697
0,1853.8501
0,1854.1017
0,1854.3569
1,1857.0375
0,1857.9576
1,1859.3026
0,1860.4777
1,1860.538
1,1860.986
1,1862.8696
1,1864.4089
0,1864.5088
0,1865.5161
0,1865.7673
0,1866.5217
0,1866.7734
0,1867.5275
0,1868.281
2,1869.2706
0,1875.5131
0,1888.3025
1,1888.4716
1,1888.7833
0,1888.8046
0,1889.3063
0,1889.5574
0,1889.8091
1,1889.9886
0,1893.3344
0,1893.5868
0,1894.0908
0,1894.5935
1,1894.6388
0,1895.8511
0,1896.7343
1,1896.7357
0,1896.9868
1,1897.0037
0,1897.4918
0,1897.9956
1,1898.3872
0,1898.7512
0,1899.0039
0,1899.256
1,1899.6278
1,1900.1223
1,1900.6555
1,1901.3384
0,1901.7781
0,1903.8098
1,1905.0319
1,1906.6261
0,1909.3208
1,1911.0854
1,1912.5552
1,1913.421
0,1914.1125
0,1915.3735
0,1916.1414
1,1916.3237
0,1917.1708
1,1917.9213
0,1918.6871
1,1918.9597
1,1919.514
0,1919.6973
0,1923.6895
1,1923.6909
1,1924.14
0,1924.9628
0,1925.2179
0,1925.9749
0,1926.7339
1,1926.9469
0,1926.9851
0,1928.0016
1,1928.236
1,1928.455
1,1929.5017
0,1929.5154
0,1929.768
0,1931.7815
1,1934.9371
0,1960.9064
0,1961.4098
1,1961.6293
0,1961.9116
0,1962.163
0,1962.415
1,1962.8876
0,1963.1714
1,1964.2411
1,1964.9745
0,1965.9545
0,1966.209
1,1967.9812
0,1968.2311
1,1968.3151
0,1969.2644
0,1969.5171
1,1970.6824
1,1971.5947
1,1972.8425
1,1973.7295
0,1974.3636
0,1974.8706
0,1975.3748
0,1975.8892
1,1975.9352
0,1976.9055
1,1978.2422
1,1978.6033
0,1978.6843
1,1979.2122
1,1980.0944
1,1980.4736
0,1981.2408
1,1981.245
0,1981.7795
0,1982.2847
0,1983.5426
0,1984.2979
0,1985.304
1,1985.3054
0,1986.3104
1,1986.4896
0,1988.3247
1,1988.4069
1,1988.656
0,1988.8303
0,1989.333
0,1990.3395
0,1991.6031
0,1991.8569
1,1993.3412
1,1995.3154
0,1999.9077
1,2020.0654
0,2020.4573
1,2021.4491
0,2021.4684
1,2022.7228
0,2022.7262
1,2023.34
0,2024.2382
1,2024.2736
0,2024.7407
1,2025.6058
1,2028.4249
0,2029.6823
1,2029.9252
0,2029.9336
1,2031.6914
0,2032.4539
0,2032.7057
0,2032.9583
0,2033.4607
0,2033.7148
0,2035.4756
1,2035.7739
0,2035.9788
0,2037.2405
0,2038.2452
0,2039.2534
0,2039.505
1,2040.2445
1,2040.8392
1,2041.4071
0,2043.7844
0,2044.7941
0,2045.0453
1,2048.7703
0,2049.2725
0,2050.28
1,2050.4062
1,2051.925
0,2053.0525
0,2053.5562
0,2053.8074
0,2054.8206
2,2054.821
1,2072.7031
1,2072.941
1,2073.6746
1,2074.2566
1,2074.4197
1,2075.0415
0,2075.814
0,2076.0654
1,2076.142
0,2077.0732
0,2077.3254
1,2077.4688
1,2078.1921
0,2078.8362
1,2078.8748
0,2080.095
0,2080.597
1,2089.132
0,2089.633
1,2089.991
0,2090.1377
0,2090.3933
0,2090.6443
1,2092.024
1,2093.708
1,2094.1223
1,2095.1597
0,2095.9434
1,2096.1575
0,2096.4465
0,2096.9485
0,2097.202
1,2097.365
0,2097.7048
0,2098.2073
1,2098.535
0,2099.466
1,2099.5854
1,2100.8125
1,2102.0962
1,2103.152
1,2104.2139
1,2105.313
1,2106.6213
1,2107.796
0,2109.8086
0,2110.059
0,2111.0671
1,2111.142
0,2111.324
0,2111.576
1,2111.577
1,2111.8267
1,2112.4246
1,2113.6155
0,2114.1003
0,2115.3625
0,2117.1987
1,2117.2002
0,2117.704
0,2117.9553
1,2118.263
0,2118.4646
0,2120.2441
0,2121.0056
0,2121.258
0,2121.7605
0,2122.0117
0,2122.2634
1,2123.11
0,2123.272
0,2124.2793
1,2124.6084
0,2124.784
0,2125.036
0,2125.2864
0,2126.549
0,2127.0793
0,2127.5898
1,2130.5103
1,2132.6113
0,2140.7646
0,2141.2825
0,2141.5337
0,2141.8022
1,2142.8457
0,2143.814
0,2144.317
0,2144.5686
0,2145.325
1,2145.442
0,2145.8284
0,2146.3333
0,2147.3901
1,2147.428
0,2147.8926
1,2148.3442
0,2148.398
0,2149.1592
1,2149.2437
0,2149.9224
0,2150.175
0,2150.6824
1,2151.319
0,2152.1936
0,2152.702
0,2153.2058
0,2153.963
0,2154.466
1,2154.6428
0,2154.718
0,2154.9695
1,2158.0442
1,2158.2595
1,2160.448
1,2161.1765
1,2161.9924
0,2162.579
1,2162.6602
1,2163.705
1,2164.21
0,2164.3413
1,2164.6277
0,2164.8445
1,2164.9097
0,2165.3474
1,2165.655
1,2166.0427
0,2166.1042
1,2166.5269
1,2167.7263
1,2171.9917
1,2173.9136
1,2187.7024
1,2188.2903
0,2188.96
0,2189.4653
0,2189.9678
0,2190.2197
0,2191.7305
1,2191.81
0,2194.251
0,2195.0073
0,2195.5117
0,2196.0156
0,2197.283
1,2197.6104
0,2197.786
0,2198.2915
0,2199.434
1,2199.5757
1,2200.1116
0,2200.6904
1,2200.8923
1,2201.1597
0,2201.4468
0,2201.6995
1,2201.7856
0,2201.9504
1,2202.3777
1,2202.5764
1,2204.427
0,2205.2285
0,2205.4807
0,2205.7314
0,2206.613
1,2206.6147
0,2207.1167
0,2207.8738
0,2208.1255
1,2209.5613
0,2210.3938
1,2210.7983
1,2212.344
1,2212.5713
1,2212.8943
0,2212.914
0,2213.165
0,2213.9187
2,2214.282
1,2232.8948
1,2233.7751
1,2234.2935
1,2234.7285
1,2236.8286
1,2237.2288
0,2237.7449
1,2238.345
0,2240.0103
1,2241.6057
0,2243.1135
1,2243.3276
1,2243.494
0,2243.6184
0,2243.8699
1,2244.8613
1,2245.545
1,2246.8782
0,2247.9011
0,2248.4053
0,2248.6565
0,2249.1582
0,2252.9573
1,2252.9587
1,2253.6604
0,2254.2212
1,2254.4438
0,2254.472
1,2255.199
1,2255.7336
0,2257.2502
0,2257.7517
0,2258.2668
0,2259.4563
1,2259.458
1,2260.2573
1,2260.5967
0,2261.2188
1,2261.3447
0,2261.4707
1,2261.78
1,2262.7126
0,2263.7334
1,2264.0615
0,2264.237
0,2264.4895
1,2264.7095
0,2264.7437
0,2269.9363
0,2270.6904
0,2270.9412
0,2271.193
0,2271.4446
1,2271.4556
1,2287.0652
0,2288.3247
0,2288.83
0,2289.3337
0,2289.8367
1,2291.0352
0,2293.1147
0,2293.366
0,2294.12
0,2294.3718
0,2295.126
0,2295.88
0,2296.383
1,2296.8462
1,2297.093
0,2298.5708
1,2298.5725
1,2299.2297
1,2299.5637
1,2299.795
0,2299.8293
0,2300.3325
1,2300.529
0,2300.835
0,2301.3394
1,2303.4468
0,2303.8596
0,2306.6472
1,2306.6492
0,2307.9077
1,2311.8174
0,2324.0552
0,2324.5576
0,2325.0613
0,2325.3127
0,2325.563
1,2327.538
1,2327.9656
0,2329.3496
0,2329.6013
0,2330.3557
0,2331.863
0,2332.8718
0,2333.1238
0,2336.2192
1,2336.2207
1,2336.731
1,2337.3416
0,2337.7312
0,2337.9849
1,2338.2644
0,2338.9924
0,2339.2458
1,2339.3186
0,2340.0022
0,2340.2546
1,2340.8972
0,2342.2698
0,2342.7742
0,2344.0347
0,2344.792
0,2346.2021
1,2346.2039
0,2347.2083
1,2347.3972
1,2349.4485
1,2349.681
1,2350.6716
0,2351.2354
1,2351.732
0,2351.9902
1,2353.202
1,2353.5107
0,2355.0146
0,2355.5188
0,2357.2786
0,2357.781
0,2358.032
0,2358.283
0,2358.5347
2,2358.5674
1,2368.9995
1,2369.231
1,2369.7795
0,2370.2615
1,2370.6804
0,2371.52
0,2372.275
1,2372.3467
0,2373.035
1,2373.6462
1,2374.5981
1,2375.48
1,2376.9805
1,2378.4648
1,2379.7932
0,2380.095
1,2380.3643
1,2381.3164
0,2381.859
0,2383.1213
0,2383.3745
0,2383.6287
1,2384.464
0,2385.142
0,2385.6455
0,2386.4004
0,2386.9023
0,2387.1555
0,2387.6592
0,2393.7175
0,2393.9717
0,2394.2249
1,2394.4604
0,2395.7349
0,2395.988
0,2396.4915
0,2397.245
1,2398.5479
0,2400.0212
0,2400.5266
0,2400.78
0,2401.5344
1,2404.332
1,2405.7305
1,2407.4827
1,2408.801
0,2409.112
0,2409.6155
0,2409.8674
0,2410.371
0,2410.876
1,2411.7668
0,2420.7168
1,2420.9988
0,2422.7354
1,2423.0544
1,2423.3994
1,2423.954
1,2424.414
1,2428.7825
0,2430.0405
1,2430.1199
1,2431.3318
1,2431.6008
1,2431.7822
1,2432.266
1,2433.1475
0,2433.818
1,2433.9016
0,2434.3206
0,2434.826
1,2435.0166
0,2435.3306
1,2435.7324
0,2435.8328
0,2436.0842
1,2436.331
0,2436.5894
1,2436.983
0,2437.094
1,2437.533
0,2437.8474
0,2439.108
1,2439.573
0,2440.116
0,2440.3672
1,2443.017
1,2443.5347
0,2444.1416
0,2445.4744
1,2445.4758
1,2445.9995
0,2446.7378
0,2446.9893
2,2447.065
0,2451.6528
0,2452.4058
1,2453.483
0,2454.9233
0,2455.1746
1,2455.829
1,2460.222
1,2472.035
1,2472.8826
1,2473.6492
0,2473.8005
0,2474.5583
0,2474.8093
0,2478.586
0,2479.3408
1,2479.8013
0,2479.843
0,2480.0945
1,2480.2786
0,2480.352
0,2481.0647
1,2481.3335
0,2481.573
0,2482.8315
0,2483.083
1,2483.9
1,2484.2488
1,2484.9165
1,2485.316
0,2487.3643
0,2487.6155
0,2487.8677
0,2488.1182
1,2491.667
0,2492.3042
1,2493.399
1,2493.8662
1,2494.4512
0,2495.3262
1,2495.734
0,2496.0828
0,2496.5867
0,2497.594
1,2499.102
0,2499.857
0,2500.108
2,2500.9875
2,2505.0808
1,2517.6028
1,2518.2842
1,2518.8162
1,2519.7825
1,2520.743
1,2521.6345
1,2522.2683
1,2523.2522
1,2525.8262
1,2526.385
0,2527.0095
1,2527.586
1,2527.8923
0,2529.5278
0,2530.2847
0,2530.5383
0,2531.2937
0,2531.7979
1,2532.069
1,2532.952
1,2533.558
1,2534.8838
0,2535.336
0,2536.6006
0,2537.1062
0,2540.8833
1,2540.8853
1,2543.15
1,2543.6182
1,2545.3796
1,2546.118
1,2546.6523
0,2546.9607
1,2547.05
1,2547.7927
0,2548.5098
0,2548.7622
1,2548.8438
0,2549.0159
1,2549.109
1,2549.5227
1,2550.0525
0,2550.2766
1,2550.3179
0,2552.5474
1,2552.8354
0,2553.3015
0,2554.9414
2,2554.942
0,2561.674
1,2561.6755
0,2562.9363
0,2563.6938
0,2566.986
0,2567.2373
1,2582.3867
0,2582.8374
0,2583.0884
0,2583.3394
0,2588.1365
1,2588.4536
1,2589.92
0,2590.1516
0,2590.6558
0,2591.9153
0,2592.1677
1,2592.376
0,2592.9224
1,2592.9363
1,2593.2405
1,2594.3413
1,2595.5996
1,2595.9424
1,2596.5325
0,2596.613
1,2596.819
0,2596.8665
0,2597.118
1,2597.7383
1,2598.3865
1,2598.6875
0,2600.1553
0,2601.413
0,2601.664
0,2601.9177
1,2602.2273
1,2603.452
1,2604.7168
1,2605.3489
1,2605.47
0,2605.4734
0,2605.7244
1,2605.927
0,2605.9753
1,2606.7532
1,2608.0361
1,2608.351
0,2609.4968
1,2609.6084
1,2609.9478
0,2609.9988
1,2610.4856
1,2611.2346
0,2611.7632
1,2612.153
0,2612.268
0,2613.2747
1,2615.3174
0,2619.8193
0,2621.328
0,2622.5383
2,2622.5388
1,2633.9536
0,2635.0464
0,2635.5493
0,2635.8032
1,2635.8047
0,2636.3083
0,2636.5618
0,2640.0837
0,2642.0327
0,2643.2935
0,2644.051
0,2644.3083
1,2645.019
1,2645.5745
1,2645.9714
1,2646.8035
0,2647.5857
0,2648.0923
0,2648.846
1,2649.3032
0,2649.3489
1,2653.565
1,2655.069
0,2655.0762
0,2657.3428
1,2657.5208
0,2658.3506
1,2658.564
0,2659.3623
1,2659.4045
0,2659.8691
1,2660.3486
0,2660.3804
0,2661.164
1,2662.658
0,2662.6838
1,2663.1091
1,2663.7522
0,2664.1946
1,2666.646
1,2670.1213
1,2671.831
1,2672.1033
2,2672.1191
0,2676.788
0,2677.5435
0,2678.55
0,2679.0527
0,2679.557
0,2680.31
0,2680.8113
0,2681.8179
0,2682.3215
0,2683.33
0,2683.5818
0,2684.088
1,2684.2117
0,2684.3398
1,2685.0295
0,2685.0938
1,2685.4194
0,2688.119
0,2688.3718
0,2688.623
0,2689.1252
1,2689.9683
1,2691.011
0,2691.2268
0,2691.7305
0,2692.235
0,2692.989
0,2693.9976
0,2694.752
0,2695.5059
0,2696.5168
0,2696.7698
0,2697.2737
0,2698.0288
0,2698.532
0,2698.784
1,2698.8562
0,2699.2888
0,2699.7935
1,2699.8433
0,2700.0454
0,2700.5496
0,2701.3755
2,2701.376
0,2706.53
0,2706.7827
1,2706.7957
0,2707.5383
1,2707.8225
0,2708.5452
1,2708.6367
0,2709.048
0,2709.5513
1,2710.4312
0,2710.8103
0,2711.5647
0,2712.068
0,2712.5715
1,2726.1562
0,2727.4116
0,2727.665
1,2727.737
1,2728.4885
0,2729.1777
1,2729.3384
0,2730.4392
1,2731.4556
1,2731.8044
0,2731.9526
0,2732.4573
0,2732.9595
1,2735.1216
1,2736.5217
1,2737.493
0,2738.158
1,2738.7896
0,2738.9143
0,2739.1663
1,2739.517
0,2739.9233
0,2740.1763
1,2740.5063
1,2740.956
0,2741.4392
1,2744.933
1,2748.7063
1,2749.0989
1,2750.924
1,2751.6733
1,2752.0571
0,2752.1716
0,2752.928
1,2753.3381
1,2753.7903
0,2753.9375
0,2754.443
0,2757.48
0,2757.7314
0,2758.9907
1,2759.8389
1,2760.8267
0,2761.1003
1,2763.9915
0,2764.1191
1,2764.3838
1,2765.4402
1,2766.3384
0,2767.1467
0,2767.3977
0,2767.6494
0,2768.6624
2,2768.6628
0,2773.4849
1,2773.4866
1,2774.0408
0,2774.7495
0,2775.503
0,2777.0132
0,2777.5156
0,2777.7676
0,2778.019
0,2779.0266
0,2779.2788
1,2780.309
1,2780.5564
1,2781.1218
0,2781.3157
0,2781.567
0,2782.0703
0,2782.573
1,2782.939
0,2785.089
0,2785.5925
0,2786.8552
0,2787.108
0,2787.6155
1,2787.6262
1,2789.0466
0,2789.8013
0,2790.305
0,2790.5586
1,2791.0332
0,2791.8188
0,2792.0713
0,2792.3306
0,2793.358
0,2794.046
1,2794.0476
1,2794.3252
0,2794.5515
0,2796.0823
1,2796.101
1,2796.2878
0,2796.335
1,2796.604
0,2796.8484
1,2796.9648
1,2797.314
1,2797.7485
0,2800.3818
0,2800.8884
0,2817.1587
0,2817.6619
1,2817.7222
0,2818.6707
0,2819.9314
0,2820.4343
0,2820.9382
0,2821.1895
0,2821.9443
1,2822.9246
1,2823.4375
0,2823.4548
1,2823.9995
0,2824.9893
0,2826.2493
0,2826.5005
1,2826.673
1,2827.5564
1,2828.2576
1,2829.225
0,2830.0278
0,2830.279
0,2830.782
0,2832.2903
1,2834.4612
0,2834.7126
0,2835.2188
0,2837.2344
1,2838.3572
0,2841.2634
1,2841.3254
0,2842.0173
0,2843.025
0,2844.282
1,2845.6082
0,2846.043
0,2847.5525
0,2848.9473
2,2848.9478
0,2862.5503
1,2862.8901
0,2863.055
0,2863.56
0,2863.8113
0,2870.3555
0,2871.1116
0,2871.3625
0,2871.8662
0,2872.3677
0,2873.3762
0,2873.8777
0,2874.1294
1,2874.5093
1,2876.6099
1,2877.0254
0,2877.362
1,2877.5266
0,2877.864
1,2878.0276
0,2878.8716
0,2879.1233
1,2879.393
1,2880.1936
1,2881.2446
0,2881.8955
0,2882.4028
0,2883.1587
1,2883.8923
0,2884.1672
0,2885.2927
1,2885.2942
0,2886.3008
0,2886.552
0,2886.8042
1,2886.9187
1,2888.1628
1,2888.9456
1,2889.484
0,2890.334
1,2890.5254
0,2893.1
0,2894.105
0,2894.8606
0,2900.6511
1,2901.1758
1,2901.7415
0,2902.4148
1,2902.6262
0,2902.666
0,2903.1692
0,2903.421
1,2903.7954
0,2904.1748
0,2904.4263
1,2904.555
0,2904.934
1,2904.96
0,2905.1846
1,2905.5254
0,2905.6887
1,2906.1177
0,2909.4736
0,2909.727
0,2909.9795
0,2910.2322
0,2911.4924
0,2912.5015
0,2913.761
0,2914.7703
0,2915.2727
1,2916.625
0,2916.7852
1,2917.1423
1,2918.7136
0,2918.9636
0,2919.2153
1,2919.7092
0,2919.7188
0,2920.4722
0,2931.9858
1,2932.8423
0,2933.2427
0,2934.2515
1,2934.3674
1,2935.0322
1,2935.5085
0,2936.2664
0,2937.6062
1,2937.608
1,2938.3262
0,2938.8665
0,2939.118
1,2939.2769
0,2939.6235
1,2940.392
0,2940.6326
1,2940.9434
1,2941.5088
0,2941.6377
1,2941.812
0,2941.8901
1,2942.1106
0,2942.3948
1,2942.642
1,2943.0916
0,2943.399
0,2943.6514
0,2944.408
0,2945.4143
0,2945.9192
0,2946.6738
1,2946.9883
1,2950.411
0,2950.7012
1,2951.5254
1,2952.5532
1,2953.711
0,2954.0583
1,2954.0776
0,2954.3108
1,2955.3433
0,2955.5674
1,2956.361
0,2956.5752
1,2957.5276
0,2957.5818
0,2958.8428
0,2959.0945
1,2962.363
0,2963.8745
1,2964.7798
1,2966.1094
1,2966.2932
0,2968.6707
1,2969.3606
1,2970.1768
0,2970.1807
0,2970.4324
2,2971.682
1,2987.2766
0,2987.7268
1,2988.912
0,2988.9873
1,2989.0784
0,2989.4895
1,2990.3103
0,2991.2522
1,2991.5608
0,2992.0051
1,2992.0833
0,2992.2568
1,2992.4106
0,2992.7585
1,2993.0933
1,2993.4114
1,2995.4333
0,2995.6836
1,2996.178
0,2996.44
0,2996.693
1,2997.46
1,2998.295
0,2998.7083
1,2999.061
0,2999.4656
1,2999.5452
1,2999.9443
0,3000.222
1,3000.626
0,3000.7253
0,3000.9766
1,3001.3938
0,3001.4807
1,3001.7275
0,3002.2373
1,3005.5225
1,3005.891
1,3009.695
1,3010.0386
1,3011.6956
1,3012.0125
1,3012.6108
0,3012.9546
1,3013.0132
0,3013.207
0,3013.963
1,3014.279
1,3014.6108
0,3014.718
0,3015.9746
0,3018.248
0,3019.004
1,3020.6404
0,3021.3953
0,3021.9004
1,3022.2769
1,3024.5327
1,3024.7954
1,3025.4788
1,3026.928
1,3030.0964
0,3030.2197
0,3030.4724
0,3030.9744
0,3032.991
0,3034.7568
1,3035.0054
1,3036.4792
1,3048.9458
1,3049.511
0,3049.993
1,3051.1804
1,3051.9316
1,3052.9124
0,3053.7769
0,3054.5364
1,3054.9287
0,3055.0405
1,3055.1133
0,3055.2925
1,3055.6804
0,3058.5977
0,3058.856
0,3059.1086
0,3060.6277
1,3060.6292
1,3060.9963
0,3064.1636
1,3064.696
1,3065.3948
0,3065.4229
0,3065.9326
0,3066.6855
0,3067.6943
0,3068.4502
0,3068.7078
0,3069.4648
0,3069.9685
0,3070.22
0,3074.064
2,3074.0647
0,3087.5242
1,3087.535
1,3088.789
0,3089.0398
1,3089.496
0,3089.5417
1,3091.9683
1,3092.764
0,3093.2256
1,3093.3623
0,3093.4785
1,3095.047
0,3095.4927
1,3095.9111
0,3096.252
0,3096.5027
1,3096.563
1,3096.746
0,3097.0088
1,3104.6467
0,3105.1797
1,3106.595
0,3107.1992
1,3107.785
1,3108.4507
1,3108.851
0,3108.975
0,3109.2336
1,3109.435
1,3110.697
1,3111.049
1,3111.2969
0,3111.508
1,3111.6484
0,3111.7615
0,3112.5159
0,3112.7659
1,3113.0312
0,3113.7742
0,3114.279
0,3114.53
0,3115.032
0,3115.7932
0,3116.0488
1,3124.3965
1,3124.981
1,3126.2898
1,3127.3647
1,3128.3652
0,3128.5557
1,3129.2815
1,3129.3975
0,3129.5632
1,3132.128
1,3132.5623
1,3133.4155
1,3134.613
1,3135.8293
1,3136.115
0,3136.6646
0,3136.918
0,3137.1692
0,3137.4207
1,3137.5242
0,3138.4253
1,3138.4963
1,3138.8386
1,3139.8228
0,3139.9385
1,3140.148
1,3140.7312
1,3141.348
1,3141.6475
1,3141.8796
0,3142.71
1,3143.5427
0,3143.7192
1,3144.5635
0,3144.7266
1,3148.699
1,3148.988
0,3149.2678
0,3149.5195
0,3149.773
0,3152.4753
1,3152.477
1,3152.829
1,3153.4297
0,3153.7551
0,3154.2576
1,3154.313
1,3154.7983
1,3155.3618
0,3155.7683
0,3156.0195
0,3157.0286
1,3157.266
0,3157.5305
0,3158.2893
0,3158.7925
0,3159.0454
1,3168.0955
0,3169.2385
1,3169.464
1,3170.5305
1,3171.4128
1,3172.1968
0,3172.5212
1,3172.5647
1,3173.365
1,3173.8472
1,3173.999
1,3175.192
1,3178.3027
0,3179.5623
1,3179.6833
1,3183.1345
0,3183.3774
0,3184.3877
1,3184.7686
0,3185.406
1,3185.6023
0,3186.43
0,3186.6814
0,3187.2065
0,3188.2139
0,3188.5903
0,3189.3503
0,3190.3572
0,3190.6084
1,3190.9153
1,3191.3176
1,3192.0806
0,3192.1218
0,3192.3735
1,3194.1025
0,3194.4011
0,3194.9055
0,3196.1917
1,3201.6145
1,3201.8865
1,3202.2896
0,3202.4988
1,3202.615
0,3202.7524
2,3203.3796
1,3217.9111
1,3219.132
0,3219.1716
1,3220.4666
0,3221.1936
1,3221.282
1,3222.2026
0,3222.4602
1,3223.1423
1,3223.567
0,3223.976
0,3224.227
1,3224.6147
0,3224.732
1,3224.8994
1,3225.848
1,3229.0554
1,3229.4836
0,3229.5586
1,3229.8494
0,3230.3186
0,3231.3289
1,3232.0703
1,3232.4353
1,3233.5476
1,3234.983
0,3235.1096
0,3235.866
1,3236.3606
0,3236.6218
1,3237.2158
0,3237.3782
0,3239.39
1,3242.6533
0,3242.9436
0,3243.7039
1,3243.9658
1,3244.696
1,3245.4993
0,3245.7073
0,3246.228
0,3246.733
1,3246.9001
0,3246.984
1,3247.5835
1,3248.0168
0,3249.5415
0,3251.565
0,3252.0703
1,3252.115
0,3252.3208
1,3253.4321
0,3253.5774
0,3253.83
1,3254.0151
1,3255.1333
0,3255.5952
0,3256.0981
0,3257.8657
0,3258.9954
1,3259.9644
0,3260.0017
1,3260.783
1,3262.1672
0,3262.5217
0,3263.2778
0,3263.782
2,3264.0632
0,3264.4688
1,3264.4702
0,3265.2246
2,3265.6782
0,3274.1938
1,3275.8503
0,3276.2078
0,3276.46
1,3276.6836
1,3277.5364
1,3277.9993
0,3278.473
1,3279.3801
1,3279.697
0,3279.735
0,3279.987
1,3280.028
0,3280.2388
1,3280.3394
0,3280.4897
1,3280.679
0,3280.7405
1,3280.9468
0,3280.9917
0,3281.2441
1,3281.4048
1,3281.7744
0,3283.0078
0,3284.0151
0,3284.266
0,3285.0247
0,3288.8167
1,3303.6172
0,3304.3845
0,3305.3901
1,3307.6497
1,3308.0007
1,3308.284
1,3309.115
1,3310.1182
0,3310.178
0,3310.43
0,3310.6816
0,3311.1865
1,3311.2988
0,3311.44
0,3311.691
0,3311.943
1,3312.2656
1,3313.1187
1,3313.4844
1,3313.9673
1,3314.8833
0,3320.2644
1,3320.3516
0,3320.7678
1,3321.8672
0,3322.371
1,3322.3838
1,3322.8303
0,3323.1265
1,3323.5347
0,3323.6326
0,3324.134
1,3324.4
1,3324.9
1,3326.0007
0,3326.1504
0,3326.4011
0,3327.4124
0,3328.1743
0,3328.425
0,3328.6785
1,3336.6755
0,3337.933
0,3338.4363
1,3338.4731
0,3338.6887
0,3338.9397
1,3339.6667
1,3340.1853
1,3340.8015
1,3341.2505
0,3341.7075
0,3342.7197
1,3342.7358
0,3342.9707
1,3345.4028
1,3345.6172
0,3346.157
1,3346.4685
0,3346.6611
0,3346.9146
1,3347.8394
1,3348.3008
1,3349.2847
1,3349.5764
1,3349.9988
0,3350.44
1,3350.8179
0,3351.199
0,3351.4504
1,3351.4685
0,3351.7012
0,3351.9536
0,3352.2043
1,3352.2505
1,3352.6663
0,3352.7073
1,3353.035
1,3354.3345
1,3354.9119
0,3354.976
0,3355.7295
0,3356.9854
1,3358.4695
1,3358.806
1,3360.2295
1,3361.018
2,3361.217
0,3376.9297
0,3377.181
1,3377.5833
1,3378.3857
1,3379.4016
1,3379.8687
0,3379.9543
1,3380.7502
0,3381.2158
1,3381.3865
0,3381.9724
0,3382.476
1,3382.6677
0,3383.4858
0,3384.2437
1,3386.7878
1,3387.1516
1,3387.9336
0,3388.0488
1,3389.706
1,3390.4568
0,3391.329
1,3391.4019
1,3391.984
0,3392.085
0,3392.3354
1,3392.5854
1,3392.9678
0,3393.5945
0,3393.8467
1,3394.0845
1,3394.785
0,3394.854
0,3395.107
1,3396.9153
0,3397.3801
0,3398.1353
0,3398.3865
1,3405.27
0,3405.7024
0,3405.9558
0,3406.7234
1,3408.4646
0,3408.771
1,3409.0842
0,3409.2742
0,3410.3213
0,3411.0774
0,3411.3286
0,3412.345
0,3412.5964
0,3412.849
1,3412.9778
0,3413.352
0,3413.6045
0,3414.358
1,3414.5706
0,3414.6084
1,3415.6267
1,3415.8054
1,3416.5752
0,3417.1438
0,3418.1523
0,3418.6667
0,3418.9202
0,3419.1714
0,3419.4238
0,3419.675
0,3419.9268
1,3420.2378
1,3422.916
1,3423.2715
1,3426.5532
1,3427.002
1,3427.5713
1,3428.6187
1,3428.7703
1,3429.1572
0,3430.25
0,3435.0989
0,3437.3723
0,3438.3787
0,3449.7703
0,3450.5242
0,3450.7744
0,3452.5432
0,3453.2969
0,3454.5527
1,3455.004
0,3455.309
0,3455.8147
0,3456.068
1,3464.5378
1,3464.9468
0,3465.8054
0,3466.0574
1,3466.2734
0,3466.3113
0,3467.0684
0,3467.5737
1,3467.6355
1,3468.9055
1,3469.3027
0,3470.0942
0,3471.3552
0,3471.8606
0,3472.111
1,3475.0784
1,3475.2866
0,3476.337
0,3476.5916
1,3477.4573
1,3478.1365
0,3479.365
1,3479.7576
0,3479.8687
1,3480.52
0,3481.8901
0,3482.1409
0,3483.6995
1,3483.7017
1,3483.838
0,3484.204
0,3484.7107
0,3484.963
0,3485.4653
1,3486.5376
1,3487.6118
0,3487.9846
0,3488.235
1,3488.4028
1,3488.7747
1,3489.8374
0,3490.254
0,3490.7898
1,3490.8074
0,3491.2947
0,3492.8071
0,3493.3132
0,3493.567
0,3493.8176
0,3496.9905
1,3496.9934
1,3497.6418
0,3497.9995
1,3498.8215
1,3499.7954
1,3500.5056
1,3501.5178
0,3501.5803
0,3501.8333
0,3502.3472
1,3502.8457
0,3502.851
0,3503.1047
1,3504.3882
0,3504.8972
0,3505.149
0,3505.6577
1,3506.0872
0,3507.928
0,3508.6826
0,3508.935
0,3511.504
1,3511.5059
0,3525.3325
0,3525.8364
0,3526.0881
0,3526.3389
1,3527.72
0,3529.3628
1,3529.6711
0,3533.3958
0,3533.649
0,3533.901
0,3534.909
0,3535.6643
0,3536.6724
0,3536.9246
0,3537.1755
0,3537.428
1,3539.3926
0,3542.9832
0,3546.847
1,3547.5718
0,3547.6008
1,3548.7737
1,3549.1199
0,3549.615
1,3550.456
1,3551.3872
0,3553.6797
0,3554.1926
2,3554.967
0,3559.8044
0,3561.0706
0,3561.3218
0,3562.085
0,3562.3394
1,3562.4856
0,3562.5947
0,3563.606
0,3565.907
1,3566.3728
1,3566.5774
1,3567.0305
0,3567.6821
0,3567.9338
1,3568.6926
0,3570.4822
0,3571.256
0,3571.5088
0,3571.761
0,3572.2764
0,3572.789
0,3573.0417
0,3573.8816
1,3573.8835
1,3585.4766
1,3586.0876
0,3587.767
1,3587.8745
0,3588.02
0,3588.2727
1,3590.6265
1,3591.1726
0,3591.5842
0,3592.0886
1,3592.0906
0,3592.3442
0,3592.6025
0,3594.365
0,3594.618
0,3595.8809
1,3596.5251
0,3596.8972
0,3597.1506
0,3597.4014
1,3598.3
0,3598.8005
1,3598.9026
0,3599.5557
0,3600.058
0,3600.3105
1,3600.3718
