0,2.7779207
0,4.0350456
0,5.297839
0,7.0593696
0,9.076306
0,9.3293085
1,11.876834
1,12.915834
0,13.133517
0,13.635425
1,13.934969
0,14.646035
0,14.899701
0,15.152269
1,15.333066
0,17.167873
0,17.925781
0,18.178783
0,18.430347
0,19.943542
0,20.949278
0,21.2002
1,21.804874
0,23.218006
0,26.995386
0,34.29436
0,35.554634
0,35.807472
0,36.56305
0,40.33471
0,40.586597
0,40.84044
0,41.090595
0,41.594902
0,41.845932
0,50.732147
0,51.237106
0,51.99196
0,52.243538
1,52.589115
0,53.50157
0,54.76353
0,55.51522
0,56.775166
0,58.284195
0,58.53642
1,59.523235
0,62.822426
0,64.33289
0,64.584045
0,65.33711
0,65.58885
1,65.59208
0,65.840294
0,66.34443
0,68.06828
1,68.06884
0,69.32779
1,69.590965
0,69.83042
0,70.081
0,70.58519
0,73.105
0,73.86144
0,74.113075
0,74.36468
0,76.76
1,76.76037
0,78.0256
0,78.27802
1,81.605156
1,82.98968
0,86.5919
0,87.09559
0,89.36194
0,89.86709
0,90.11667
0,91.12427
1,91.33947
0,91.37672
0,91.62802
0,92.13235
0,92.38279
0,93.64115
0,95.151985
0,96.664955
0,97.420746
1,97.43941
0,99.18445
0,101.20132
0,101.45416
0,101.705154
0,102.2111
0,102.714035
0,103.46815
0,104.47888
0,104.7301
0,105.36942
0,105.6224
0,105.87433
0,106.63234
0,106.88426
1,117.04017
0,117.75006
0,118.00265
1,118.04084
1,119.97447
1,121.22403
0,121.52948
0,121.77994
1,122.37432
0,125.86189
1,125.86226
1,126.325516
0,126.86918
0,127.37289
0,128.63089
0,130.6545
1,131.50732
1,134.19083
1,135.32425
0,138.72604
1,141.49968
0,144.51584
1,159.67468
0,160.93451
1,161.84235
0,162.69853
0,163.20349
1,163.30858
0,163.45694
1,164.80867
0,164.96466
0,165.97568
0,167.48778
0,167.74028
0,167.99277
0,170.85887
1,170.85927
1,171.2907
0,171.86713
1,173.34679
0,175.64975
1,176.64178
1,179.25743
1,180.00897
1,180.72554
0,182.96223
0,183.21468
0,184.97572
0,186.58461
1,186.585
0,187.08694
1,187.20941
0,188.0957
0,189.6091
1,191.29633
1,192.54393
0,193.1369
0,199.69281
0,199.9448
0,200.95642
1,201.14629
0,201.96597
0,203.22566
1,204.16019
0,204.23259
0,205.74435
0,205.99731
0,206.24934
0,206.50142
1,207.6077
0,209.52538
0,210.78441
0,211.03589
0,211.53876
1,212.05757
0,212.29547
0,212.54597
0,213.5499
0,214.30914
0,215.57129
0,216.07397
1,217.27492
0,218.5549
0,219.81519
1,219.91129
0,220.31816
0,221.07301
0,221.57608
1,221.94144
0,222.08054
0,223.33835
0,226.11534
0,226.36665
0,226.87141
0,227.12341
0,227.87927
0,228.38327
1,229.59758
0,229.89282
0,230.14618
0,230.39815
1,230.60638
1,231.40034
0,231.9092
0,232.15959
0,232.91548
1,233.40953
0,234.17274
0,234.68114
1,236.5745
0,237.7049
0,238.2087
0,238.71297
0,239.21751
0,239.46817
1,239.50862
0,239.71979
0,240.97784
1,241.71799
0,241.73625
0,241.98882
0,243.00023
0,243.504
1,244.37633
0,247.02702
0,247.52907
0,248.28287
0,248.5341
0,248.78737
1,249.70905
0,251.34317
0,252.36382
0,252.86844
0,253.12161
0,253.6262
1,272.91742
1,273.7097
1,274.176
0,274.17834
0,274.42892
1,275.34378
0,275.9412
1,276.12708
0,276.19382
1,276.44318
0,276.446
0,277.96088
0,279.21878
0,279.7212
0,280.2238
1,283.10144
1,283.51028
0,283.60434
0,284.3591
0,284.61005
1,288.1793
0,289.65128
0,290.15524
0,290.40897
0,290.9128
0,291.92038
0,292.4257
0,293.44467
1,293.44513
1,293.75922
0,294.19943
1,294.55994
0,294.70193
0,294.9534
0,295.45782
1,295.57718
0,295.71082
1,297.24203
0,297.72293
0,298.2275
0,298.98212
0,299.4842
0,299.98917
0,300.2421
0,303.56335
1,303.56393
0,304.06732
0,304.57214
1,305.04514
0,305.07742
1,305.65237
1,306.12216
1,306.3915
1,306.80997
0,307.59747
1,309.97626
0,310.61902
1,312.19257
1,324.31003
0,325.5684
0,326.32434
0,326.57526
0,326.82904
1,327.5427
0,328.3432
1,328.80988
1,329.72748
0,330.60956
0,330.8622
1,331.02832
0,332.73553
1,333.4445
0,333.99475
0,334.2454
0,337.4919
1,337.49252
0,338.24915
0,338.75275
0,339.00528
0,339.25754
0,339.76062
0,340.0126
1,340.32712
0,341.77945
0,343.79385
0,344.04697
0,344.29932
0,345.05298
1,346.0113
0,348.55112
1,348.5518
1,348.69366
0,349.81253
0,350.0643
1,352.49356
0,352.83612
1,353.3611
0,353.5899
0,354.09442
0,355.10535
1,355.1059
1,355.77325
0,356.36325
0,356.61533
0,357.37088
0,357.6229
0,358.12604
0,358.37778
1,358.66016
1,359.63406
0,359.63913
0,360.39334
1,360.81982
0,361.14767
0,362.4057
0,363.41357
0,365.59958
1,380.7942
0,381.75928
0,382.26337
0,383.2725
0,385.53757
0,386.29385
0,387.04953
0,387.30048
0,388.0555
0,388.30734
0,389.81778
0,390.0696
0,390.5747
0,390.8281
0,391.33304
0,391.58536
0,391.83572
1,392.1469
0,392.5918
1,392.76218
1,394.07767
0,395.03522
1,395.66266
0,396.04352
0,396.54883
1,396.59393
0,396.80112
0,399.06958
0,400.58035
0,401.08453
0,401.33606
0,402.09213
1,403.69522
1,406.24066
1,406.42844
1,409.0335
1,410.59833
0,411.5321
1,411.8799
0,412.0371
0,412.28806
0,413.29663
0,414.30478
0,414.8088
0,415.06128
0,415.31384
0,415.81708
0,416.32114
0,416.57327
1,417.51422
0,417.834
0,418.33774
1,419.34613
0,420.10394
0,420.8629
0,421.11383
0,422.1221
1,427.798
0,428.8373
1,429.0628
0,429.33994
0,429.5907
0,430.09543
0,430.8519
0,433.62152
1,437.11642
0,438.3762
0,439.1318
0,439.38443
0,439.63638
1,440.39523
0,440.89606
1,440.92938
0,441.90335
1,442.0798
0,442.40695
0,443.6653
1,443.82983
0,444.17145
0,444.422
0,444.67456
1,446.07822
0,447.68213
1,451.56323
0,452.4756
0,452.7264
0,453.48422
1,454.3676
1,455.0744
0,455.12527
0,455.62692
1,455.62738
0,455.87973
0,456.13156
1,456.16254
0,456.88943
0,457.14148
1,457.24588
0,458.90564
1,459.09738
0,459.66107
0,459.91257
0,460.667
0,461.16998
0,461.4223
0,461.92575
0,468.22394
1,468.3802
0,468.47592
0,468.72693
1,469.1328
1,469.65814
0,470.23904
0,470.74298
0,471.2471
0,471.49927
0,472.0012
0,472.25443
1,473.36298
0,474.26935
0,475.02658
1,475.77985
0,476.03473
0,476.28546
0,476.53827
2,482.01395
0,494.6084
0,495.1111
0,495.36212
0,495.8675
0,496.11862
0,504.4264
0,504.67993
1,504.683
1,514.8991
0,516.16046
0,516.41205
1,516.6155
0,518.67883
1,519.1146
1,519.8487
0,520.4441
0,520.69507
0,521.19855
1,522.49866
1,524.2498
0,526.0122
1,526.2029
0,526.51666
0,526.7672
0,528.02783
0,528.27936
0,529.79047
0,530.5603
1,530.5608
0,531.31433
0,531.56647
1,531.6178
0,531.81793
1,532.0531
0,532.3216
1,532.3761
1,532.75714
0,532.82654
1,533.91473
1,534.46497
1,535.1011
0,535.8543
0,536.35754
0,537.1127
0,537.61584
0,537.86755
0,538.62476
1,541.15704
1,543.5023
0,544.1769
1,544.3805
0,544.9327
1,546.09937
0,546.44415
1,546.6833
1,547.58234
0,547.7045
0,550.7284
1,552.3332
0,552.74286
1,553.0343
0,553.2484
1,553.4485
0,553.7545
1,553.8161
0,554.2589
0,554.5119
0,554.76355
1,555.81793
0,556.02124
0,556.27313
0,556.77655
0,557.029
0,558.0367
1,558.42566
0,558.79504
0,560.30853
0,560.5609
0,561.31714
1,561.49854
0,562.0716
1,562.38257
0,565.09296
1,565.0982
0,565.3458
0,565.5992
0,565.85034
0,566.35535
0,567.61676
1,568.443
1,568.9092
0,569.1251
1,570.182
0,572.65
0,573.1542
0,573.40656
0,573.9113
0,574.4168
0,574.91864
0,575.9259
1,576.18146
1,576.52795
0,576.6849
1,576.82947
1,577.1615
0,577.1882
1,577.50323
0,577.69165
1,577.8277
0,577.9444
0,590.1928
1,591.1166
0,591.45306
1,591.7653
1,592.8833
1,593.433
0,593.72614
1,594.8335
0,600.5258
1,602.05426
1,602.2486
0,602.30597
0,603.3119
0,603.5623
1,604.7565
1,605.3773
0,605.5741
0,607.087
1,607.43414
1,608.2172
1,608.599
1,609.529
0,611.11127
0,612.37054
1,612.4663
1,613.26215
0,614.3862
0,614.8881
0,615.14056
0,615.3918
0,618.51495
1,618.51544
0,619.7728
0,620.0235
1,620.9345
0,621.0287
1,621.26605
0,621.2792
0,622.53516
0,622.78625
0,625.8165
0,626.5703
1,629.123
0,629.62665
0,642.78326
0,643.53796
0,643.7913
0,645.3026
1,645.5393
1,646.85236
0,649.0813
1,649.2501
1,649.95166
0,650.5918
0,651.09717
0,651.3488
0,651.85254
0,652.61066
0,652.86237
0,653.6197
0,653.8706
1,654.9512
1,655.6187
0,655.89
0,657.9025
0,658.1539
0,658.911
0,661.4832
1,661.4838
0,662.99506
1,663.0839
1,663.6344
1,664.8008
1,667.23425
0,668.5473
0,669.0514
0,669.7572
1,669.75775
0,670.00885
0,670.5126
1,670.9366
0,671.0153
0,671.5187
0,672.0221
0,672.7759
0,673.02734
1,673.3361
1,673.9524
0,674.2854
0,676.802
0,677.3061
1,677.95233
0,679.06696
0,679.8227
0,680.07446
1,680.52246
0,680.57794
1,682.11865
0,683.0967
2,683.80206
1,694.83875
0,696.0956
1,696.17365
0,696.3476
0,696.60004
0,696.8522
0,697.10345
1,697.1862
1,698.01776
0,698.36035
0,698.6125
1,699.30225
0,699.6199
1,700.0673
1,700.71765
0,700.8784
0,701.13055
1,701.4365
1,703.7451
0,704.4985
1,705.4008
1,706.90485
0,707.2697
0,708.02765
1,710.40894
0,710.799
0,712.31525
0,712.56683
0,713.0717
0,713.3239
0,713.8272
0,714.58234
0,714.8351
1,715.6695
1,715.9845
0,716.8471
1,717.4857
0,718.6113
0,719.8713
0,720.1226
0,720.3734
1,723.9857
1,725.0354
0,725.24554
0,725.4972
1,726.1325
0,728.52246
1,728.7849
1,729.02
0,729.0275
1,729.5847
0,730.2864
1,731.30164
0,733.56116
0,733.8121
0,734.0638
0,734.82306
0,735.32495
0,736.5847
0,737.6373
1,737.6378
1,738.4847
1,738.8048
0,738.8979
0,739.1503
0,739.6549
0,739.9074
0,740.1599
1,740.20294
0,740.41406
1,740.43713
1,741.5532
0,742.4332
0,742.93835
0,743.4446
0,744.201
0,744.4516
1,745.48486
0,745.96234
1,746.3031
0,747.4721
1,747.5567
1,747.7873
0,749.23456
1,750.9205
0,750.99976
1,752.1371
2,753.31836
1,763.80414
1,764.3724
0,764.7331
1,764.8159
1,765.6375
1,766.85364
1,767.55426
0,768.26294
0,768.51434
1,768.51953
0,769.0177
1,769.2894
1,770.2362
1,770.5717
1,772.38434
0,773.89166
1,775.52124
1,776.5201
0,777.421
0,778.4097
1,778.41034
0,778.9146
0,779.67004
0,779.9215
1,780.5327
1,780.7372
0,781.6881
1,781.77057
1,782.04755
0,782.4444
0,782.94727
1,783.30396
0,783.4507
0,783.7016
0,784.20447
0,784.7063
0,785.2117
0,786.21674
1,789.62
1,790.3861
0,790.6267
1,790.8716
0,790.8791
1,792.8863
1,793.63165
0,794.40656
0,794.91125
0,795.16455
1,795.1699
0,795.92004
0,796.2509
1,796.45917
0,796.75494
0,797.0068
0,798.0175
1,798.5218
0,798.7714
1,801.1546
0,803.30884
0,805.1483
1,805.34015
0,808.97284
0,809.72974
1,810.0342
0,810.4857
0,810.737
0,811.24005
0,811.491
0,811.9969
0,812.2502
0,813.0091
0,813.7622
0,814.2645
0,814.51733
0,814.7699
0,815.78015
0,816.03107
0,817.54706
0,817.799
0,818.3034
1,818.3914
0,818.5552
0,819.05725
1,828.841
0,830.101
1,830.23785
0,830.8543
0,831.86426
1,831.9223
1,832.756
0,832.87354
1,833.4205
0,833.88184
0,834.8904
1,835.0693
1,837.0806
1,837.52124
0,841.1062
1,841.7062
0,841.86145
0,842.11395
0,842.36584
0,842.616
0,843.1191
0,843.3708
0,843.6217
0,844.5043
1,844.505
1,845.0897
0,845.5117
0,845.7642
0,846.01495
0,846.2662
1,846.4406
0,847.0223
1,847.09375
0,847.27484
1,847.44116
0,847.5273
1,848.53766
1,848.87256
1,849.57404
1,850.45575
0,852.0579
0,852.8133
1,855.5816
1,855.8235
0,856.5881
0,856.83997
0,857.09064
1,858.2223
1,859.337
0,860.3678
0,860.8718
0,861.41504
1,861.792
1,862.62787
1,863.36487
0,863.43097
0,863.683
1,864.2318
1,864.47314
1,865.12244
0,865.70197
0,867.9713
0,868.2247
0,868.98145
0,869.2342
1,870.6828
0,870.7443
0,871.5015
0,872.5104
1,875.1726
0,876.79584
0,877.0477
0,877.55133
0,878.9458
1,879.3219
0,879.4504
1,894.4915
0,894.8381
0,895.09
0,895.3424
1,895.55865
0,895.8474
0,896.85236
1,896.9588
1,897.67285
0,898.367
1,898.6066
0,899.3755
0,899.6266
1,899.9394
0,900.1299
1,905.3506
1,905.92377
0,906.3567
0,906.6078
1,911.358
1,912.5584
1,914.65643
1,917.9735
1,919.50586
1,920.30975
0,920.97034
0,921.4736
0,922.3048
1,922.30554
0,922.8095
1,922.8419
0,923.3137
1,923.9734
0,924.0684
1,924.35187
1,927.20685
0,928.10175
0,928.3549
0,929.3642
0,931.50806
1,931.5088
1,943.20996
0,944.72046
0,944.9731
0,945.22455
0,945.47577
0,945.97815
1,946.39233
0,946.984
0,947.7406
0,948.4972
1,949.8119
0,950.00684
0,951.0125
0,951.77094
0,952.0223
0,952.52356
0,953.028
0,954.0394
0,955.0475
0,955.5515
0,955.80237
1,955.8806
0,956.0552
0,956.3076
0,956.5595
1,956.6848
0,957.622
1,957.62274
1,958.1752
1,958.7242
0,958.881
0,959.13214
0,959.6361
1,959.757
0,959.88727
1,960.3078
0,961.1485
1,961.7578
0,963.16223
0,963.66614
0,967.4859
1,967.8908
0,968.49207
0,968.99457
1,969.2574
1,971.0419
1,971.69696
1,972.58356
0,973.0302
0,974.0345
1,974.79645
0,975.03845
0,975.2898
1,977.2452
0,977.5525
0,978.0573
1,978.97546
0,981.3283
0,982.33575
1,1005.15857
0,1005.2163
1,1005.907
0,1006.2228
1,1006.7434
0,1007.23
0,1007.73444
0,1009.2087
1,1010.36053
0,1010.4669
1,1010.64185
0,1010.7186
1,1013.1482
0,1015.0983
1,1015.09894
0,1015.6034
1,1015.69183
0,1016.86115
1,1017.1426
0,1017.3654
0,1017.6162
1,1017.81024
1,1018.5601
1,1020.02527
1,1020.83075
0,1021.3975
0,1021.64935
0,1022.40454
1,1024.2445
1,1024.5935
0,1025.2518
0,1025.5043
0,1025.7563
1,1026.1957
1,1026.8774
1,1028.2592
1,1028.8658
1,1031.2092
1,1033.7108
0,1034.3239
0,1036.5961
1,1046.8445
0,1048.1078
0,1048.6119
0,1049.1145
0,1049.3691
1,1054.4388
0,1055.4213
0,1056.1765
0,1056.4271
0,1056.9335
0,1057.4375
0,1057.6879
0,1058.9507
1,1059.4443
1,1059.8583
0,1060.4619
0,1060.9678
1,1060.978
0,1061.2191
0,1061.7236
1,1062.1161
0,1062.2252
0,1062.4769
0,1062.981
0,1063.2313
1,1063.3436
1,1064.3287
1,1065.16
0,1065.7502
1,1066.1598
0,1068.0187
1,1072.3496
0,1072.8525
0,1073.6075
1,1074.3115
1,1075.4039
1,1076.0114
0,1076.6312
0,1077.8885
0,1078.8956
1,1079.03
1,1079.5283
0,1079.6528
0,1079.9055
1,1080.8682
0,1080.9119
0,1081.92
0,1082.9274
1,1083.9252
0,1084.1769
1,1084.5958
0,1084.6824
0,1085.1862
0,1085.4393
0,1085.9415
0,1086.1931
1,1086.2112
0,1087.1991
1,1087.2443
0,1089.7203
0,1089.9712
1,1090.5099
0,1090.7289
0,1091.7345
0,1092.497
1,1092.8599
1,1095.3455
0,1096.7769
0,1097.0294
0,1097.2806
2,1097.3099
0,1109.145
0,1109.3964
0,1109.6493
1,1109.8944
0,1110.9095
0,1112.1698
1,1112.9772
0,1113.6802
1,1113.7831
0,1113.932
1,1114.2505
1,1117.082
1,1118.7045
1,1119.9467
0,1120.8632
1,1121.044
0,1121.8658
1,1123.6119
0,1124.1321
0,1124.8877
1,1126.5116
0,1128.4172
0,1134.2102
0,1135.7233
1,1135.7498
0,1135.975
0,1136.9839
0,1137.2365
0,1137.493
0,1138.2485
0,1148.6088
0,1149.1115
0,1149.616
0,1149.8678
1,1150.8894
1,1152.7284
1,1153.547
0,1153.8922
0,1155.9094
0,1159.6866
0,1160.4424
0,1160.6951
1,1161.2471
0,1161.451
0,1162.209
0,1162.9675
1,1163.5454
0,1163.7263
1,1166.3755
1,1168.6812
1,1170.1285
0,1175.8179
0,1176.0691
0,1176.3235
1,1176.4797
1,1176.7756
0,1177.583
1,1179.4967
2,1181.2073
1,1193.2523
0,1194.5082
1,1195.0446
0,1196.0171
1,1196.8136
0,1197.2802
0,1197.5314
0,1197.7837
1,1198.3018
1,1200.515
0,1200.5581
1,1201.632
0,1201.8203
1,1202.3158
0,1203.0809
1,1204.449
0,1204.5913
1,1205.465
1,1206.9111
1,1207.4497
0,1209.1371
1,1211.351
1,1212.0009
0,1214.4341
1,1214.5354
0,1214.6853
0,1216.0172
0,1216.5238
1,1218.3043
1,1219.5253
1,1220.7311
1,1221.569
1,1222.2697
0,1222.8129
1,1224.0028
1,1224.3706
0,1226.5967
1,1237.0442
0,1238.304
0,1238.8063
0,1239.5612
0,1239.8143
0,1245.8585
0,1246.3615
0,1248.6315
0,1248.8828
0,1249.3876
0,1249.6398
0,1249.8921
0,1250.3949
1,1251.2255
1,1251.438
0,1251.654
0,1251.9071
0,1253.0391
1,1253.0398
1,1254.2399
0,1254.2964
1,1255.3564
0,1255.5582
1,1256.3041
0,1256.3146
1,1257.3215
0,1257.573
0,1258.3281
0,1258.833
1,1261.6595
1,1268.1072
0,1268.1617
0,1268.9171
0,1270.9302
1,1271.2401
0,1271.6875
0,1271.9385
0,1272.4417
1,1289.8529
1,1291.007
0,1291.3441
1,1291.7552
1,1292.2219
0,1292.8519
1,1292.9733
1,1293.7725
0,1294.1091
1,1294.2069
0,1294.3622
0,1294.6135
0,1295.1167
0,1295.619
1,1296.1572
0,1296.3724
0,1296.8801
0,1297.3827
0,1299.1465
0,1300.6554
1,1302.5054
1,1304.3883
0,1304.4365
0,1304.6885
0,1306.1975
0,1307.959
0,1308.4628
0,1310.8243
1,1310.8252
1,1311.6439
0,1311.8328
0,1312.0851
1,1312.2084
0,1312.3365
1,1312.6716
1,1313.9553
1,1315.543
1,1316.4409
0,1318.6307
0,1322.4082
0,1323.6687
0,1324.1737
0,1324.9305
0,1326.9471
0,1327.9583
0,1328.2145
0,1329.4738
1,1350.4233
0,1351.1383
0,1352.3977
1,1353.2737
0,1353.4086
1,1354.726
0,1354.9163
0,1355.6759
0,1356.6827
0,1358.1736
1,1358.1746
1,1360.1167
1,1360.46
1,1361.6072
1,1362.0573
1,1363.9086
1,1364.0411
1,1364.3239
0,1364.475
1,1365.377
0,1365.4823
0,1365.7361
1,1365.793
0,1366.2382
0,1366.7411
1,1367.5773
0,1367.7518
0,1368.2552
1,1368.4692
0,1369.2645
0,1369.5176
0,1370.5267
1,1371.1736
1,1371.5084
0,1374.8109
0,1375.0619
1,1386.4762
0,1387.735
0,1388.238
0,1388.4912
0,1388.7451
1,1390.4286
1,1390.9906
0,1392.0231
0,1392.7784
0,1393.2822
1,1394.007
0,1394.289
1,1394.396
0,1395.1656
1,1395.2589
0,1395.4171
0,1395.9218
0,1396.4276
0,1396.9323
0,1397.1831
0,1397.6877
0,1398.4437
0,1398.6958
0,1398.9473
0,1399.1975
0,1402.9475
1,1402.9484
1,1403.2173
1,1404.077
0,1405.7179
1,1405.8585
0,1405.9711
1,1406.0244
0,1406.4752
0,1406.9796
0,1407.7346
1,1408.1287
0,1408.2394
0,1408.4915
0,1409.4977
0,1409.7489
0,1411.009
0,1411.2609
0,1411.5784
0,1411.8306
0,1412.3348
0,1413.0885
0,1413.8419
0,1414.0933
1,1415.0085
0,1415.1025
1,1415.6077
1,1416.0258
0,1416.6134
0,1416.8674
0,1419.1335
0,1419.6359
0,1419.8873
0,1422.8375
0,1423.8447
1,1425.6271
1,1426.3741
0,1427.3727
1,1427.3932
1,1428.9266
1,1442.2092
0,1442.3794
0,1442.8824
1,1443.028
1,1444.3245
0,1444.3965
0,1444.6486
1,1445.4939
1,1447.1764
0,1447.6755
0,1448.1799
0,1449.9478
0,1450.2008
0,1450.7028
1,1450.9198
1,1454.4291
0,1455.8671
1,1455.8679
0,1457.126
0,1458.1373
0,1458.3899
0,1458.8948
0,1459.147
0,1459.8993
0,1462.4143
0,1463.1675
0,1463.4203
0,1463.926
1,1464.8761
0,1468.9448
1,1468.9458
0,1470.2053
0,1470.4559
1,1473.0618
1,1474.5256
0,1475.4939
0,1475.9978
0,1476.7524
0,1477.2588
0,1478.5211
0,1478.7738
0,1479.0254
1,1480.0453
0,1480.2839
1,1481.9635
0,1482.8123
1,1482.8943
0,1483.821
0,1484.0732
0,1485.0851
1,1488.7953
2,1490.9095
1,1503.0779
1,1503.3257
0,1504.8439
0,1505.3499
0,1505.6031
0,1505.8561
0,1510.1415
0,1512.1572
0,1513.1697
0,1513.4213
0,1514.431
0,1514.6844
0,1514.9375
1,1515.9945
0,1517.2493
1,1517.2501
1,1517.9076
1,1518.6945
0,1519.2664
0,1520.0205
0,1520.2725
1,1520.6827
0,1521.0278
0,1521.2787
0,1521.5306
1,1523.0109
0,1524.0483
0,1524.5527
0,1525.0552
0,1525.8134
0,1526.0638
0,1528.863
1,1528.8639
0,1529.1149
1,1529.7329
0,1529.8707
1,1529.9358
1,1530.9784
1,1532.694
1,1533.2765
1,1533.6558
1,1534.8132
0,1535.665
0,1535.9171
0,1537.68
0,1540.4457
1,1540.8604
0,1541.2015
0,1543.6656
0,1544.6726
0,1544.9261
0,1545.4316
0,1547.1932
1,1547.2766
0,1547.4457
0,1547.699
1,1548.0458
0,1549.9712
0,1550.2229
0,1550.4769
1,1550.6616
0,1550.7299
1,1551.2433
1,1551.9043
0,1552.7455
0,1552.9965
1,1553.0264
0,1553.7518
1,1554.3845
0,1554.5066
1,1555.5775
0,1558.0369
0,1558.2871
0,1558.54
0,1559.044
0,1559.2952
0,1560.8055
0,1561.8134
1,1561.9984
0,1562.8219
1,1562.8595
0,1563.3253
1,1564.0831
0,1564.5884
0,1564.8398
1,1568.213
2,1570.6366
0,1577.9995
1,1578.0006
0,1579.5114
0,1579.7635
0,1580.0148
0,1580.2665
0,1581.2727
1,1582.4104
0,1583.7915
0,1584.5477
0,1584.801
0,1585.3022
0,1585.8064
1,1585.9385
0,1586.0596
0,1586.8148
0,1587.5695
0,1588.0753
0,1588.3264
0,1588.5791
0,1590.5957
0,1591.295
1,1591.296
0,1591.799
0,1592.0518
1,1592.4353
0,1592.5553
0,1593.057
0,1596.6465
0,1597.4043
0,1597.9067
0,1598.1592
0,1598.4098
0,1599.4205
0,1600.1761
0,1600.6986
1,1600.6992
1,1601.3441
0,1601.9575
1,1602.2627
0,1602.4602
0,1602.7128
1,1603.1282
1,1604.3789
0,1606.2458
0,1606.7479
0,1607.2539
0,1607.5066
1,1607.5607
0,1608.0093
0,1608.5175
1,1609.8938
0,1610.0153
1,1611.1584
0,1612.5336
0,1612.7861
0,1613.5428
0,1625.159
1,1626.0944
0,1626.1696
0,1627.1781
1,1627.4459
0,1628.1901
1,1628.2458
0,1628.4413
1,1629.0797
0,1629.1943
0,1629.698
1,1629.9127
1,1631.1293
1,1632.0779
0,1633.7677
1,1633.7686
0,1634.7749
0,1635.0275
0,1635.279
1,1636.6819
0,1637.544
0,1639.0554
0,1639.3081
0,1639.8126
0,1640.0664
0,1641.0054
1,1641.008
0,1641.2563
1,1641.589
0,1641.7604
0,1642.2651
0,1642.5165
0,1643.0221
0,1643.2727
1,1643.4269
0,1643.5253
0,1644.0297
0,1644.7869
1,1645.0447
0,1647.0541
0,1648.818
0,1649.3231
1,1649.5089
1,1652.9843
1,1654.0155
1,1654.9626
1,1661.4814
1,1662.6465
0,1662.741
0,1663.4943
0,1663.996
0,1665.256
1,1665.5115
0,1666.0133
0,1666.5176
0,1667.7758
0,1668.2809
1,1669.6788
0,1669.9229
0,1670.1737
0,1670.4261
0,1670.9308
1,1671.5796
0,1671.6884
0,1672.1914
1,1672.2635
0,1672.6952
1,1673.5121
1,1675.3755
0,1675.9722
1,1676.8801
2,1677.7946
1,1688.6324
0,1689.8948
1,1690.0549
0,1690.1461
0,1690.6503
1,1690.9664
1,1691.2979
0,1691.9126
1,1692.5963
0,1692.6696
1,1692.9471
1,1693.2018
1,1693.9138
1,1694.7311
0,1695.4423
0,1695.6929
0,1696.2006
0,1696.4513
0,1697.7123
0,1698.7175
1,1698.9214
0,1698.9679
0,1700.9808
1,1701.8875
0,1702.2396
0,1702.492
0,1702.745
0,1704.816
1,1704.8169
1,1706.6976
1,1708.5798
1,1709.0474
1,1710.099
1,1711.3641
1,1712.4153
1,1713.0668
1,1727.594
0,1728.8519
0,1729.355
0,1729.8573
0,1730.1096
1,1730.3635
1,1732.2148
1,1734.9636
0,1735.4045
0,1737.4164
0,1737.6676
0,1738.677
0,1739.18
0,1740.4417
0,1741.1969
0,1742.2078
0,1742.7123
0,1743.2152
0,1743.4663
0,1743.9695
0,1744.4723
1,1744.6342
1,1744.7699
0,1745.2291
0,1746.7356
2,1746.736
0,1754.9138
0,1755.9216
0,1756.1732
1,1756.258
0,1756.4259
0,1757.1816
0,1757.9369
0,1758.4402
0,1758.6904
0,1758.9415
0,1759.1956
0,1759.4479
0,1760.7042
0,1760.9554
0,1761.2063
1,1761.2566
0,1761.4578
1,1762.4332
1,1763.8992
0,1764.2258
0,1765.2334
0,1766.4957
1,1767.6865
0,1768.7621
0,1769.2666
0,1769.7698
1,1769.9476
0,1770.0234
1,1770.7903
1,1781.9332
0,1783.1917
1,1784.0483
0,1784.4548
1,1785.281
0,1785.4615
1,1785.8312
1,1786.4526
1,1787.2981
1,1788.0509
1,1791.4921
0,1792.2605
1,1792.4509
0,1792.5106
1,1793.2504
0,1793.7727
1,1794.6646
0,1794.7821
0,1795.7898
0,1796.2943
1,1796.3007
0,1797.0486
0,1797.3014
1,1797.6156
1,1799.1661
0,1799.3179
1,1800.3501
0,1800.8271
0,1801.3315
0,1801.5825
0,1802.3395
1,1804.3784
1,1806.1924
1,1807.4165
0,1809.1654
0,1809.4171
1,1809.5845
0,1809.9203
0,1810.1724
1,1810.6697
0,1810.676
1,1811.0955
0,1811.1791
0,1812.6926
1,1812.8837
0,1814.9626
0,1816.2255
1,1816.2838
0,1816.9806
0,1817.2322
0,1817.4828
2,1818.0483
0,1828.6115
1,1829.9825
1,1831.3569
0,1831.3783
1,1831.6202
1,1832.199
0,1832.6401
1,1833.4181
0,1833.6473
0,1833.8984
1,1837.7021
1,1838.576
0,1840.4445
0,1840.6952
1,1841.8387
0,1842.845
1,1843.0176
1,1843.9218
1,1845.867
0,1846.1184
1,1847.168
1,1847.5165
1,1853.0513
0,1854.7289
0,1855.2328
0,1855.4849
0,1855.9886
0,1857.2467
0,1857.7517
0,1858.0029
0,1858.7607
0,1859.5176
1,1859.8184
0,1860.1842
1,1860.1874
0,1860.6879
0,1861.9471
0,1862.9567
0,1863.2103
1,1864.0002
1,1864.8344
0,1866.9882
0,1867.4918
1,1867.6498
0,1867.7438
0,1867.9963
1,1868.9264
0,1869.4296
0,1869.9321
1,1870.0334
0,1870.4363
1,1870.4844
0,1870.6885
0,1871.9506
0,1872.4536
0,1873.9645
0,1874.2152
0,1874.9723
0,1875.7261
0,1876.2288
0,1876.4813
0,1876.9857
1,1877.5071
0,1877.9933
0,1878.2458
0,1879.5037
0,1880.0067
0,1880.2585
1,1880.4683
0,1880.5115
0,1881.2672
1,1881.3333
1,1882.2335
0,1883.7871
0,1884.039
1,1884.086
0,1884.292
1,1884.5195
0,1884.5454
0,1886.0536
0,1886.3057
0,1887.5608
0,1887.815
0,1888.0675
1,1888.8557
2,1890.4341
0,1901.0496
1,1902.6353
0,1903.5797
1,1903.9336
1,1904.3666
0,1904.8423
0,1905.0933
0,1905.8494
1,1907.1426
0,1907.8975
1,1908.3351
0,1908.3983
0,1908.6517
0,1910.4165
1,1910.6482
0,1910.6681
0,1911.4243
0,1911.6761
0,1912.1776
0,1912.9316
0,1913.1846
1,1914.2189
1,1914.9158
0,1915.7078
0,1916.2107
0,1916.7158
1,1917.4506
0,1917.4756
0,1917.7273
1,1918.2255
0,1918.2308
0,1918.7346
0,1923.2561
1,1923.2576
0,1924.5209
1,1924.556
1,1924.8711
0,1925.2781
1,1926.668
0,1927.042
1,1927.635
0,1927.7977
0,1928.0491
0,1929.0593
0,1929.6422
1,1929.6432
0,1930.3977
1,1930.4202
0,1930.6508
0,1930.9026
0,1931.6608
1,1931.6672
1,1932.1041
1,1933.051
0,1933.6761
1,1933.7177
0,1933.9271
0,1934.1776
0,1936.4452
0,1936.6985
0,1937.2034
0,1938.7161
1,1939.5835
1,1940.0018
0,1940.0846
1,1940.8027
0,1940.8389
0,1941.0917
1,1941.7855
0,1942.35
0,1943.356
0,1943.7719
0,1944.2749
1,1945.7366
0,1946.0381
1,1946.2537
0,1946.5414
1,1947.1356
0,1949.8281
1,1949.9186
0,1950.0793
0,1951.0856
0,1951.8441
0,1952.0977
0,1953.3562
0,1954.8698
0,1956.3802
0,1956.6322
0,1956.8833
0,1957.891
0,1958.144
0,1958.8977
0,1959.1492
0,1959.3999
0,1960.9099
1,1961.3525
1,1962.551
1,1962.8206
2,1963.668
1,1975.6407
0,1976.8992
1,1977.831
0,1977.9097
1,1978.3568
0,1978.6624
0,1979.4183
1,1979.485
1,1979.87
0,1980.4252
1,1980.5039
1,1981.087
0,1981.4314
0,1981.9359
1,1982.0522
1,1982.785
1,1983.8378
1,1986.3096
0,1987.3179
0,1987.5697
0,1987.8228
1,1988.0663
1,1989.1427
1,1990.3374
1,1990.7255
0,1990.845
1,1991.0845
0,1991.0975
0,1991.8525
1,1992.0856
0,1992.3557
0,1992.6089
1,1992.7367
0,1993.3654
0,1993.6168
0,1993.8705
0,1994.8761
0,1995.3798
0,1996.6382
0,1997.1404
0,1997.391
1,1998.0115
0,1998.399
0,1999.6575
0,2001.4207
1,2004.2194
0,2008.2263
1,2008.5707
0,2013.7656
0,2014.7743
0,2015.5308
0,2015.7845
0,2017.0447
0,2017.5477
1,2017.6075
1,2017.8602
0,2018.051
1,2018.1862
1,2019.3381
2,2019.902
0,2025.2994
1,2025.3005
0,2025.8055
1,2026.5535
0,2026.5591
0,2027.8187
0,2028.0714
0,2028.3234
0,2029.3312
0,2029.842
0,2030.5986
0,2030.85
0,2032.365
0,2032.6167
0,2032.8696
0,2033.1224
0,2033.626
0,2034.131
0,2034.3824
0,2034.6346
0,2035.3914
0,2035.6469
0,2036.4015
0,2036.6543
0,2037.1614
1,2037.9407
0,2038.6691
1,2039.4712
0,2039.6747
0,2039.9266
1,2041.5203
1,2042.1718
0,2043.7051
0,2043.9565
0,2044.2095
0,2044.9658
0,2045.2169
0,2045.4674
0,2047.4828
0,2048.4878
1,2049.4707
1,2050.7393
2,2050.8376
1,2060.2903
1,2061.2048
1,2063.0063
1,2063.4553
0,2063.8179
1,2064.4385
0,2064.5737
0,2065.076
1,2065.3716
1,2067.6914
1,2075.2852
0,2076.548
1,2076.831
0,2077.0522
0,2077.3032
0,2077.5564
0,2077.8088
1,2078.8213
1,2079.5557
0,2079.5725
0,2080.327
1,2080.4226
0,2080.832
0,2081.3347
0,2081.587
1,2084.0881
1,2084.7043
1,2086.0366
0,2088.3826
0,2089.4326
1,2089.4336
0,2090.4417
0,2090.6948
1,2091.4104
1,2092.5408
0,2093.4648
1,2094.4045
0,2094.7236
0,2095.4775
0,2095.7302
0,2096.2324
1,2096.4075
0,2096.7363
0,2096.9885
0,2097.2393
0,2097.4917
1,2099.1733
1,2100.156
1,2100.772
0,2101.2722
1,2101.7734
0,2103.0356
0,2103.2869
0,2104.045
0,2104.2976
0,2107.5513
1,2107.5527
1,2108.5674
1,2109.5906
1,2110.9905
1,2111.5225
0,2112.0874
0,2112.9333
0,2113.4368
0,2114.4465
0,2114.951
1,2115.6565
2,2115.954
0,2120.305
1,2120.3062
0,2121.5684
1,2121.9888
0,2122.3271
0,2123.0808
1,2123.1226
0,2123.8364
0,2124.0889
0,2124.341
0,2124.8455
1,2124.854
0,2125.3481
0,2125.6003
0,2125.8516
1,2126.392
0,2126.8604
0,2127.3643
0,2127.617
0,2127.8672
1,2128.4448
0,2129.126
0,2130.8848
0,2131.6404
0,2131.8945
0,2132.399
0,2132.6494
0,2134.6245
1,2134.628
0,2134.878
0,2135.8855
1,2136.3228
0,2136.3901
1,2136.6335
0,2136.6418
0,2136.8945
1,2137.5557
1,2138.0574
1,2138.658
1,2139.3398
1,2139.8562
2,2140.5881
1,2149.9905
1,2150.5935
0,2150.7366
1,2151.4395
0,2151.7437
1,2152.14
0,2152.753
1,2154.387
1,2155.1084
1,2155.307
1,2155.4895
0,2155.646
0,2155.8975
0,2156.9045
0,2157.4111
0,2157.9143
0,2158.668
0,2160.7722
1,2161.2305
0,2161.2769
0,2161.7798
0,2162.0322
1,2162.1748
0,2163.0393
0,2163.5447
1,2165.0906
1,2165.4585
1,2165.7917
1,2166.4744
0,2166.8162
0,2167.0693
1,2167.207
1,2167.7065
0,2168.8342
0,2169.0862
0,2169.5898
0,2169.8425
0,2170.094
1,2173.4883
1,2175.145
1,2177.06
1,2177.3198
0,2177.5142
1,2177.6755
1,2177.8691
0,2178.2693
0,2178.5195
1,2178.7412
0,2179.0237
0,2189.0796
0,2189.5825
0,2190.0862
0,2190.3403
1,2190.7087
1,2191.1377
0,2191.5986
1,2191.8235
0,2192.8564
1,2192.9697
1,2193.2407
0,2193.8618
1,2194.2578
0,2194.6187
1,2199.6077
1,2201.0586
0,2201.673
0,2201.9253
0,2203.5894
1,2203.5908
0,2204.0945
0,2204.5999
1,2205.605
1,2206.2327
0,2207.619
1,2207.62
0,2208.1216
1,2208.1582
0,2208.627
0,2209.1304
0,2210.387
1,2210.4688
0,2211.1436
0,2211.6487
0,2212.6575
0,2213.1611
1,2213.4265
0,2214.4187
0,2214.6702
1,2215.3738
1,2215.6338
0,2216.6843
1,2216.7905
0,2216.9375
0,2219.2039
0,2219.4553
0,2219.7078
0,2220.2104
0,2224.1665
1,2224.1677
0,2224.9207
1,2225.158
0,2225.4238
1,2225.5847
0,2225.6758
1,2226.3594
0,2226.682
1,2226.7585
1,2227.111
0,2228.1929
0,2228.6963
0,2228.9478
0,2229.1995
0,2229.452
1,2229.8816
0,2230.1328
0,2230.3835
1,2230.5244
0,2230.636
0,2230.8877
0,2231.3904
0,2232.397
0,2232.901
0,2233.6555
0,2234.6628
1,2234.6924
1,2236.0422
0,2239.4465
0,2239.6982
0,2239.9512
0,2240.7034
0,2241.207
0,2241.964
0,2242.972
0,2243.4763
1,2244.0261
0,2244.232
1,2244.908
0,2244.986
0,2245.4893
1,2245.7769
0,2246.2456
0,2246.4968
1,2246.9692
1,2248.244
0,2248.2576
1,2249.0256
1,2250.8254
2,2250.9253
1,2261.2922
0,2261.8726
0,2262.3765
1,2263.4436
0,2264.1409
1,2264.404
0,2264.9011
1,2265.2764
0,2265.6567
1,2265.9111
0,2266.917
0,2267.1692
0,2267.421
1,2267.4282
0,2267.6714
0,2270.2944
1,2270.2957
1,2271.8938
1,2273.2593
1,2273.614
1,2274.0737
1,2274.2542
0,2275.5852
0,2276.0886
1,2276.1116
1,2277.0093
0,2277.8516
1,2278.376
0,2278.8552
1,2279.244
1,2290.363
0,2291.2114
1,2291.4272
1,2292.1606
1,2292.6782
0,2292.9753
0,2294.737
0,2295.9993
0,2296.5024
1,2296.5542
1,2297.1113
0,2297.2595
0,2297.5112
1,2297.727
1,2298.1614
0,2298.2678
0,2298.5208
1,2298.6099
0,2299.0264
0,2299.2793
0,2299.5325
1,2300.0361
0,2300.287
0,2301.0417
0,2301.295
0,2302.3022
0,2302.8044
0,2303.0566
0,2303.308
1,2303.3662
0,2303.561
1,2303.5728
1,2303.7732
0,2304.0632
1,2304.2554
0,2304.569
1,2304.598
1,2304.7886
1,2304.97
0,2305.0747
0,2305.3267
0,2305.5796
0,2305.8325
0,2306.0854
0,2306.5903
0,2306.8416
0,2307.0925
0,2307.344
1,2307.397
0,2309.104
0,2309.3555
0,2309.6067
0,2310.3608
0,2310.8655
0,2311.1165
0,2311.3682
0,2311.8743
0,2411.6626
0,2412.9246
1,2413.112
0,2413.1785
1,2413.8306
1,2414.4297
1,2414.8303
1,2416.012
1,2416.4807
0,2416.96
0,2417.969
0,2418.7266
0,2419.231
0,2420.816
1,2420.817
1,2421.1296
0,2421.5706
1,2421.7302
0,2422.0735
0,2422.326
1,2422.3452
1,2422.7302
0,2422.8289
1,2423.2634
0,2423.3323
0,2423.5847
1,2424.3132
1,2424.9788
0,2425.8484
0,2426.0996
0,2426.6038
0,2427.1091
0,2427.3623
1,2438.4792
0,2439.694
0,2440.1995
0,2440.4504
0,2441.9622
1,2442.048
0,2442.718
0,2443.4731
1,2444.141
0,2445.4888
1,2445.97
0,2446.2424
0,2446.7468
0,2446.9998
0,2447.2522
0,2447.5051
0,2447.757
0,2448.0083
0,2448.2612
0,2448.5115
1,2448.8123
1,2448.9956
1,2449.6807
0,2450.0244
0,2450.7788
0,2451.2822
1,2451.4963
0,2452.036
1,2452.152
0,2452.7915
1,2454.0469
1,2461.6516
1,2461.888
0,2462.9119
0,2463.4143
0,2464.1702
1,2464.3472
1,2465.4148
0,2465.9307
0,2466.6853
1,2466.8796
0,2466.938
1,2467.8647
0,2468.196
1,2472.304
1,2473.1313
1,2473.6992
1,2475.8684
1,2476.03
0,2476.877
1,2478.1807
1,2479.1475
0,2480.404
0,2480.9062
1,2480.9314
0,2481.4092
0,2481.9126
0,2482.4155
1,2482.5999
0,2483.677
0,2484.1814
0,2484.4333
0,2484.9385
0,2485.4414
0,2486.9495
2,2489.905
1,2497.3833
0,2499.651
0,2499.9026
1,2503.7822
1,2506.4326
0,2506.958
1,2507.1416
1,2507.4485
0,2508.2153
0,2508.4656
0,2508.9683
1,2509.4307
0,2509.472
1,2510.0505
1,2510.5645
1,2511.2483
1,2511.9805
0,2511.9944
0,2512.7473
0,2513.2546
1,2516.3464
0,2517.856
1,2520.63
1,2520.9167
0,2522.1362
0,2523.4663
1,2523.4673
2,2523.881
0,2528.417
1,2528.7314
0,2529.1719
0,2529.6748
0,2529.9268
0,2530.179
1,2531.683
0,2532.1973
1,2532.6829
0,2533.4595
0,2533.7112
1,2534.3828
0,2534.973
1,2537.2478
1,2537.5198
1,2538.0493
1,2539.9668
0,2540.5212
0,2541.0261
0,2541.281
1,2550.7913
0,2552.5552
0,2553.0603
0,2553.3127
0,2557.0906
0,2559.1072
0,2559.6104
0,2560.2197
1,2560.221
0,2560.4717
0,2560.724
0,2561.2273
0,2561.7324
0,2562.2373
0,2562.4885
1,2562.6836
0,2562.741
1,2563.4656
0,2563.4978
0,2566.2642
1,2566.7
0,2567.5237
0,2567.776
0,2568.0276
1,2571.642
1,2572.1255
1,2572.2998
1,2572.6848
1,2572.8486
1,2574.2493
1,2574.4995
1,2574.9326
1,2575.4844
1,2576.4175
0,2581.7207
0,2582.9788
0,2583.2297
0,2584.2393
0,2584.7427
0,2584.9968
0,2586.255
0,2586.7578
0,2587.0107
0,2587.8452
1,2587.8464
1,2588.218
0,2588.602
0,2588.853
0,2589.1042
0,2589.3567
0,2589.8604
0,2590.6147
1,2591.1343
1,2592.233
0,2594.9004
1,2597.9119
1,2609.6523
1,2610.75
0,2611.1655
0,2611.4175
0,2611.9219
0,2612.1738
0,2612.425
1,2615.634
1,2615.986
0,2616.7102
1,2616.8499
0,2617.4668
0,2618.2217
0,2618.7263
0,2619.9897
1,2620.2256
0,2621.5017
0,2622.0068
0,2623.7688
0,2624.0205
1,2625.3171
0,2627.041
0,2627.293
1,2627.451
0,2629.0579
0,2629.8105
0,2630.3152
1,2638.2612
1,2638.9539
1,2640.669
1,2641.2354
1,2642.267
1,2642.534
1,2643.0676
0,2643.2996
0,2643.5527
1,2643.8853
1,2644.6338
1,2645.568
0,2650.6067
1,2651.7173
0,2652.619
0,2653.1235
0,2653.6274
1,2654.4185
0,2654.6345
0,2655.6414
1,2655.7336
1,2656.4678
0,2657.1494
0,2657.906
0,2658.1584
1,2661.029
1,2662.8037
1,2663.4177
1,2663.9944
1,2665.6558
0,2665.8164
1,2666.0364
0,2666.3196
0,2667.0762
0,2667.5796
0,2669.0894
1,2669.7258
0,2671.13
1,2671.1333
0,2671.3804
0,2672.3882
0,2672.6401
0,2672.892
0,2673.397
0,2673.6475
1,2674.6028
0,2675.1587
0,2675.4104
0,2675.662
1,2675.8198
1,2676.9685
0,2678.431
1,2684.8713
0,2686.131
0,2686.635
0,2686.8884
0,2687.3904
0,2691.4185
1,2692.435
0,2694.188
0,2694.9429
1,2696.5205
0,2697.9688
0,2698.7622
1,2698.7632
0,2699.2644
0,2699.5159
1,2699.7202
0,2699.7668
0,2700.0193
1,2700.4517
0,2700.7725
0,2702.284
1,2702.5183
0,2703.0413
0,2703.2927
0,2705.5588
1,2705.6855
0,2706.0642
0,2706.5671
0,2707.5103
1,2707.5115
0,2708.5205
1,2708.8213
0,2711.2898
0,2711.9011
0,2712.405
0,2712.9087
0,2713.1597
0,2713.6636
0,2714.1675
0,2714.42
1,2714.58
1,2715.053
0,2715.175
0,2715.4275
0,2716.184
0,2716.4348
1,2716.5374
0,2716.685
0,2717.6929
2,2717.9358
1,2724.3909
1,2725.0774
0,2725.1436
1,2741.7705
1,2742.02
1,2742.9202
1,2743.919
1,2745.7192
0,2746.9775
0,2747.2297
1,2747.5881
0,2749.4941
1,2749.5535
0,2749.9993
0,2750.7544
0,2751.5093
0,2752.5159
1,2752.6814
0,2752.7695
0,2753.2722
0,2753.9277
1,2753.9294
0,2754.1792
0,2755.1868
0,2755.4377
0,2755.943
0,2756.4458
0,2756.6975
1,2756.7866
0,2757.199
1,2757.643
0,2757.7026
0,2758.46
1,2758.5552
0,2758.7114
1,2759.97
1,2761.4204
0,2762.4905
0,2763.5012
1,2764.137
1,2767.7007
0,2768.4553
0,2768.9595
1,2769.5698
1,2770.6577
0,2771.732
0,2772.2349
0,2772.4883
0,2772.9924
1,2773.403
0,2774.1567
1,2774.555
0,2774.913
0,2775.166
1,2775.4531
1,2775.6194
0,2775.6692
0,2775.9224
2,2775.9521
1,2903.0554
0,2904.1743
1,2904.2727
0,2904.9282
1,2905.1904
0,2905.433
0,2905.685
0,2905.9382
1,2907.4343
1,2907.7866
1,2908.4084
0,2908.6897
0,2909.1963
1,2909.473
0,2910.4553
0,2910.9568
1,2911.2812
0,2911.7139
0,2913.7344
1,2914.2065
0,2915.4282
1,2915.4294
0,2915.9324
1,2916.179
0,2916.69
0,2916.9424
0,2917.6987
0,2918.4548
1,2918.6584
1,2919.0232
1,2920.4072
0,2922.4841
0,2923.7427
1,2926.6855
1,2928.1755
1,2928.6064
1,2930.1108
1,2930.4512
1,2930.8025
1,2931.1562
0,2931.4763
1,2931.4922
1,2931.7432
0,2931.9797
1,2932.1587
0,2932.2332
0,2932.735
1,2933.4343
0,2933.4912
1,2933.5757
0,2933.7434
1,2934.125
0,2934.5002
0,2935.0068
0,2935.2585
2,2935.7568
1,2947.4607
0,2948.7244
0,2949.2297
0,2949.4814
0,2949.734
0,2949.9854
1,2951.1582
1,2952.3936
1,2953.0425
0,2953.2585
0,2954.7737
0,2955.5308
0,2956.0352
0,2956.288
1,2956.6252
0,2960.574
1,2961.5127
0,2961.8364
1,2961.9817
1,2962.4375
0,2962.7285
0,2963.2305
0,2964.4888
1,2964.6929
0,2964.9944
0,2965.246
1,2965.398
1,2966.2075
1,2967.0771
1,2967.457
0,2968.776
0,2970.2844
0,2971.0413
1,2973.5793
0,2974.333
1,2974.448
0,2974.5862
1,2975.102
1,2975.6084
0,2977.3577
0,2977.8599
0,2978.3638
1,2979.0264
0,2979.624
1,2979.8196
0,2980.8877
0,2981.8918
0,2987.9456
0,2990.4683
0,2992.2358
0,2992.487
0,2992.9912
1,2993.3914
1,2995.263
0,2995.511
1,2995.7097
0,2996.0127
1,3006.6924
1,3008.3252
1,3009.0425
1,3009.5266
1,3009.958
0,3010.273
1,3010.742
0,3011.0293
1,3011.4927
0,3011.7844
0,3012.7922
0,3013.043
1,3013.1016
0,3013.5476
1,3014.5464
0,3017.5957
1,3017.598
0,3018.6028
1,3019.7583
1,3020.3945
1,3020.6638
1,3020.9133
1,3021.6033
0,3023.1382
1,3023.2095
0,3023.3906
0,3023.6423
0,3024.6494
0,3024.9006
1,3026.319
0,3026.41
0,3026.9146
0,3027.9255
1,3028.2036
0,3028.6794
0,3029.1094
1,3029.2253
0,3029.3618
0,3029.6143
0,3029.867
1,3030.6128
0,3030.876
1,3030.9937
0,3031.379
1,3031.9937
0,3032.1365
1,3033.0105
0,3034.151
1,3034.4756
0,3034.6543
1,3035.3093
0,3035.6594
0,3036.1643
1,3036.207
0,3036.4153
1,3036.4988
0,3036.6667
1,3036.8105
0,3037.1716
2,3038.126
1,3049.778
0,3050.1538
0,3050.4055
0,3051.1592
0,3051.4111
1,3052.1592
0,3053.4246
1,3054.9097
0,3054.9368
0,3055.1885
1,3055.6433
0,3055.6902
0,3056.4473
1,3056.6492
0,3057.2012
0,3057.958
1,3058.0283
0,3058.4631
0,3058.7148
0,3061.4424
1,3061.4436
0,3062.6968
0,3062.9478
0,3063.4507
0,3064.207
0,3064.4597
0,3065.2146
0,3065.718
0,3065.9702
0,3066.222
1,3066.8428
0,3067.7354
1,3068.0093
0,3068.2378
0,3068.7422
0,3069.2456
0,3069.498
0,3070.003
0,3070.256
0,3073.6301
1,3073.632
0,3074.8894
0,3075.1401
1,3075.666
1,3076.7783
1,3092.312
1,3092.8289
1,3093.6934
0,3094.077
1,3094.962
1,3095.646
0,3098.6135
0,3099.6194
0,3100.1206
0,3100.8757
1,3101.13
1,3101.286
1,3101.67
1,3101.8325
0,3101.8833
1,3102.296
0,3102.889
1,3102.9912
0,3103.1414
0,3104.399
1,3104.5286
0,3104.6514
1,3104.9932
0,3105.1553
1,3105.2456
0,3105.4084
0,3105.6616
1,3106.1614
0,3106.165
0,3106.4163
1,3106.5713
0,3106.6685
1,3107.2158
1,3107.7122
1,3108.494
1,3108.8293
1,3110.3267
0,3111.4583
0,3112.465
1,3115.7788
0,3116.5332
1,3116.6953
0,3117.038
0,3117.2896
1,3117.6782
0,3120.5664
0,3121.3213
0,3125.856
0,3126.863
0,3127.3677
0,3128.376
1,3138.9038
0,3140.6685
0,3141.173
0,3141.4248
1,3143.1611
1,3143.772
0,3144.7012
0,3145.7075
0,3146.9639
0,3147.4663
0,3147.9712
0,3148.2236
0,3148.4783
1,3148.6335
0,3148.7297
0,3148.9805
1,3149.1243
0,3149.2334
1,3150.4805
1,3150.6614
1,3151.6946
0,3151.7368
0,3151.9885
1,3152.5793
0,3153.247
1,3153.9753
1,3154.261
1,3154.7947
1,3155.1458
1,3156.0122
0,3156.777
0,3157.2832
0,3157.5364
0,3158.04
0,3158.2913
1,3162.0479
1,3163.0295
1,3164.994
1,3168.2153
1,3179.8164
0,3181.076
0,3181.5818
1,3181.6465
0,3182.3374
0,3182.5884
1,3183.3784
0,3185.1091
0,3185.6128
0,3186.1155
0,3186.6182
0,3187.3743
0,3187.8809
0,3190.1482
0,3190.9036
0,3191.4094
0,3191.6614
0,3192.4192
0,3192.671
0,3192.9224
0,3194.1838
0,3195.6936
0,3196.1982
0,3196.4507
0,3205.245
0,3205.7515
1,3206.067
0,3206.2554
1,3207.0796
1,3207.9138
0,3208.0178
0,3209.0283
0,3209.2808
0,3210.0354
1,3210.0635
1,3211.4106
1,3211.6138
1,3212.8015
1,3213.1455
1,3214.2302
1,3214.5452
0,3214.9392
0,3215.1902
0,3215.6917
0,3216.4492
0,3216.9539
0,3217.2056
0,3217.9636
1,3220.8555
0,3222.3682
1,3223.263
1,3230.815
0,3231.3328
0,3231.8362
0,3232.0874
1,3232.2644
0,3232.5933
0,3233.3503
0,3233.8547
0,3234.3586
0,3234.8645
0,3235.3674
0,3236.3748
0,3236.6255
0,3237.1284
0,3237.8853
0,3238.389
0,3238.6404
0,3238.8938
0,3239.6514
1,3240.997
0,3241.166
1,3241.27
1,3242.0874
2,3242.3132
0,3253.5415
0,3253.7925
0,3254.0447
0,3254.798
1,3255.4458
0,3255.5535
1,3256.622
0,3257.3228
0,3257.8276
1,3257.9976
1,3259.3486
1,3260.0977
1,3261.6353
1,3262.8635
1,3263.4175
1,3264.1978
0,3264.906
1,3265.364
0,3265.4087
0,3266.1646
1,3266.5452
0,3266.6692
1,3267.496
0,3267.6743
0,3268.177
0,3268.9316
1,3269.1257
0,3270.4453
0,3270.6958
1,3270.8638
1,3271.9487
1,3272.9463
0,3273.9746
0,3274.2263
1,3274.3472
0,3274.9822
0,3275.9883
0,3276.4934
1,3279.7273
1,3280.415
0,3280.7349
0,3280.986
1,3281.8691
1,3283.0693
1,3283.4622
0,3284.261
1,3284.429
0,3284.5127
0,3285.0159
1,3285.2893
0,3285.5215
1,3286.0137
0,3286.0234
0,3286.777
1,3286.949
0,3287.284
1,3287.7642
0,3288.2913
1,3288.4797
0,3288.5447
0,3291.0654
0,3291.567
1,3292.6038
2,3293.0469
1,3301.8176
0,3302.1455
0,3302.3962
1,3302.5415
0,3302.6487
0,3302.9004
1,3303.1816
1,3303.5627
0,3303.909
1,3304.5686
0,3304.6653
0,3304.9163
1,3305.0977
1,3305.733
1,3306.2148
0,3306.4302
0,3306.6824
1,3306.732
1,3307.299
1,3307.8809
1,3309.5308
0,3309.9546
1,3310.0476
0,3310.2056
0,3311.213
1,3313.3992
0,3313.483
0,3313.9856
1,3316.7517
1,3318.2393
1,3318.5046
1,3320.3782
0,3320.5293
0,3320.7805
0,3321.0334
1,3321.2197
0,3321.286
1,3321.5151
0,3321.7913
0,3322.043
0,3322.2964
1,3322.6814
0,3323.0544
0,3323.3071
1,3323.4321
1,3324.484
2,3324.6526
0,3334.1243
0,3334.6274
0,3334.8806
1,3335.4482
0,3335.8894
1,3336.5151
1,3337.716
0,3338.159
0,3338.411
0,3338.662
1,3339.284
1,3339.4495
1,3341.9314
0,3342.6833
1,3342.7673
0,3343.4421
1,3343.7832
1,3345.9824
1,3347.4656
1,3348.4006
0,3348.73
1,3349.3599
1,3349.7163
0,3349.7373
0,3350.241
0,3350.9998
1,3351.0166
0,3351.5046
0,3352.2615
1,3354.1667
0,3356.8042
1,3357.199
1,3359.1
1,3375.6338
1,3378.1677
1,3379.17
1,3379.8667
0,3379.913
0,3380.167
0,3380.4197
1,3380.5488
0,3381.1738
0,3382.3894
1,3382.391
1,3382.8162
0,3383.1462
0,3383.6528
0,3386.682
0,3387.6895
0,3388.9492
1,3389.1926
0,3389.4526
0,3389.9563
0,3390.459
0,3391.2136
0,3392.1357
1,3392.1375
0,3392.3882
1,3392.5842
0,3392.8926
1,3393.3342
0,3393.3982
0,3394.4045
1,3395.6018
0,3395.9165
1,3396.1997
0,3396.9265
1,3397.2666
0,3397.4314
1,3397.5366
0,3398.9443
0,3399.1978
1,3401.5347
1,3401.9863
0,3402.7783
1,3403.0166
1,3413.7185
0,3415.4841
0,3415.9873
1,3416.1833
0,3416.241
0,3416.4941
1,3417.6523
1,3419.6536
0,3420.7854
0,3421.0374
0,3421.7927
0,3422.0466
0,3422.5518
0,3422.8035
1,3422.8696
0,3423.3054
0,3423.5588
1,3423.852
0,3424.5713
0,3426.3313
1,3426.5002
1,3427.6174
1,3428.933
0,3429.6104
1,3430.0173
0,3430.8728
0,3431.3772
0,3431.8816
1,3432.3015
1,3434.7983
1,3438.8706
1,3439.667
0,3440.0854
1,3441.7268
0,3443.6155
0,3444.4316
1,3444.4329
0,3444.6836
0,3444.9338
1,3445.1008
1,3445.552
0,3445.6912
0,3446.193
0,3446.4448
0,3446.6968
0,3446.9482
1,3447.4846
0,3447.9585
1,3448.1667
0,3450.7314
0,3453.0
0,3453.2534
0,3454.009
0,3454.768
0,3455.272
2,3455.6003
0,3461.4106
1,3461.4126
0,3462.167
0,3462.6702
1,3462.814
0,3463.1724
0,3463.6763
0,3463.9297
0,3465.1877
0,3465.6929
0,3466.6985
0,3467.708
0,3468.2122
0,3468.4631
0,3469.7744
1,3469.776
0,3470.0264
0,3470.2795
1,3470.5005
0,3471.036
0,3471.5403
0,3471.7932
0,3472.0464
0,3472.2979
1,3472.602
0,3472.802
1,3472.981
1,3473.287
1,3474.219
2,3475.8074
1,3486.1387
1,3486.9968
1,3487.6013
0,3488.1565
0,3488.6628
1,3488.7192
0,3489.167
1,3489.1863
0,3489.9207
1,3490.1863
1,3490.7368
0,3490.9304
0,3491.1821
0,3491.435
0,3493.7622
1,3493.7637
0,3494.5208
0,3495.0237
0,3495.274
1,3495.654
0,3495.7786
1,3496.463
0,3497.2888
0,3497.792
0,3498.065
1,3498.0688
0,3498.5696
0,3498.8218
1,3498.9517
0,3499.0725
1,3499.5527
0,3499.8267
0,3500.0789
1,3500.4526
1,3500.6362
0,3500.8357
1,3502.0203
1,3502.8203
0,3503.1057
0,3503.3586
1,3503.7017
0,3503.8618
1,3504.186
0,3504.366
0,3504.6182
0,3505.6228
1,3508.4229
1,3508.636
1,3509.3523
1,3510.5068
1,3511.668
1,3512.0684
1,3512.4043
0,3512.707
0,3513.4666
0,3513.7173
0,3514.7256
0,3515.2302
1,3515.8743
0,3515.9849
0,3516.236
0,3516.9878
0,3517.2405
1,3517.303
1,3517.7705
1,3518.6013
1,3519.22
0,3519.258
0,3520.7659
1,3520.8696
0,3521.2703
0,3521.523
0,3522.2793
1,3526.1018
2,3528.9841
1,3537.3801
0,3538.0947
1,3538.569
0,3539.1013
0,3539.3525
1,3539.7197
0,3539.8574
1,3541.5374
1,3542.3362
0,3542.8813
0,3543.8926
1,3543.987
0,3544.145
0,3544.647
0,3544.9001
1,3545.1035
0,3545.4043
1,3545.6182
0,3545.908
1,3546.4058
1,3547.1912
1,3548.2375
0,3548.679
0,3548.9316
0,3549.1836
0,3549.6882
1,3549.9487
0,3550.6943
0,3551.001
0,3551.2517
0,3551.505
0,3551.7568
0,3552.766
0,3553.269
1,3553.4868
0,3553.5215
1,3554.2039
0,3555.0378
1,3555.7202
0,3555.7932
2,3556.2683
1,3565.523
1,3566.2197
0,3566.7837
1,3567.7876
0,3568.295
1,3568.4639
0,3568.5469
0,3569.05
1,3569.2878
0,3569.3
0,3569.5532
1,3570.0518
1,3570.755
0,3571.319
0,3571.8242
1,3572.27
0,3572.58
0,3573.0823
0,3573.3337
0,3575.376
1,3575.378
1,3577.0557
1,3578.4038
0,3579.9114
1,3580.203
0,3580.6687
1,3581.1382
0,3581.426
0,3582.184
0,3582.6885
0,3583.4448
0,3584.082
1,3584.0833
0,3584.3333
1,3584.5032
0,3584.837
0,3585.3435
1,3585.5657
0,3585.596
0,3585.8481
0,3586.1006
1,3586.421
1,3586.9375
1,3587.971
0,3588.1165
1,3588.2295
0,3590.636
0,3590.8884
0,3591.141
0,3591.6453
0,3591.8977
1,3595.113
0,3596.1252
0,3596.377
1,3597.0894
1,3598.941
0,3599.6514
1,3599.9246
0,3600.1562
1,3600.5386
