0,2.7755852
0,4.2855945
0,6.0517616
0,7.8130264
1,8.451999
0,9.721103
0,9.973878
0,10.983658
0,11.992699
0,13.252442
0,14.760603
0,15.013129
0,17.818941
1,17.819338
1,18.509367
1,18.789007
0,19.076733
0,19.330008
1,20.392704
0,21.092382
1,22.778728
0,23.107187
1,25.700144
0,26.383236
0,26.634623
0,28.901508
0,30.161543
0,31.405563
1,31.406057
1,32.146996
0,32.161186
0,32.914833
1,32.962833
0,33.167828
1,34.54658
0,36.190372
0,36.695217
0,36.94714
0,37.7008
1,37.829453
0,37.968266
0,39.579044
0,40.083748
1,44.286568
1,56.660267
0,57.92005
0,58.170986
0,58.42182
1,60.029686
0,60.18991
0,61.19681
1,61.663246
0,62.455647
0,62.70733
1,63.097195
0,64.21914
0,65.22853
0,68.24895
0,68.75218
0,69.00389
1,70.317345
1,70.83232
1,71.20972
0,73.844154
0,75.35534
0,75.85931
1,76.054344
0,76.87
0,77.87502
1,77.914734
0,78.3812
0,79.52953
1,81.71269
1,85.4516
0,87.37888
1,87.37936
1,88.61494
0,88.642456
0,89.40084
0,89.65194
0,90.15767
0,90.409225
1,91.41461
0,91.92052
0,92.42694
0,93.93743
0,94.18805
0,94.69335
0,95.79801
1,95.798454
1,106.36786
0,107.6254
0,108.130196
0,108.63361
0,109.13817
0,110.64983
0,112.162704
1,112.51871
1,112.912636
0,113.42374
0,114.93578
0,116.70248
0,116.96677
0,118.22707
0,118.48139
1,118.585495
0,119.23579
0,119.48638
0,120.81632
1,120.816826
0,122.077965
0,122.83041
0,123.335236
1,124.50311
0,124.84792
0,125.10002
1,126.0305
0,127.11381
0,127.61645
1,127.81316
0,128.87158
0,129.12442
0,129.6273
0,129.87784
1,136.0332
0,137.5031
0,140.02626
0,141.03201
0,142.29337
0,142.79674
0,143.29984
1,143.93231
0,144.68858
0,145.19243
1,145.397
0,145.44447
0,146.20038
0,146.45274
0,146.70341
0,146.95515
0,148.46901
1,148.9158
0,149.23303
1,149.9976
0,150.49025
0,150.99248
0,151.24744
0,152.00264
0,153.90463
1,167.98598
0,169.24454
0,169.75511
0,170.51393
0,170.76578
0,172.02682
1,175.88287
0,176.3163
0,176.5695
1,183.18558
1,183.34875
0,184.44463
0,184.69519
1,186.3495
0,186.7125
1,187.16458
0,188.982
0,189.23459
0,189.7369
1,191.00009
0,192.07219
0,192.32301
1,193.56445
0,193.83492
1,194.69849
1,195.60342
0,196.6073
0,197.86832
0,198.12045
0,198.62581
0,200.712
1,200.71237
0,201.96909
0,202.22144
1,202.2518
0,202.47287
0,202.97981
0,203.73586
0,203.98901
1,204.28404
0,204.74532
0,205.00029
1,205.50085
0,206.50911
0,207.51865
0,208.77823
0,209.2824
0,209.78624
0,210.29007
1,210.43317
0,211.0437
0,211.29779
0,213.31317
1,213.31584
0,213.8182
0,214.5727
0,215.33054
0,216.09105
0,217.3506
1,218.01541
0,219.36687
0,219.61955
0,219.87065
0,220.37637
0,220.88202
1,223.28429
0,227.49863
0,228.25186
1,228.25229
0,229.26222
0,229.51492
0,229.7665
0,230.01816
0,230.26895
0,231.02234
0,232.79933
0,233.05142
0,233.85056
0,234.35939
0,234.61232
0,236.62683
0,237.12881
0,237.63185
0,238.89249
1,240.2819
0,240.65533
0,242.67287
0,242.9239
0,243.42796
0,243.67897
0,244.43637
0,245.44472
1,245.62679
0,245.69673
0,246.20097
0,246.95734
0,247.71193
0,248.97227
0,251.7417
0,251.99402
0,252.49771
0,252.75082
0,256.16092
1,256.33298
0,264.3866
0,265.13943
0,266.65335
0,266.90634
0,268.67435
0,271.94928
0,272.45523
0,272.70807
0,272.95987
1,275.86246
1,287.20273
0,288.27948
0,288.53
0,289.2875
0,289.53973
1,290.21835
0,291.2999
0,293.31207
0,293.56387
0,294.82367
1,295.02347
1,295.4023
1,295.78766
0,295.83258
1,296.15854
1,296.5406
0,296.58627
1,317.43793
0,318.701
1,319.65295
0,320.21475
1,320.90088
0,321.97818
1,322.4179
1,322.7675
0,323.74207
0,323.99292
1,324.61926
0,326.28757
1,326.70178
0,327.54877
0,327.8
0,329.81802
0,330.0719
1,330.3037
0,331.08124
1,331.34702
1,331.77927
1,332.29453
1,332.79538
1,333.29144
0,333.59808
1,334.0533
0,335.3613
1,335.70526
0,335.8641
0,336.37106
1,336.43546
0,336.87534
1,336.90182
0,338.38443
0,338.6374
0,339.89548
0,340.9038
0,341.66098
0,342.16275
1,342.48907
0,344.12335
1,344.12387
0,345.3807
0,345.8851
0,346.6386
0,346.89105
0,347.8979
0,348.15
1,348.73538
1,350.01825
0,350.6695
1,351.26825
1,358.55225
0,359.49936
0,359.75195
1,360.75278
1,362.6522
0,364.53867
1,367.46762
0,368.5704
0,368.82556
0,370.1184
1,370.11893
0,370.87253
1,371.05176
0,371.37744
2,371.53497
1,384.77377
0,386.03293
0,386.53882
0,388.3022
1,388.8844
0,389.56427
1,390.5458
0,390.82758
0,392.5921
0,393.09515
1,401.63525
0,402.45114
1,403.2634
0,403.71057
1,404.7863
0,405.47366
1,405.9874
0,406.73083
0,406.98395
1,407.38507
0,409.35123
1,409.9023
0,410.61462
0,410.86606
1,411.5211
1,414.76877
0,416.65552
1,417.15698
1,417.66223
0,422.96088
0,426.2391
1,438.05292
0,439.30917
0,439.8144
0,440.31793
0,440.56912
1,441.24796
1,441.63498
1,441.80887
0,443.0901
0,443.84418
0,444.09753
0,445.60794
0,446.36438
0,446.86926
0,447.37244
0,447.6236
0,447.8776
0,448.38187
0,448.6325
0,449.63934
1,449.89178
0,451.21188
1,451.21265
1,452.02866
0,452.4723
0,453.23053
0,453.48233
1,454.25296
1,454.70493
1,455.4697
0,455.99994
0,456.7531
0,457.76227
1,460.6167
0,461.36996
0,461.8776
0,462.1285
1,464.6543
1,466.4028
0,468.92776
0,470.19067
0,472.4558
0,472.96692
0,473.47116
0,473.7215
0,475.24655
1,475.24704
1,475.83844
2,475.93646
1,480.70053
0,481.20383
0,482.21216
0,482.46304
0,482.96585
0,483.977
0,484.23087
0,484.9877
1,485.20718
0,485.2401
0,485.74316
0,485.9957
0,486.24603
0,486.75238
0,487.2571
0,488.0126
0,488.5157
0,491.0383
0,491.79538
0,492.55457
0,493.05814
0,493.8142
0,494.3178
1,494.4723
0,494.56863
0,494.81967
1,496.57037
0,498.85107
0,501.6177
1,502.8305
1,517.0073
1,519.10406
1,519.4722
1,519.9876
1,520.50543
0,522.8642
1,522.8647
0,524.12366
0,524.3747
0,525.3788
0,526.6402
0,527.81696
1,527.8175
0,528.5702
1,528.6732
0,529.577
1,530.372
0,530.83984
1,531.3873
1,532.3713
0,534.3694
0,534.6217
1,537.0368
1,537.4554
1,539.8384
1,540.7722
0,541.82385
1,542.571
0,543.33813
1,544.2559
1,545.1389
0,546.10754
0,546.61237
1,547.0231
0,547.8723
0,548.8812
0,549.134
0,549.63806
0,550.1395
0,550.39197
0,550.8957
2,552.07385
1,564.0068
0,565.2633
0,565.76807
0,566.2739
0,566.52576
0,568.2885
0,569.5474
0,570.80884
0,571.5636
0,571.81476
0,572.82294
0,573.5776
0,574.58765
0,575.0939
0,575.85034
0,576.35345
0,576.8552
0,577.1077
0,577.36115
0,578.9014
1,578.902
1,579.9728
0,580.15967
1,580.3735
0,580.91473
0,581.6719
1,582.1887
1,582.4061
0,582.93396
0,583.43835
0,585.45197
1,587.38873
1,589.7426
1,590.1758
0,590.751
1,591.66174
1,593.74493
1,594.38245
1,595.02246
0,595.80145
0,596.30347
0,597.31146
0,598.3189
1,598.5704
1,598.9582
0,599.56506
1,599.5657
0,599.81555
0,600.57166
0,600.8234
0,601.32605
0,601.8281
0,603.0882
1,603.6068
0,606.1132
0,606.3662
0,606.61847
0,607.37195
0,610.65436
1,629.1419
0,630.40405
0,630.90796
1,631.1904
0,631.66724
0,631.9203
1,631.98975
1,632.37317
1,633.7078
1,634.2235
0,636.45276
0,636.95526
1,637.2748
0,637.46106
1,638.3185
0,638.7236
0,639.9807
0,641.9977
0,643.26044
1,643.69214
1,644.8404
1,645.12476
1,645.77344
0,646.0318
0,646.5344
0,647.5384
0,648.29456
0,648.5467
0,648.7998
0,649.0508
1,651.35864
1,652.9905
1,657.3758
0,657.7938
0,658.04553
1,658.5064
1,659.0091
1,659.66534
0,660.42114
0,660.92413
0,661.4275
0,663.4461
0,663.6983
0,666.46716
1,667.2052
1,670.2736
1,681.71246
1,682.1176
1,682.94037
0,683.728
0,684.48505
0,684.9881
1,685.344
0,688.0047
0,688.25525
0,689.01263
0,689.5159
0,690.0208
0,691.16187
1,691.16254
1,691.7913
0,692.4239
0,692.67566
0,692.92975
0,693.43445
1,693.5069
1,693.8749
0,694.94775
1,695.909
0,696.2056
1,696.65753
0,697.2121
0,697.4646
1,697.8333
0,697.9671
0,698.2217
1,701.22375
1,707.0604
1,707.5422
0,708.3226
0,708.827
0,709.07837
0,709.3334
0,710.08997
0,710.847
0,711.3544
0,711.60803
1,711.8221
0,712.36615
0,713.62476
0,713.8779
1,714.37445
0,714.6335
0,717.14996
0,718.4076
0,718.65906
0,718.9102
0,719.6676
0,719.92084
0,720.172
0,720.4224
1,720.5929
0,721.17615
1,721.8788
1,722.28204
0,722.437
1,722.57904
0,723.1952
0,723.4458
0,723.69904
1,724.8576
0,726.2227
1,727.97736
0,728.23956
0,728.4931
1,731.7599
0,732.6795
0,733.94073
1,750.4558
0,751.72064
0,752.2251
0,752.7282
0,752.9795
0,756.5061
0,758.0187
0,758.7745
0,759.0272
0,759.5338
0,760.2877
0,760.53827
0,760.79004
1,760.839
0,762.30225
0,762.8053
0,763.057
0,763.30743
1,767.2467
0,768.50635
1,768.53644
0,769.0092
0,769.7644
0,770.018
1,770.41113
1,771.2093
0,772.53796
1,773.2284
0,773.54565
0,774.04877
1,774.85364
0,779.597
0,779.84924
0,780.35345
0,780.6044
0,781.109
0,781.6137
0,781.8642
1,794.2127
0,795.47046
1,795.7112
0,795.721
1,796.0271
0,796.977
1,797.4781
0,798.7446
1,799.3613
0,800.2582
0,800.509
0,800.76184
0,803.3898
1,803.6274
0,804.64844
0,804.90027
1,805.16156
0,806.6622
1,806.72797
0,806.9141
1,807.5451
0,807.66724
0,807.91846
0,808.4214
1,808.93
0,809.4259
1,810.0205
1,810.9126
0,810.9363
0,811.1876
1,830.8462
1,831.64465
0,832.1054
1,832.2045
1,832.9931
0,833.1146
0,833.87177
1,833.91064
0,834.88
1,835.3611
0,836.13763
0,836.893
1,836.91156
0,837.1433
0,837.6474
1,839.4991
0,839.75037
1,839.8114
0,840.2545
0,840.7565
1,843.1934
0,843.52826
1,843.6282
1,844.44495
1,845.0456
1,845.8273
1,846.19495
1,846.5119
1,847.1606
1,848.9105
1,851.92786
0,855.62854
0,860.1635
0,864.1936
0,865.20435
0,865.45605
0,866.2113
2,868.63367
1,883.21405
1,884.4453
0,884.73047
1,885.2454
0,885.7433
0,886.50104
1,886.72736
0,887.2574
1,887.47986
0,887.75977
1,888.5945
1,888.778
1,890.028
1,892.4787
0,892.94434
1,894.22894
0,895.7128
1,896.0461
0,896.7222
0,897.47614
0,897.7268
1,898.19885
0,898.23846
0,899.0425
1,899.75214
0,899.79724
0,900.05
0,900.8075
0,901.0597
0,901.31335
1,901.64734
0,902.8247
1,903.5492
0,904.3344
0,904.83856
0,905.6049
1,909.19696
0,910.4554
0,910.7063
1,912.5791
0,913.228
0,913.98517
0,914.4886
1,914.6783
0,915.5003
1,915.8113
0,916.5052
1,917.09595
0,922.0452
1,928.49817
0,929.75714
0,930.26025
0,930.51166
0,930.76404
1,931.0489
0,932.7858
0,933.2891
0,933.79315
0,934.80066
0,935.3039
0,937.18134
1,937.182
1,938.0289
0,938.19055
0,938.4417
1,938.59503
0,939.70276
1,939.74225
0,940.4564
1,940.4623
1,941.2961
1,941.879
0,942.2209
0,942.975
1,943.0317
0,943.479
0,944.4884
0,944.73865
1,947.9932
1,948.41406
0,949.251
0,949.502
1,950.33826
1,950.56335
1,951.6821
1,953.01337
1,953.4979
1,953.9453
1,954.58167
0,955.29596
0,955.548
0,956.3053
0,957.06055
0,957.31256
0,957.56494
1,957.6618
1,959.9533
1,960.77893
2,960.8829
1,976.32947
1,977.43115
1,978.0604
1,978.29803
0,978.41095
0,979.1694
0,979.4205
1,979.54816
0,979.6724
1,979.87964
0,980.4275
1,982.5633
0,983.0175
0,983.2704
1,983.59503
0,984.0253
0,984.5283
0,985.2859
1,985.4133
0,985.7876
1,986.2151
0,986.54254
1,986.7908
0,987.0453
0,987.55
1,987.6879
1,989.01685
1,989.45465
0,989.81537
0,990.0669
1,990.41644
1,990.78564
0,993.5896
0,995.6067
1,996.2482
0,998.1256
0,998.3764
0,998.6291
0,999.2178
1,999.7688
0,1000.73285
0,1000.98584
0,1001.491
0,1002.2478
1,1002.4796
0,1002.4993
1,1003.55237
1,1004.4471
1,1005.3467
0,1005.52246
0,1005.77344
0,1006.5291
0,1006.78
1,1009.11914
1,1011.381
1,1013.0153
0,1013.1511
0,1013.9071
0,1014.6617
0,1015.42053
1,1016.2707
0,1016.52106
2,1016.60156
0,1029.0446
1,1029.1965
0,1029.5472
0,1029.8009
1,1030.3152
0,1030.8082
1,1030.9968
0,1031.8165
1,1032.4308
0,1032.5701
1,1032.6154
0,1032.8217
0,1033.0725
0,1033.3254
1,1035.4518
1,1036.8247
0,1038.3633
0,1038.8662
0,1039.3693
0,1040.126
1,1040.6713
0,1041.9307
1,1042.9977
1,1044.5306
1,1045.6973
0,1046.2151
0,1046.72
0,1047.4727
0,1047.9783
1,1051.1661
0,1052.425
0,1052.6764
1,1055.3652
1,1055.6969
1,1057.0652
0,1057.9694
1,1058.2996
0,1058.4722
0,1059.4788
1,1059.6812
1,1064.15
1,1064.4357
0,1066.0789
2,1066.0791
1,1079.736
1,1080.3689
0,1081.5039
0,1081.7557
0,1082.2589
0,1082.5103
1,1082.6495
0,1083.2673
0,1084.5266
1,1085.017
0,1086.0388
0,1086.7925
0,1087.2981
0,1087.7993
0,1089.0588
0,1089.3103
1,1089.5518
0,1089.5632
1,1089.6926
0,1090.3169
0,1091.2961
1,1091.2969
0,1091.7999
1,1092.0829
1,1092.6013
0,1093.0616
1,1093.2489
0,1093.3136
0,1093.5654
0,1094.8243
0,1095.3307
0,1096.087
1,1096.599
0,1096.8435
0,1097.0955
1,1097.2375
0,1097.3466
1,1097.6223
0,1097.8508
1,1097.9423
1,1098.4487
1,1098.795
1,1099.249
1,1099.5897
1,1100.1816
1,1100.5289
1,1100.8805
1,1101.2299
1,1104.3156
0,1104.7742
1,1104.8346
0,1105.2802
1,1105.4934
1,1106.552
1,1108.2969
1,1109.2327
0,1109.5696
1,1109.7155
0,1110.3245
1,1110.5817
0,1113.6035
0,1113.8544
1,1114.5853
1,1118.4807
1,1118.6483
2,1118.7173
0,1124.1196
0,1125.1277
1,1126.2153
0,1126.3864
0,1127.1427
0,1128.1501
1,1128.3
0,1128.9065
0,1129.1589
0,1129.4111
0,1129.6654
1,1130.8647
0,1130.9259
1,1131.0662
0,1131.429
0,1132.1813
0,1132.6855
0,1133.1913
1,1133.2822
0,1133.4423
1,1136.2825
0,1138.9811
0,1139.9878
0,1140.2407
0,1140.4949
0,1141.5027
0,1141.755
1,1141.8955
1,1143.192
0,1143.2684
1,1143.4705
0,1144.5288
0,1145.0332
1,1145.282
0,1145.5355
0,1145.7876
1,1146.5161
0,1146.5437
0,1146.7965
1,1146.7996
0,1147.0469
0,1147.5516
0,1148.0603
0,1148.5623
0,1148.8146
0,1149.07
0,1149.8213
1,1150.3822
1,1151.3
0,1152.5913
1,1153.0663
0,1153.6003
0,1153.8531
0,1154.3593
0,1155.6179
1,1168.3846
0,1168.9994
0,1169.757
0,1170.0094
0,1172.022
0,1172.7786
0,1173.2843
0,1173.7913
0,1174.7988
1,1175.7913
1,1176.0336
0,1176.5454
0,1177.049
0,1177.3004
0,1177.8053
0,1178.3092
1,1178.3328
1,1179.5012
0,1179.5684
0,1180.0737
1,1180.3977
0,1180.5757
0,1182.0901
0,1182.3403
1,1186.5288
1,1188.8673
1,1190.5854
0,1191.8228
1,1192.0175
0,1193.5862
0,1193.8387
0,1194.0936
0,1194.345
0,1194.8477
0,1195.3517
1,1195.3547
0,1195.6035
1,1195.9663
0,1196.8641
1,1197.2677
1,1198.901
0,1199.1263
1,1199.7853
1,1201.0162
1,1201.1646
1,1211.6877
1,1212.4161
0,1212.9491
1,1214.0178
0,1214.2065
1,1214.5338
1,1215.6526
1,1216.7852
1,1217.1516
0,1217.4833
0,1218.2394
0,1218.9958
1,1219.1798
1,1220.7687
1,1223.722
0,1224.9768
1,1225.2194
0,1227.4926
0,1229.5054
1,1229.6362
0,1229.7582
0,1230.5146
0,1231.0903
0,1231.5945
0,1232.0985
0,1232.6016
0,1232.8546
0,1233.1057
0,1233.358
1,1234.0187
1,1234.1522
0,1235.1198
0,1235.3723
0,1235.8762
0,1236.6318
0,1237.3885
0,1237.6405
1,1237.6855
0,1237.8917
0,1238.1445
1,1238.5865
0,1238.6477
1,1243.6018
1,1245.6873
1,1246.9026
1,1247.7855
0,1247.8905
0,1250.1552
0,1250.4067
0,1251.6578
2,1251.6581
0,1266.6844
1,1268.0181
1,1268.8695
1,1269.437
1,1270.3009
0,1270.713
1,1270.7694
1,1271.0013
0,1271.467
1,1271.7528
0,1272.4757
1,1272.9508
0,1273.485
0,1273.9893
0,1274.4928
0,1277.3231
0,1277.5762
1,1277.9591
1,1278.9688
1,1279.7074
1,1280.0177
0,1280.3483
1,1280.7697
1,1281.0193
1,1281.4019
0,1281.8585
0,1282.6207
0,1283.3773
1,1292.5187
0,1293.4658
1,1294.0364
1,1294.7513
0,1294.9749
1,1295.4885
1,1296.185
0,1296.7352
1,1297.1395
0,1297.2405
1,1297.4019
1,1298.269
1,1299.5132
0,1303.6046
1,1303.6464
0,1303.8573
0,1304.864
0,1305.1145
0,1305.9739
1,1305.9746
0,1306.4764
0,1306.7285
1,1306.9039
0,1307.4829
0,1308.7446
1,1309.0555
1,1309.82
1,1311.0382
0,1312.2697
0,1312.7739
0,1314.2826
0,1317.6387
1,1317.6395
1,1319.5876
0,1321.922
0,1322.174
0,1322.8948
2,1322.895
1,1339.2856
0,1339.5638
1,1340.2695
1,1340.8562
0,1341.0775
0,1341.3284
0,1341.579
1,1342.1082
1,1342.4525
0,1342.8408
1,1343.3394
0,1344.101
0,1344.3529
1,1344.7236
0,1347.6018
1,1348.0226
1,1350.8237
1,1351.3202
1,1352.2524
0,1352.3951
1,1353.1377
0,1353.406
1,1353.8042
0,1354.1625
1,1354.5858
0,1354.6644
0,1355.1681
0,1355.6704
0,1355.923
0,1356.4249
1,1357.6484
1,1358.3779
1,1361.4066
1,1361.5988
0,1363.3424
1,1363.3431
1,1364.3701
1,1364.9543
0,1365.1024
0,1365.3531
0,1365.6038
1,1365.6547
1,1366.4613
0,1368.3735
0,1369.3801
1,1372.6387
1,1373.4374
1,1374.1035
1,1375.1406
1,1375.4579
0,1375.6602
0,1376.4185
0,1377.4259
0,1378.4305
0,1378.6831
0,1379.9412
1,1379.996
0,1380.1932
0,1380.698
0,1381.458
0,1381.7076
0,1382.212
0,1382.4642
1,1382.7874
0,1383.2183
1,1384.3062
1,1385.2842
1,1385.9723
0,1387.7517
0,1388.0034
1,1405.5895
1,1406.6986
0,1406.848
0,1407.352
0,1408.1062
0,1408.3577
1,1408.4554
1,1409.5225
0,1410.8779
0,1411.129
0,1411.6321
0,1412.135
0,1412.3868
0,1412.8906
0,1414.1466
1,1415.3394
0,1416.2966
1,1416.3002
1,1416.9886
0,1417.5575
0,1418.0632
1,1418.3022
0,1418.3159
1,1418.7361
1,1419.337
1,1419.7567
1,1420.2043
0,1421.8411
0,1422.8467
0,1423.0974
0,1423.3488
0,1425.7333
1,1425.7341
1,1426.1395
0,1426.9893
1,1426.9901
0,1427.2411
1,1427.6765
1,1430.7218
0,1431.5189
1,1431.7393
0,1432.0245
1,1432.1733
1,1434.2448
0,1434.2947
1,1434.7413
0,1434.798
1,1435.572
0,1437.2667
1,1437.2676
1,1438.0391
2,1438.4734
1,1451.9072
0,1453.1646
0,1453.6688
0,1454.1731
0,1454.6771
1,1454.8281
0,1457.2003
0,1457.4523
0,1458.9625
0,1459.9695
0,1461.2653
1,1461.266
1,1461.6561
1,1462.5388
0,1463.2776
0,1463.781
0,1464.2856
1,1464.3899
1,1465.3885
1,1465.9716
1,1466.6063
0,1469.3262
0,1469.83
1,1471.589
1,1471.9395
1,1474.456
1,1475.674
0,1478.6418
1,1478.8907
0,1479.1451
1,1479.3925
0,1480.4017
0,1480.6543
0,1480.9077
0,1481.66
1,1481.661
0,1482.1616
1,1482.4075
0,1482.4124
0,1482.6642
0,1482.9144
0,1483.1666
0,1484.4263
0,1484.6785
0,1484.931
0,1486.4393
0,1488.7085
0,1488.9595
0,1489.2117
1,1489.5562
0,1490.4722
1,1490.5557
0,1490.7228
1,1490.8889
0,1491.226
0,1491.731
0,1493.2444
0,1493.7465
0,1493.9973
0,1494.4989
0,1496.7474
1,1496.7487
1,1497.1223
1,1512.5577
0,1513.6069
1,1514.1913
0,1514.361
0,1514.6119
0,1514.8636
0,1515.1161
1,1515.6342
1,1517.309
0,1518.138
1,1518.258
1,1519.1079
0,1519.4001
1,1519.4814
1,1519.7303
1,1521.1241
1,1521.6979
1,1522.6084
1,1524.3766
0,1525.3848
0,1525.6351
1,1525.7924
1,1526.8232
1,1527.2593
0,1528.6577
0,1529.6675
1,1529.7917
0,1530.4227
0,1530.6744
0,1530.9255
0,1531.178
0,1532.1835
1,1532.9072
0,1532.9407
0,1533.1917
1,1533.3097
1,1533.9076
0,1534.4475
1,1534.4735
0,1534.6985
0,1535.2041
1,1535.5793
0,1536.7188
0,1536.971
0,1537.4741
0,1537.7258
0,1537.977
0,1541.4875
1,1541.4885
1,1543.6764
1,1545.2081
0,1546.2827
0,1546.5345
0,1546.787
0,1547.0392
1,1547.3068
0,1547.7961
0,1548.3007
1,1548.5066
1,1549.791
0,1554.8523
0,1555.8613
1,1556.3147
0,1557.1188
2,1558.0454
0,1563.4789
1,1563.9268
1,1565.9904
0,1566.752
0,1567.508
1,1567.6578
0,1568.2635
0,1569.0182
0,1569.2701
0,1569.5211
0,1570.4542
1,1570.6758
1,1581.0775
1,1581.9421
0,1582.3395
0,1582.8439
0,1583.5994
0,1583.8524
0,1589.1406
0,1589.3928
0,1589.897
0,1590.1486
0,1591.1547
0,1591.6573
0,1592.411
1,1592.5687
0,1593.5266
1,1593.5273
1,1594.4479
1,1595.3076
1,1597.0243
1,1598.241
0,1600.0702
0,1600.5746
0,1600.8263
0,1601.329
1,1601.8328
1,1602.7607
1,1602.9799
1,1608.9452
1,1609.6261
0,1610.2035
1,1612.0487
1,1613.4268
1,1614.8936
1,1615.3582
1,1616.3434
1,1617.3435
0,1619.2666
0,1619.5172
0,1620.3239
1,1620.325
1,1620.4092
0,1621.584
0,1622.0878
1,1622.2592
1,1623.8055
0,1624.1062
1,1624.5304
0,1625.3695
0,1625.6204
0,1625.8735
0,1626.378
0,1626.8835
0,1627.8916
0,1628.6482
1,1630.3524
1,1632.2944
1,1633.2095
0,1636.4596
0,1636.9648
1,1637.2623
1,1637.7499
2,1639.1906
0,1643.4875
1,1644.344
0,1644.4927
0,1644.7437
0,1645.2461
0,1645.498
0,1646.0023
0,1646.255
0,1646.508
0,1647.2642
0,1647.5172
0,1648.0211
0,1648.274
0,1648.5266
0,1649.2826
0,1650.0387
0,1650.5443
0,1651.5039
1,1651.505
0,1652.7123
0,1652.9657
0,1653.4694
0,1653.722
0,1653.9731
0,1654.2244
0,1654.4752
0,1654.7275
1,1655.2612
0,1655.7336
0,1656.2385
0,1657.2473
1,1657.3116
0,1657.4998
1,1658.7286
0,1660.0261
1,1660.9005
0,1661.289
0,1661.7913
0,1662.2968
1,1662.3955
0,1664.0607
0,1664.8182
0,1665.322
0,1665.8258
1,1666.6263
1,1668.4432
1,1670.0446
0,1670.6119
0,1671.3687
1,1673.4081
1,1688.3944
1,1688.7601
1,1689.4773
0,1689.8997
1,1690.1957
0,1690.9078
1,1691.1617
0,1691.4121
1,1691.7108
1,1692.261
1,1692.8104
1,1693.1765
1,1693.4119
1,1694.1487
0,1696.3481
1,1696.4124
1,1696.6953
0,1697.1053
0,1697.3577
0,1697.6117
1,1700.078
1,1700.7625
0,1701.1417
0,1701.8962
1,1702.1912
1,1702.3634
1,1702.7787
1,1703.6105
1,1703.9772
1,1704.2615
1,1704.5278
1,1704.962
1,1706.1823
0,1716.5142
1,1717.3529
0,1717.521
0,1722.5557
0,1722.8069
0,1723.059
0,1723.8142
0,1724.0657
0,1725.3262
0,1725.5795
1,1725.7784
0,1726.0834
0,1726.3352
0,1726.5852
0,1727.3402
0,1727.8451
0,1728.3468
0,1728.5979
0,1729.3519
0,1729.6049
0,1729.8558
0,1730.3606
1,1731.8165
2,1732.2941
1,1746.1617
0,1746.773
0,1748.1027
0,1748.8539
0,1749.3597
1,1751.8815
0,1753.3905
1,1753.5306
0,1754.1443
1,1754.2119
0,1754.9005
1,1755.3958
0,1755.4036
1,1756.2117
0,1756.6658
0,1757.4238
1,1757.5145
0,1757.9279
1,1758.9678
1,1780.6855
1,1781.1759
0,1781.9484
1,1782.2156
0,1782.7015
1,1782.8157
1,1783.3644
0,1783.4579
0,1783.7097
1,1783.9292
0,1784.2136
1,1784.8328
0,1785.476
1,1786.4767
0,1786.4844
0,1786.9877
0,1787.2388
1,1788.6312
1,1793.8088
1,1794.7156
0,1795.0725
1,1795.164
0,1795.3245
1,1796.9156
1,1797.4973
1,1798.2805
1,1798.9675
1,1799.4777
0,1800.104
0,1800.6077
0,1801.3616
1,1801.8732
0,1802.1251
0,1802.8828
0,1803.3866
0,1804.142
1,1804.7302
1,1805.1495
1,1805.9824
0,1806.1581
0,1806.661
1,1806.7825
1,1814.8451
1,1815.3643
1,1815.9358
0,1816.7048
0,1817.9662
1,1818.1241
1,1818.397
0,1818.7233
0,1818.9766
0,1819.4811
0,1820.236
1,1820.4978
1,1821.382
1,1823.1991
0,1824.2721
0,1824.5255
0,1825.0283
0,1825.5327
0,1828.4531
1,1828.4541
0,1842.698
0,1843.4542
0,1843.7086
1,1845.8927
1,1847.7015
0,1848.2405
0,1848.4938
0,1848.9966
0,1849.4998
1,1850.6013
0,1850.7595
0,1851.2657
1,1851.6815
0,1852.5269
1,1852.9988
1,1853.9172
0,1854.7936
0,1855.8011
0,1856.5562
1,1865.0125
0,1866.2711
0,1866.5227
1,1868.2074
1,1869.466
1,1869.8983
1,1870.4835
1,1870.8489
0,1871.0557
1,1871.6656
0,1871.8086
0,1872.5623
0,1873.3239
1,1879.5836
0,1879.679
1,1880.4836
0,1880.9397
1,1882.1825
1,1882.6847
1,1883.2317
1,1883.7247
0,1884.7218
1,1884.741
0,1884.9728
0,1885.2238
0,1885.4758
0,1886.739
1,1888.0026
1,1888.5067
0,1888.7029
0,1889.2069
0,1889.4595
0,1889.7114
1,1889.9828
1,1890.8663
1,1891.5671
0,1891.9802
0,1892.4852
1,1892.5507
0,1892.7388
0,1894.5029
0,1895.0063
1,1898.4392
0,1899.6986
1,1901.3865
0,1902.7242
0,1903.227
1,1903.418
0,1903.7329
0,1904.2368
0,1904.9957
1,1905.1674
0,1905.4988
1,1906.249
0,1910.5398
0,1911.0446
0,1911.5502
1,1911.9366
0,1912.3044
0,1912.5563
0,1913.3848
2,1913.3851
0,1932.0654
1,1932.2354
1,1932.7456
0,1933.0719
1,1934.0197
0,1934.0806
0,1934.3337
1,1934.6696
1,1935.2521
1,1935.4357
1,1937.7086
1,1938.0676
0,1938.9705
0,1939.2224
1,1940.6047
1,1941.8676
0,1943.2456
0,1944.0001
0,1944.5032
0,1945.0074
1,1945.2909
0,1945.512
0,1946.2675
0,1946.7723
1,1947.5781
1,1947.9368
1,1948.7866
0,1948.8365
0,1949.0894
0,1950.1006
1,1950.27
0,1950.6042
0,1950.8562
1,1951.0027
1,1951.3474
1,1952.2344
1,1952.8514
0,1952.8678
1,1953.5867
0,1955.3859
0,1955.8896
0,1956.1418
1,1958.9373
0,1959.5721
1,1971.7056
0,1972.9653
0,1973.4686
0,1973.9736
0,1974.2261
0,1974.4775
1,1974.8533
0,1977.9976
0,1978.5022
0,1978.7537
0,1979.7642
0,1980.2681
0,1981.5276
0,1982.0302
0,1982.9366
1,1982.9377
1,1983.8208
1,1984.104
0,1984.6979
0,1985.7029
0,1985.9567
0,1986.962
1,1987.0332
1,1987.1871
0,1987.213
1,1987.3269
1,1987.9365
0,1988.2181
1,1988.8716
0,1989.2266
0,1989.7307
0,1990.2338
1,1990.3694
0,1991.2378
0,1991.994
0,1995.7745
1,1995.7756
1,1996.3195
1,1996.8044
1,1998.5123
1,1999.587
1,2000.2212
0,2001.0593
1,2001.454
1,2001.6364
1,2002.0204
1,2002.6359
1,2003.6747
1,2004.1766
0,2005.0859
0,2007.1029
1,2007.2395
0,2007.3551
1,2007.3638
0,2009.1166
1,2009.1174
2,2009.2699
1,2021.3391
0,2023.1019
0,2023.3545
0,2023.606
0,2025.3689
0,2026.6284
0,2027.887
0,2028.893
0,2030.6578
0,2031.4128
0,2031.6655
0,2032.1691
0,2032.6759
0,2032.9287
0,2033.4325
1,2034.448
1,2035.6218
0,2035.7085
0,2036.2112
1,2036.2546
0,2036.4646
0,2037.7206
0,2038.7273
0,2038.979
1,2039.307
0,2039.4832
0,2041.2444
1,2041.458
0,2044.465
1,2044.4662
0,2045.4741
0,2045.7264
0,2045.9789
1,2046.1042
0,2048.4954
1,2061.6404
0,2063.1497
0,2063.4006
0,2063.6545
1,2064.7727
1,2067.6396
0,2069.202
0,2069.454
0,2070.2102
0,2070.7136
0,2071.2178
0,2074.7463
0,2075.0
0,2075.5022
0,2075.7532
0,2076.0051
1,2077.6746
1,2078.0732
0,2078.1926
0,2078.9497
1,2079.1406
0,2079.2026
1,2079.9739
0,2080.4622
0,2080.7131
1,2080.722
0,2081.2146
1,2081.389
0,2082.4739
1,2083.4907
0,2083.7317
0,2083.9827
1,2086.5479
1,2086.6572
0,2087.8057
0,2088.0571
1,2088.6357
1,2089.44
1,2090.3005
0,2090.8284
0,2091.33
0,2092.0857
0,2092.5881
0,2092.839
0,2093.091
1,2094.333
0,2094.6042
0,2095.1099
0,2095.6147
0,2095.867
0,2096.6218
1,2097.957
0,2098.1348
1,2098.5066
1,2099.4404
1,2100.3865
1,2100.8748
1,2101.3645
0,2108.2427
1,2108.8916
0,2109.503
0,2110.2605
1,2110.4236
1,2110.9546
0,2111.267
0,2111.5198
1,2112.4763
0,2112.5256
1,2112.8364
0,2113.281
0,2113.5334
0,2115.5474
1,2115.5947
1,2115.7056
1,2117.3308
2,2117.7942
0,2123.4944
1,2123.4958
1,2124.6243
0,2125.2595
0,2125.764
0,2126.0166
0,2126.7715
0,2127.7776
0,2128.282
1,2129.0066
0,2129.0364
1,2129.3545
0,2129.5405
1,2129.591
1,2130.0728
0,2130.2969
0,2130.5483
0,2130.8003
0,2131.5544
0,2135.075
0,2135.836
0,2136.5933
1,2137.0771
1,2151.5251
1,2152.2356
1,2153.4734
1,2154.29
1,2154.5251
1,2155.44
1,2156.2244
0,2156.5635
0,2157.0667
1,2158.0422
0,2159.5854
0,2160.089
0,2162.9175
1,2162.9185
1,2163.124
0,2164.177
1,2164.425
0,2164.4302
1,2165.792
1,2166.1782
1,2167.7593
1,2168.2085
1,2168.5571
0,2169.7292
0,2169.9814
0,2171.2383
0,2171.763
1,2171.861
0,2172.0137
0,2173.2756
1,2174.1423
1,2174.4785
1,2175.1748
1,2176.4585
0,2176.5486
1,2177.158
0,2178.8198
0,2182.0105
1,2182.4082
0,2183.0159
0,2196.0027
0,2196.506
1,2198.548
1,2200.4934
1,2201.4417
1,2202.2083
0,2202.299
0,2203.0571
0,2203.3096
1,2205.2297
0,2207.421
1,2207.4219
0,2207.9243
1,2207.9934
1,2208.4688
0,2208.6814
1,2208.8425
1,2209.3596
1,2210.2776
0,2210.4414
0,2210.6934
1,2211.942
0,2212.456
1,2212.8264
1,2215.0593
0,2215.733
0,2216.4888
1,2220.8616
0,2222.5952
1,2222.5962
1,2233.2625
0,2235.53
0,2235.7834
1,2235.9941
0,2236.034
0,2239.8113
0,2241.074
0,2241.5784
0,2242.0823
0,2242.3357
1,2242.8115
0,2243.09
1,2245.5452
1,2246.09
1,2246.5947
1,2247.4138
0,2247.6245
0,2248.3796
0,2249.1348
0,2249.8904
0,2250.3955
0,2250.6477
1,2253.6384
0,2255.149
1,2255.7942
1,2257.4443
0,2258.6704
1,2258.8792
0,2259.174
0,2259.9312
1,2259.9768
0,2260.436
1,2261.9443
0,2262.2004
0,2266.734
0,2267.235
0,2267.4888
1,2268.5312
0,2269.826
1,2269.8271
2,2270.4114
2,2274.4265
1,2287.9622
0,2288.179
0,2288.4316
0,2289.1863
0,2289.4385
0,2293.4763
0,2294.2327
0,2294.7354
0,2294.9863
0,2295.4907
0,2296.5012
1,2296.6128
0,2296.7517
1,2297.98
1,2298.5798
0,2299.0186
1,2299.2122
0,2299.2712
1,2299.6802
0,2299.7744
0,2300.279
0,2301.2854
0,2301.7893
0,2302.0403
0,2302.2932
1,2304.8672
0,2305.1167
0,2305.872
0,2306.1245
1,2306.2292
1,2306.6953
1,2308.414
0,2308.642
1,2308.7798
0,2310.9116
0,2311.1628
1,2311.735
0,2311.919
0,2312.4229
0,2313.18
0,2313.6848
0,2313.9358
1,2315.1294
0,2315.1975
0,2315.45
1,2315.705
1,2316.33
0,2318.9756
0,2319.2273
1,2335.3792
0,2337.4688
0,2337.7195
1,2337.796
1,2341.6655
0,2341.7534
0,2342.2576
0,2342.7595
0,2343.011
1,2343.085
0,2343.7654
1,2344.0762
0,2345.0254
1,2369.3486
0,2370.3044
1,2370.5142
0,2371.8145
1,2372.1804
1,2372.7646
0,2373.579
1,2373.7808
0,2373.8308
1,2375.5981
1,2376.7156
1,2378.8418
1,2379.0493
1,2380.6987
0,2380.8608
0,2383.884
1,2387.068
1,2388.1487
1,2388.8494
1,2390.6658
0,2390.677
1,2391.1316
0,2392.945
0,2393.45
0,2394.5593
1,2394.5605
1,2395.1646
1,2395.7815
0,2395.818
0,2396.0686
1,2396.1638
0,2396.3203
0,2396.5725
0,2397.0767
1,2397.1157
1,2397.6326
0,2398.0825
0,2398.5872
0,2399.8467
0,2400.3506
1,2400.6833
0,2400.8542
0,2401.1057
0,2401.8613
0,2402.867
1,2403.065
0,2403.1194
1,2403.7825
0,2403.875
0,2404.3784
0,2404.6296
1,2405.4485
0,2407.8994
0,2408.1519
0,2408.4043
0,2408.9082
0,2409.1597
0,2415.3591
1,2415.952
1,2428.4534
1,2428.699
0,2430.2148
0,2430.716
0,2430.9683
0,2431.219
1,2432.2341
0,2434.9993
0,2435.5027
0,2436.0083
0,2436.7664
0,2437.019
0,2437.271
1,2441.55
0,2442.4587
1,2442.8838
0,2442.9639
0,2443.216
0,2443.7205
0,2443.975
1,2444.9346
1,2445.4985
0,2446.502
1,2446.5806
0,2446.7527
0,2447.506
1,2447.9429
0,2448.512
0,2448.7634
0,2449.518
0,2450.0198
0,2450.5222
1,2451.366
0,2451.5288
1,2451.6836
1,2452.0176
1,2453.0168
1,2453.7014
0,2454.3003
0,2454.5522
0,2454.8044
1,2458.6196
1,2460.3845
1,2461.999
1,2463.7778
0,2464.1597
0,2464.9153
1,2465.6997
1,2466.5515
0,2466.9297
1,2467.24
0,2467.6853
0,2468.189
1,2468.2505
0,2469.199
0,2469.7046
0,2470.2092
0,2470.7124
0,2470.9639
0,2471.2156
1,2471.2358
0,2471.468
1,2472.0515
0,2472.2236
0,2473.3354
2,2473.3357
1,2489.7874
1,2492.1333
0,2494.2942
0,2495.5508
0,2495.8035
1,2495.8262
0,2497.3145
1,2498.068
0,2498.5735
0,2498.8254
0,2499.8335
0,2500.086
0,2501.5962
0,2502.297
1,2502.2983
0,2502.5496
1,2502.6343
1,2502.9185
0,2503.0527
0,2503.5562
1,2503.7175
0,2503.8079
0,2504.312
0,2504.564
1,2505.0017
1,2505.2979
1,2505.5361
1,2505.9336
0,2506.0752
0,2506.5771
1,2506.8015
0,2507.0815
0,2507.3318
1,2507.4678
0,2508.5933
0,2509.0972
0,2509.3484
0,2509.5999
1,2513.1042
0,2514.1123
1,2514.4185
1,2514.784
1,2516.8694
0,2518.1448
0,2518.6484
1,2519.1812
0,2519.912
0,2521.1743
0,2521.4268
0,2521.6794
1,2522.853
0,2523.1902
0,2523.443
1,2523.5315
1,2523.9602
1,2524.5164
1,2524.9717
0,2525.4636
1,2525.581
1,2526.0935
0,2526.472
1,2526.6362
0,2526.723
0,2526.9739
1,2527.3699
0,2527.7278
1,2528.052
0,2528.4827
0,2529.7412
1,2529.8523
0,2530.2441
1,2530.9531
1,2532.753
0,2533.768
0,2534.2727
1,2538.5007
0,2544.4998
1,2544.5037
1,2544.8345
0,2545.0017
1,2545.0864
1,2545.3076
0,2545.7576
0,2546.2607
1,2547.4084
0,2547.7744
1,2548.2612
0,2548.7854
0,2549.0378
1,2549.104
0,2549.2898
0,2549.5417
0,2550.0454
0,2550.548
0,2551.0535
1,2551.1858
0,2553.0647
0,2553.821
0,2554.5789
1,2554.7097
1,2555.2908
0,2558.8584
1,2558.9634
1,2559.346
1,2575.8035
1,2576.6533
0,2577.2202
1,2577.3706
1,2577.9863
0,2578.4785
1,2578.9868
1,2582.6877
0,2582.9087
0,2583.4116
0,2583.6626
0,2584.4182
0,2586.1843
0,2586.688
0,2586.9395
0,2587.9446
0,2589.4543
0,2594.2388
0,2595.7527
1,2597.222
0,2597.5156
1,2598.5073
0,2611.4001
0,2611.905
0,2612.1558
0,2612.4084
0,2615.684
0,2616.4387
0,2616.9438
0,2618.4531
0,2618.705
1,2618.7583
0,2619.7136
0,2621.2246
0,2621.4775
1,2621.7947
0,2622.735
0,2622.986
1,2623.1243
0,2623.2378
1,2624.1873
1,2624.5544
1,2625.6235
0,2626.2593
0,2627.017
0,2627.7712
0,2628.5264
1,2631.401
1,2632.7388
1,2633.4863
1,2635.606
0,2635.932
0,2636.4348
1,2636.7896
1,2638.5208
1,2639.339
1,2640.0242
0,2640.461
0,2646.506
0,2647.0085
0,2647.5107
0,2648.2664
2,2649.5664
1,2664.0713
1,2664.2554
0,2665.5835
0,2665.8367
0,2666.842
0,2670.8723
0,2671.3757
0,2671.6267
0,2672.1309
0,2672.6353
0,2673.3896
0,2673.642
0,2675.408
0,2675.6614
0,2675.9136
0,2676.1653
0,2676.9214
1,2677.7522
1,2678.359
1,2678.6555
0,2679.0115
0,2679.5146
1,2679.5742
1,2679.9219
0,2680.0176
0,2680.268
1,2680.474
0,2683.0405
0,2684.299
0,2685.054
0,2685.3054
1,2688.132
1,2688.224
0,2689.1372
0,2689.3894
1,2690.6257
1,2691.5403
0,2692.6655
0,2693.4185
0,2694.1716
1,2694.3723
0,2694.9272
1,2695.1414
0,2695.1802
1,2696.384
0,2696.9465
0,2697.45
0,2697.955
0,2698.2078
1,2698.7395
0,2699.468
0,2699.7214
1,2699.808
1,2700.3079
0,2703.7515
0,2704.0034
1,2705.7432
0,2709.803
0,2710.0535
0,2711.5657
0,2712.322
0,2712.8252
1,2713.2048
0,2714.0845
1,2714.3406
0,2716.599
0,2716.8499
0,2717.1013
0,2717.3545
0,2717.6067
1,2731.2424
0,2732.1064
1,2732.507
0,2733.112
0,2736.8938
0,2737.1445
0,2737.6477
0,2738.1523
1,2738.1965
1,2738.346
0,2738.655
0,2739.4114
0,2739.9138
0,2743.8738
0,2745.3855
0,2745.6375
0,2745.889
0,2746.642
0,2748.404
0,2749.4114
0,2750.3003
1,2750.3015
0,2750.8042
0,2751.3076
0,2752.5703
0,2753.0718
0,2753.324
0,2753.575
0,2753.8267
0,2755.3367
1,2756.3914
0,2759.8708
0,2760.123
0,2760.8762
1,2761.5337
1,2765.6
1,2766.2095
0,2766.8552
0,2767.1074
1,2768.1003
0,2768.6238
1,2768.676
1,2769.8457
0,2770.8933
0,2771.3975
1,2771.9333
0,2772.1526
0,2772.656
0,2772.9087
0,2773.4138
1,2774.1758
0,2775.426
1,2775.4912
0,2776.4343
1,2776.5754
0,2777.189
1,2777.3254
1,2777.6003
1,2778.0112
1,2778.2395
1,2778.5088
1,2781.0627
1,2781.4097
2,2782.9353
0,2795.5212
0,2796.5278
0,2796.781
0,2797.033
1,2798.5745
1,2798.9097
1,2800.2434
1,2800.609
1,2801.042
0,2801.315
1,2801.907
0,2802.0708
1,2802.2646
0,2802.826
0,2803.8384
0,2804.343
0,2804.8457
0,2805.3474
1,2805.4553
0,2805.5999
1,2806.0276
0,2806.8567
1,2807.7754
1,2807.9585
1,2808.5095
1,2809.1763
1,2809.6704
1,2810.6091
0,2810.8857
0,2811.6433
0,2812.3982
0,2812.6519
1,2815.7322
1,2817.1604
1,2817.9329
1,2818.4739
1,2819.9778
0,2821.2725
1,2821.4268
0,2821.7747
0,2822.0276
0,2822.2783
1,2822.6611
0,2822.781
1,2823.042
1,2824.026
1,2830.1133
0,2830.3367
0,2831.7708
2,2831.771
1,2845.5608
0,2845.676
0,2846.1782
1,2846.311
0,2846.429
0,2846.68
1,2847.1433
1,2847.4124
0,2847.6877
1,2848.1775
0,2848.191
0,2848.6946
1,2849.0771
0,2849.198
0,2849.703
1,2850.1606
0,2850.4592
1,2850.7603
1,2851.2615
1,2851.6667
1,2852.428
1,2854.2124
1,2855.3577
1,2855.8225
0,2857.506
1,2857.9783
0,2859.3782
1,2859.3796
1,2859.6287
0,2860.1335
0,2861.649
1,2861.9282
1,2862.4963
0,2863.4163
0,2863.6685
1,2863.8433
0,2864.6772
1,2864.7454
0,2865.4353
1,2865.7603
1,2866.1965
0,2866.4424
0,2866.6958
1,2866.71
1,2867.512
0,2867.7039
0,2868.2063
0,2868.962
1,2869.034
1,2869.6208
0,2869.717
1,2870.225
0,2871.7356
0,2872.49
1,2872.9268
0,2872.993
0,2873.2454
0,2873.7488
0,2874.5037
0,2874.7559
0,2875.006
0,2875.258
0,2875.509
0,2876.0134
0,2876.2646
0,2876.516
0,2876.7664
0,2877.2678
0,2877.7737
2,2878.5967
1,2890.799
0,2892.062
0,2892.564
0,2892.817
0,2893.0688
0,2893.3208
1,2893.3452
0,2897.1035
0,2897.6074
0,2898.3618
0,2899.1172
0,2899.6199
0,2900.123
0,2900.3762
1,2900.865
0,2901.1328
1,2901.3965
0,2901.6355
0,2902.1387
1,2902.5388
0,2902.644
0,2903.9048
0,2904.156
0,2904.4075
1,2904.4146
1,2905.0928
1,2905.845
1,2906.6448
0,2908.4424
0,2908.6956
0,2909.7036
1,2911.7476
1,2913.3127
1,2913.8162
1,2916.2617
1,2916.7952
1,2917.5024
0,2918.5461
1,2919.3643
0,2920.0566
0,2920.5586
1,2930.7302
1,2932.3306
1,2933.4138
1,2933.7173
0,2934.0718
1,2934.7117
0,2935.3289
1,2935.5479
0,2936.0837
1,2936.2305
0,2936.3354
1,2937.047
1,2938.2642
1,2943.9946
1,2947.7476
0,2948.072
0,2949.0796
0,2949.3325
0,2949.8347
0,2950.0852
1,2950.2124
0,2950.839
0,2953.8662
1,2954.1167
0,2954.623
0,2954.8738
1,2954.9104
0,2956.8901
0,2957.142
1,2957.3315
0,2957.3955
0,2957.6484
1,2957.864
0,2958.1538
0,2958.6562
0,2958.9094
0,2959.1614
0,2959.414
1,2959.4863
1,2959.7869
0,2959.9202
1,2960.7961
0,2960.924
0,2961.426
1,2961.4634
0,2962.181
1,2962.4136
0,2962.4333
0,2963.1873
0,2963.9421
0,2964.4463
0,2965.2026
1,2967.1826
1,2967.9648
1,2968.415
1,2969.8135
1,2970.6501
0,2973.759
0,2976.2812
1,2987.4607
0,2989.7234
0,2989.9773
1,2992.6826
1,2993.0325
1,2994.0813
1,2994.7046
0,2995.0125
1,2995.247
0,2995.769
1,2995.9976
0,2996.02
0,2997.2827
0,2997.7874
0,2999.101
0,2999.8577
1,2999.9692
1,3000.5103
1,3001.0303
0,3001.1216
0,3001.374
1,3001.598
1,3002.0813
1,3002.78
1,3003.1643
1,3003.697
0,3004.1462
0,3004.6516
0,3005.1533
0,3006.1611
0,3006.6643
1,3015.118
1,3015.7078
0,3016.3752
1,3016.4304
0,3016.6262
0,3017.3818
0,3019.2314
1,3019.2324
1,3019.898
0,3020.4927
1,3020.6318
0,3020.7434
1,3020.8147
1,3021.514
0,3022.5093
0,3022.7617
0,3023.517
1,3023.7476
0,3024.0208
0,3024.2715
0,3025.0283
1,3025.4666
0,3025.5305
0,3025.7825
1,3025.9846
0,3026.0344
1,3026.5825
1,3027.0981
0,3027.2952
1,3027.8494
0,3028.0537
1,3028.1826
0,3029.3132
1,3032.2656
1,3036.1584
0,3037.4155
1,3037.6318
2,3038.3823
0,3052.696
0,3053.201
0,3053.7046
0,3053.957
1,3057.218
0,3057.9878
0,3058.4912
0,3058.9927
0,3059.497
1,3060.0244
1,3060.7993
1,3061.2498
0,3061.5125
1,3061.6824
1,3062.3098
1,3062.9158
1,3063.5835
0,3064.788
0,3065.2913
0,3065.5432
0,3065.7942
0,3066.5479
1,3074.5469
0,3075.8027
0,3076.3064
0,3077.0654
0,3078.9062
1,3078.9077
1,3079.15
0,3080.1665
0,3080.4185
1,3080.8682
1,3081.4868
0,3082.6863
0,3083.1917
1,3083.4524
0,3083.6968
1,3083.8752
0,3084.2007
1,3085.2085
1,3085.9182
0,3086.2144
0,3086.4663
1,3086.6062
1,3086.7512
0,3086.971
0,3087.4749
1,3087.9014
0,3087.979
1,3088.1846
1,3088.4333
1,3089.099
0,3091.0007
0,3091.2527
1,3091.6182
1,3095.4695
0,3095.7212
0,3096.4795
1,3096.6494
1,3099.3508
1,3100.0273
0,3100.2563
0,3100.7625
1,3101.1587
0,3101.266
0,3103.5347
0,3103.786
1,3104.5684
1,3105.1538
0,3105.2996
1,3105.9172
0,3106.3098
0,3108.3254
0,3108.577
0,3109.079
1,3109.252
0,3109.3296
1,3109.7576
1,3110.4985
0,3110.5898
1,3111.0493
0,3111.5972
0,3112.101
0,3112.3525
1,3113.6187
0,3114.117
1,3114.2505
1,3115.9663
0,3116.8914
0,3117.1416
0,3117.646
0,3123.9146
1,3123.9158
0,3127.9075
1,3128.1523
0,3128.6643
0,3129.1677
0,3129.6711
0,3130.4285
0,3130.9346
0,3131.4392
0,3131.9436
0,3133.2021
0,3133.9587
0,3134.2097
0,3135.2163
0,3135.468
0,3135.7183
0,3135.9707
0,3137.233
1,3137.6511
1,3138.5186
0,3138.7473
0,3140.5103
0,3140.761
0,3141.0117
0,3143.5322
1,3144.6167
1,3145.1694
0,3147.3103
1,3147.4858
0,3148.0654
0,3148.8215
0,3149.5752
0,3150.0786
1,3151.018
0,3151.3406
0,3152.3489
1,3152.6355
0,3152.852
1,3153.4688
0,3155.1238
0,3156.1301
0,3156.3813
0,3156.6338
1,3157.1194
0,3158.3936
0,3161.163
0,3161.414
0,3161.6653
1,3161.6875
0,3162.1694
0,3163.6848
0,3164.8652
1,3177.4014
1,3177.8516
0,3178.1301
0,3178.3828
1,3178.5522
0,3178.6353
1,3179.385
1,3180.103
1,3180.6858
0,3181.4102
1,3181.5513
0,3181.6626
1,3182.2036
0,3182.4163
1,3182.902
1,3183.3508
1,3183.6416
1,3183.9697
1,3186.1692
1,3186.584
1,3188.1682
0,3188.725
1,3189.6365
0,3189.9844
0,3190.489
0,3190.993
0,3191.497
1,3191.8008
1,3192.8845
0,3194.52
0,3194.772
0,3195.2766
0,3195.528
1,3198.0293
1,3198.3367
1,3199.4849
1,3200.7031
1,3200.9868
0,3202.3064
1,3202.768
1,3203.4243
0,3204.0725
1,3204.1348
0,3205.0784
0,3205.5842
0,3205.8381
0,3207.0989
1,3216.0393
1,3216.553
0,3217.3015
1,3217.4866
1,3218.2349
0,3218.308
1,3218.6877
0,3218.81
1,3219.1526
1,3219.6365
1,3220.0723
0,3220.3186
1,3220.536
0,3221.3245
1,3221.3704
0,3221.8286
0,3222.0806
0,3222.331
1,3222.4988
0,3222.582
0,3223.0867
1,3223.8372
1,3226.781
1,3227.9207
1,3229.1199
1,3230.9832
1,3232.9517
0,3233.0786
0,3234.3396
0,3234.8591
1,3234.8604
0,3235.8667
0,3236.1182
1,3236.4204
1,3236.7358
1,3237.0022
1,3237.8042
1,3237.9526
1,3238.62
1,3239.137
1,3240.386
0,3246.0972
0,3246.8545
0,3247.1072
0,3247.3599
1,3247.7583
1,3249.2751
1,3249.827
0,3249.8835
0,3250.1365
0,3250.6382
1,3250.8203
0,3250.8896
0,3251.142
0,3251.395
1,3251.9866
0,3252.1516
1,3252.5186
0,3252.6538
1,3252.8037
1,3253.147
1,3253.5051
1,3253.9526
1,3254.3862
1,3254.8367
1,3255.124
0,3256.679
0,3257.1843
0,3257.4348
0,3257.6873
1,3259.9568
0,3263.7563
1,3263.758
1,3264.7031
0,3265.0164
0,3265.5208
0,3266.2754
0,3266.5278
0,3267.534
0,3267.785
0,3268.036
0,3268.2878
0,3269.0454
0,3269.8008
0,3270.051
0,3270.3025
0,3270.5537
0,3271.058
0,3272.0679
0,3272.321
0,3272.8267
0,3273.33
0,3273.583
0,3273.835
1,3273.9736
0,3274.3374
0,3274.5881
1,3275.0598
2,3275.2354
0,3287.1296
1,3287.6208
1,3288.5364
1,3288.97
1,3289.3374
1,3290.5532
1,3291.0203
0,3291.1565
1,3292.5789
0,3294.1873
0,3294.692
1,3297.5703
0,3298.6584
0,3298.9114
0,3299.6692
1,3299.8872
1,3300.437
0,3301.6829
1,3302.1877
1,3303.254
0,3303.6995
0,3304.2031
0,3304.4539
0,3305.7114
0,3306.53
1,3306.5312
1,3307.1077
0,3307.286
1,3307.389
0,3307.789
0,3308.0403
0,3309.0469
1,3309.5212
0,3309.5527
0,3310.308
1,3310.8225
1,3311.538
1,3312.0044
1,3312.2717
1,3312.443
0,3312.5747
0,3313.079
0,3313.3308
1,3313.6218
0,3314.34
0,3314.8464
0,3315.8535
0,3321.8994
0,3322.151
0,3322.6526
0,3323.4067
0,3323.9094
0,3324.4128
0,3324.6658
0,3325.4204
0,3326.1765
1,3327.0408
0,3327.69
0,3328.951
0,3329.2031
0,3331.2195
0,3332.4062
1,3332.4075
0,3333.4146
1,3334.0044
1,3334.5393
1,3335.6584
0,3335.9368
1,3338.0208
0,3338.4595
0,3338.9636
0,3339.7173
0,3340.4717
0,3340.7234
0,3341.227
1,3341.5508
0,3341.731
0,3341.9836
1,3342.033
0,3342.2368
1,3342.6233
0,3343.245
0,3344.001
0,3344.2517
1,3344.2727
1,3344.6055
1,3345.5056
0,3346.0168
1,3346.4795
1,3346.9304
1,3347.3853
0,3347.5295
1,3347.8406
0,3348.0334
0,3348.2866
1,3348.2964
1,3348.7512
0,3352.522
1,3352.788
1,3377.539
0,3378.46
1,3378.5244
0,3378.9648
0,3379.216
1,3379.777
1,3380.1345
0,3380.7273
1,3380.9746
0,3381.732
1,3381.7563
0,3382.4866
0,3382.9917
1,3383.1077
0,3385.3486
1,3385.506
0,3385.5989
0,3386.3542
0,3386.6055
0,3387.3594
1,3388.2751
1,3388.7554
1,3390.2913
1,3390.4402
0,3391.1462
0,3391.6487
0,3392.4053
1,3392.5735
0,3392.908
0,3393.1597
1,3393.5042
1,3393.958
0,3394.6707
1,3394.6748
0,3395.6785
1,3396.1733
1,3396.606
1,3397.3904
1,3399.929
1,3415.0164
0,3416.274
0,3416.7769
0,3417.0298
1,3417.0754
0,3417.5356
1,3417.9905
1,3418.492
0,3419.2974
1,3419.692
0,3421.3105
0,3421.8137
0,3422.0664
1,3422.4763
1,3422.7695
0,3422.8228
1,3423.0308
0,3424.323
1,3424.3247
1,3424.5894
0,3425.583
1,3425.6965
0,3426.086
1,3426.9312
0,3427.0942
1,3427.7246
1,3428.324
1,3429.3406
0,3429.865
0,3430.3687
0,3431.374
0,3431.6252
0,3432.38
0,3432.6316
1,3433.6318
1,3434.6414
1,3436.379
1,3438.9912
1,3439.8909
0,3442.4287
1,3442.5425
0,3442.9304
0,3443.9377
0,3444.9453
0,3445.1985
0,3445.7021
0,3445.9546
0,3447.716
1,3447.828
0,3447.9678
1,3448.2913
1,3449.3096
0,3449.9802
1,3450.0037
1,3450.7288
0,3450.9866
1,3451.1143
0,3451.4924
0,3451.746
0,3452.2498
0,3453.964
1,3453.9656
1,3454.8245
0,3455.2222
1,3468.4448
1,3469.576
0,3469.7058
0,3470.2078
0,3470.9631
0,3471.215
0,3474.2402
0,3474.7449
0,3475.2495
0,3475.5007
0,3475.7522
0,3476.0037
0,3476.508
1,3477.229
0,3477.2642
1,3478.2588
1,3478.4626
0,3478.7788
1,3479.0273
1,3480.0256
0,3481.041
1,3481.1587
0,3482.2988
0,3482.805
0,3483.8123
1,3483.86
0,3484.5667
0,3485.9216
1,3485.9233
0,3486.9297
0,3487.1812
0,3488.1853
0,3488.9424
1,3489.1104
1,3490.56
1,3490.8093
1,3492.3245
0,3493.4834
0,3493.734
0,3494.2366
1,3494.797
1,3495.5146
0,3496.2505
1,3496.994
1,3497.5762
0,3497.7615
0,3498.5205
1,3498.7605
0,3498.7725
0,3499.782
1,3500.009
0,3500.7896
0,3501.799
0,3502.5564
1,3502.6274
0,3502.8074
1,3503.5903
1,3519.5771
1,3520.0442
0,3520.8225
1,3521.1064
0,3521.3262
0,3521.5774
1,3522.3599
0,3522.586
0,3522.8386
1,3522.9102
1,3523.7263
0,3523.845
1,3524.2268
1,3524.794
1,3525.3447
0,3525.6123
1,3526.194
0,3526.369
1,3528.9912
1,3529.226
0,3529.2405
1,3530.8992
1,3534.4988
0,3535.0303
0,3535.7876
0,3536.3562
1,3536.36
0,3537.114
1,3537.4111
0,3537.62
0,3537.8723
0,3538.124
1,3538.3928
1,3538.6096
1,3538.827
1,3539.3762
1,3539.877
1,3540.6453
0,3542.9124
0,3543.1653
0,3543.6677
1,3546.2856
1,3547.943
0,3561.4126
0,3561.6638
1,3561.6936
0,3562.1675
0,3562.4192
1,3563.3447
1,3565.2615
1,3566.5095
1,3567.438
0,3567.9602
0,3568.714
0,3569.8728
1,3569.8743
1,3570.2769
0,3570.3777
1,3570.5105
0,3571.3857
1,3571.462
0,3571.639
0,3571.89
0,3572.3938
1,3572.6309
1,3573.3623
1,3573.9158
0,3574.1594
1,3574.2952
0,3575.4175
0,3577.183
1,3579.4224
0,3580.681
1,3581.5288
1,3583.7612
1,3584.6433
1,3584.8828
0,3585.2163
1,3585.3193
1,3585.5457
0,3585.72
1,3593.628
0,3594.6653
0,3595.4204
0,3595.6726
1,3596.9072
0,3597.6921
1,3597.9614
1,3599.5105
1,3600.561
0,3600.9634
