0	3.036674	1	0	1	0	0		0	3.036674	1
0	17.189384	1	0	2	0	0		0	17.189384	2
0	17.69285	1	0	3	0	0		0	17.69285	3
0	18.448467	1	0	4	0	0		0	18.448467	4
0	18.699398	1	0	5	0	0		0	18.699398	5
0	20.207937	1	0	6	0	0		0	20.207937	6
0	21.466347	1	0	7	0	0		0	21.466347	7
0	23.732862	1	0	8	0	0		0	23.732862	8
0	23.983622	1	0	9	0	0		0	23.983622	9
0	24.488194	1	0	10	0	0		0	24.488194	10
1	26.416582	0	1	10	1	0.1		0	27.427948	11
1	26.562412	0	1	10	2	0.2		0	29.446228	12
0	27.427948	1	0	11	2	0.181818182		0	29.697903	13
1	27.80281	0	1	11	3	0.272727273		0	29.95073	14
0	29.446228	1	0	12	3	0.25		0	31.965422	15
0	29.697903	1	0	13	3	0.230769231		0	33.98514	16
0	29.95073	1	0	14	3	0.214285714		0	34.236946	17
0	31.965422	1	0	15	3	0.2		0	36.82014	18
0	33.98514	1	0	16	3	0.1875		0	37.82576	19
0	34.236946	1	0	17	3	0.176470588		0	38.32929	20
0	36.82014	1	0	18	3	0.166666667		0	40.595257	21
0	37.82576	1	0	19	3	0.157894737		0	43.112675	22
0	38.32929	1	0	20	3	0.15		0	43.36297	23
1	39.544872	0	1	20	4	0.2		0	44.84937	24
0	40.595257	1	0	21	4	0.19047619		0	45.100235	25
0	43.112675	1	0	22	4	0.181818182		0	46.106274	26
0	43.36297	1	0	23	4	0.173913043		0	46.357704	27
0	44.84937	1	0	24	4	0.166666667		0	46.609425	28
1	44.84995	0	1	24	5	0.208333333		0	46.861546	29
0	45.100235	1	0	25	5	0.2		0	47.366436	30
1	45.53045	0	1	25	6	0.24		0	47.61883	31
0	46.106274	1	0	26	6	0.230769231		0	49.629642	32
0	46.357704	1	0	27	6	0.222222222		0	50.901825	33
0	46.609425	1	0	28	6	0.214285714		0	51.913113	34
0	46.861546	1	0	29	6	0.206896552		0	52.16364	35
0	47.366436	1	0	30	6	0.2		0	52.41556	36
0	47.61883	1	0	31	6	0.193548387		0	52.917755	37
1	48.84668	0	1	31	7	0.225806452		0	56.00855	38
0	49.629642	1	0	32	7	0.21875		0	56.51191	39
0	50.901825	1	0	33	7	0.212121212		0	58.022297	40
0	51.913113	1	0	34	7	0.205882353		0	59.277782	41
0	52.16364	1	0	35	7	0.2		0	63.080856	42
0	52.41556	1	0	36	7	0.194444444		0	64.3477	43
0	52.917755	1	0	37	7	0.189189189		0	65.60775	44
1	55.064632	0	1	37	8	0.216216216		0	66.87273	45
1	55.56434	0	1	37	9	0.243243243		0	71.39802	46
0	56.00855	1	0	38	9	0.236842105		0	74.16525	47
1	56.015118	0	1	38	10	0.263157895		0	74.66727	48
0	56.51191	1	0	39	10	0.256410256		0	77.44125	49
1	56.581123	0	1	39	11	0.282051282		0	78.69924	50
1	56.91964	0	1	39	12	0.307692308		0	79.96015	51
1	57.338734	0	1	39	13	0.333333333		0	81.72322	52
1	57.562027	0	1	39	14	0.358974359		0	83.73619	53
0	58.022297	1	0	40	14	0.35		0	84.48874	54
0	59.277782	1	0	41	14	0.341463415		0	98.309555	55
0	63.080856	1	0	42	14	0.333333333		0	98.811005	56
0	64.3477	1	0	43	14	0.325581395		0	99.06316	57
0	65.60775	1	0	44	14	0.318181818		0	99.31537	58
0	66.87273	1	0	45	14	0.311111111		0	102.10444	59
0	71.39802	1	0	46	14	0.304347826		0	103.36074	60
1	72.232025	0	1	46	15	0.326086957		0	104.88656	61
0	74.16525	1	0	47	15	0.319148936		0	106.66536	62
0	74.66727	1	0	48	15	0.3125		0	106.94501	63
0	77.44125	1	0	49	15	0.306122449		0	107.91751	64
1	77.44188	0	1	49	16	0.326530612		0	109.19766	65
1	78.030815	0	1	49	17	0.346938776		0	109.72364	66
1	78.38173	0	1	49	18	0.367346939		0	111.004234	67
0	78.69924	1	0	50	18	0.36		0	112.27222	68
1	79.75836	0	1	50	19	0.38		0	112.523346	69
0	79.96015	1	0	51	19	0.37254902		0	115.05023	70
0	81.72322	1	0	52	19	0.365384615		0	115.30149	71
0	83.73619	1	0	53	19	0.358490566		0	117.55974	72
0	84.48874	1	0	54	19	0.351851852		0	118.81759	73
1	97.05167	0	1	54	20	0.37037037		0	119.06925	74
0	98.309555	1	0	55	20	0.363636364		0	121.58272	75
0	98.811005	1	0	56	20	0.357142857		0	122.34331	76
0	99.06316	1	0	57	20	0.350877193		0	123.85177	77
0	99.31537	1	0	58	20	0.344827586		0	124.35446	78
1	101.355736	0	1	58	21	0.362068966		0	124.60437	79
0	102.10444	1	0	59	21	0.355932203		0	127.41392	80
0	103.36074	1	0	60	21	0.35		0	127.6788	81
1	104.69412	0	1	60	22	0.366666667		0	127.93046	82
0	104.88656	1	0	61	22	0.360655738		0	128.69157	83
0	106.66536	1	0	62	22	0.35483871		0	128.94275	84
0	106.94501	1	0	63	22	0.349206349		0	130.45224	85
0	107.91751	1	0	64	22	0.34375		0	132.22118	86
1	107.91868	0	1	64	23	0.359375		0	133.22797	87
0	109.19766	1	0	65	23	0.353846154		0	133.98146	88
0	109.72364	1	0	66	23	0.348484848		0	134.23357	89
0	111.004234	1	0	67	23	0.343283582		0	146.89975	90
0	112.27222	1	0	68	23	0.338235294		0	148.67361	91
0	112.523346	1	0	69	23	0.333333333		0	150.45934	92
1	112.67801	0	1	69	24	0.347826087		0	151.4661	93
0	115.05023	1	0	70	24	0.342857143		0	154.46725	94
0	115.30149	1	0	71	24	0.338028169		0	155.73299	95
0	117.55974	1	0	72	24	0.333333333		0	156.23833	96
1	117.560425	0	1	72	25	0.347222222		0	156.48978	97
1	118.132164	0	1	72	26	0.361111111		0	157.2452	98
0	118.81759	1	0	73	26	0.356164384		0	158.26874	99
0	119.06925	1	0	74	26	0.351351351		0	158.77043	100
1	120.049	0	1	74	27	0.364864865		0	159.27402	101
0	121.58272	1	0	75	27	0.36		0	164.44719	102
0	122.34331	1	0	76	27	0.355263158		0	165.70792	103
0	123.85177	1	0	77	27	0.350649351		0	165.95914	104
0	124.35446	1	0	78	27	0.346153846		0	166.97615	105
0	124.60437	1	0	79	27	0.341772152		0	167.73169	106
1	126.15801	0	1	79	28	0.35443038		0	169.50885	107
1	127.08269	0	1	79	29	0.367088608		0	170.51604	108
0	127.41392	1	0	80	29	0.3625		0	171.01846	109
0	127.6788	1	0	81	29	0.358024691		0	171.27016	110
0	127.93046	1	0	82	29	0.353658537		0	171.52211	111
0	128.69157	1	0	83	29	0.34939759		0	172.02574	112
0	128.94275	1	0	84	29	0.345238095		0	175.87093	113
1	129.03183	0	1	84	30	0.357142857		0	176.88358	114
0	130.45224	1	0	85	30	0.352941176		0	177.13475	115
0	132.22118	1	0	86	30	0.348837209		0	177.38654	116
0	133.22797	1	0	87	30	0.344827586		0	178.39507	117
0	133.98146	1	0	88	30	0.340909091		0	179.40948	118
0	134.23357	1	0	89	30	0.337078652		0	180.41852	119
0	146.89975	1	0	90	30	0.333333333		0	180.67061	120
0	148.67361	1	0	91	30	0.32967033		0	180.92133	121
1	150.29875	0	1	91	31	0.340659341		0	183.24413	122
0	150.45934	1	0	92	31	0.336956522		0	184.24982	123
0	151.4661	1	0	93	31	0.333333333		0	184.50055	124
1	151.46672	0	1	93	32	0.344086022		0	185.01381	125
0	154.46725	1	0	94	32	0.340425532		0	185.52412	126
1	154.46794	0	1	94	33	0.35106383		0	197.4458	127
1	155.0821	0	1	94	34	0.361702128		0	197.69765	128
0	155.73299	1	0	95	34	0.357894737		0	199.20723	129
0	156.23833	1	0	96	34	0.354166667		0	200.46445	130
0	156.48978	1	0	97	34	0.350515464		0	200.96701	131
0	157.2452	1	0	98	34	0.346938776		0	201.21819	132
0	158.26874	1	0	99	34	0.343434343		0	201.46959	133
0	158.77043	1	0	100	34	0.34		0	201.97154	134
0	159.27402	1	0	101	34	0.336633663		0	206.57312	135
1	161.84238	0	1	101	35	0.346534653		0	207.59573	136
0	164.44719	1	0	102	35	0.343137255		0	211.67221	137
1	164.4479	0	1	102	36	0.352941176		0	215.955	138
0	165.70792	1	0	103	36	0.349514563		0	216.70949	139
0	165.95914	1	0	104	36	0.346153846		0	216.96104	140
1	166.07877	0	1	104	37	0.355769231		0	219.90489	141
0	166.97615	1	0	105	37	0.352380952		0	221.16617	142
1	167.09982	0	1	105	38	0.361904762		0	222.92723	143
0	167.73169	1	0	106	38	0.358490566		0	224.18687	144
1	168.2692	0	1	106	39	0.367924528		0	224.43942	145
1	169.11554	0	1	106	40	0.377358491		0	224.69101	146
0	169.50885	1	0	107	40	0.373831776		0	225.1943	147
0	170.51604	1	0	108	40	0.37037037		0	226.23184	148
0	171.01846	1	0	109	40	0.366972477		0	231.2629	149
0	171.27016	1	0	110	40	0.363636364		0	232.52348	150
0	171.52211	1	0	111	40	0.36036036		0	236.29568	151
0	172.02574	1	0	112	40	0.357142857		0	236.54727	152
0	175.87093	1	0	113	40	0.353982301		0	238.57117	153
1	176.19969	0	1	113	41	0.362831858		0	239.82793	154
0	176.88358	1	0	114	41	0.359649123		0	240.33022	155
0	177.13475	1	0	115	41	0.356521739		0	241.33534	156
0	177.38654	1	0	116	41	0.353448276		0	244.8594	157
1	177.56818	0	1	116	42	0.362068966		0	255.76573	158
0	178.39507	1	0	117	42	0.358974359		0	256.77222	159
0	179.40948	1	0	118	42	0.355932203		0	257.77692	160
0	180.41852	1	0	119	42	0.352941176		0	258.53104	161
0	180.67061	1	0	120	42	0.35		0	259.2874	162
0	180.92133	1	0	121	42	0.347107438		0	259.53967	163
0	183.24413	1	0	122	42	0.344262295		0	276.6214	164
1	183.24539	0	1	122	43	0.352459016		0	278.389	165
0	184.24982	1	0	123	43	0.349593496		0	279.3956	166
0	184.50055	1	0	124	43	0.346774194		0	280.66965	167
1	184.85172	0	1	124	44	0.35483871		0	281.92892	168
0	185.01381	1	0	125	44	0.352		0	282.18344	169
0	185.52412	1	0	126	44	0.349206349		0	283.20398	170
2	186.17906	0	0	126	44	0.349206349		0	283.70755	171
1	196.18529	0	1	126	45	0.357142857		0	284.9866	172
0	197.4458	1	0	127	45	0.354330709		0	285.23868	173
0	197.69765	1	0	128	45	0.3515625		0	286.49622	174
1	198.93242	0	1	128	46	0.359375		0	287.25	175
0	199.20723	1	0	129	46	0.356589147		0	287.75247	176
1	199.81578	0	1	129	47	0.364341085		0	288.2563	177
0	200.46445	1	0	130	47	0.361538462		0	288.7582	178
1	200.71646	0	1	130	48	0.369230769		0	298.86905	179
0	200.96701	1	0	131	48	0.366412214		0	299.62296	180
0	201.21819	1	0	132	48	0.363636364		0	299.87357	181
0	201.46959	1	0	133	48	0.360902256		0	301.3835	182
1	201.50421	0	1	133	49	0.368421053		0	302.39334	183
1	201.91968	0	1	133	50	0.37593985		0	303.40488	184
0	201.97154	1	0	134	50	0.373134328		0	304.40994	185
1	202.76813	0	1	134	51	0.380597015		0	304.91333	186
0	206.57312	1	0	135	51	0.377777778		0	308.68585	187
0	207.59573	1	0	136	51	0.375		0	310.19354	188
1	211.00696	0	1	136	52	0.382352941		0	314.46567	189
0	211.67221	1	0	137	52	0.379562044		0	318.24136	190
0	215.955	1	0	138	52	0.376811594		0	319.49918	191
0	216.70949	1	0	139	52	0.374100719		0	320.00323	192
0	216.96104	1	0	140	52	0.371428571		0	321.97388	193
0	219.90489	1	0	141	52	0.368794326		0	322.9811	194
1	219.9055	0	1	141	53	0.375886525		0	323.4848	195
1	220.3843	0	1	141	54	0.382978723		0	340.45844	196
0	221.16617	1	0	142	54	0.38028169		0	341.9696	197
1	221.49995	0	1	142	55	0.387323944		0	342.72314	198
1	222.58408	0	1	142	56	0.394366197		0	343.22717	199
0	222.92723	1	0	143	56	0.391608392		0	343.72983	200
0	224.18687	1	0	144	56	0.388888889		0	349.4905	201
0	224.43942	1	0	145	56	0.386206897		0	354.02094	202
0	224.69101	1	0	146	56	0.383561644		0	355.02594	203
0	225.1943	1	0	147	56	0.380952381		0	355.27722	204
0	226.23184	1	0	148	56	0.378378378		0	355.52844	205
1	226.23262	0	1	148	57	0.385135135		0	356.2815	206
1	227.53369	0	1	148	58	0.391891892		0	357.12344	207
1	228.76816	0	1	148	59	0.398648649		0	358.38266	208
0	231.2629	1	0	149	59	0.395973154		0	358.8981	209
1	231.62154	0	1	149	60	0.402684564		0	359.41064	210
1	231.86667	0	1	149	61	0.409395973		0	362.6957	211
0	232.52348	1	0	150	61	0.406666667		0	364.70938	212
0	236.29568	1	0	151	61	0.40397351		0	371.4927	213
0	236.54727	1	0	152	61	0.401315789		0	372.2476	214
0	238.57117	1	0	153	61	0.39869281		0	375.0233	215
1	238.57187	0	1	153	62	0.405228758		0	376.2783	216
1	238.81805	0	1	153	63	0.411764706		0	376.78156	217
0	239.82793	1	0	154	63	0.409090909		0	377.28558	218
0	240.33022	1	0	155	63	0.406451613		0	377.5368	219
1	240.98479	0	1	155	64	0.412903226		0	381.1353	220
0	241.33534	1	0	156	64	0.41025641		0	396.53098	221
1	241.3687	0	1	156	65	0.416666667		0	398.04523	222
1	243.7848	0	1	156	66	0.423076923		0	400.31018	223
0	244.8594	1	0	157	66	0.420382166		0	400.81265	224
2	244.93787	0	0	157	66	0.420382166		0	401.31442	225
1	254.50252	0	1	157	67	0.426751592		0	407.85858	226
0	255.76573	1	0	158	67	0.424050633		0	408.10974	227
0	256.77222	1	0	159	67	0.421383648		0	409.37073	228
1	257.55222	0	1	159	68	0.427672956		0	410.9976	229
0	257.77692	1	0	160	68	0.425		0	411.49966	230
1	258.13684	0	1	160	69	0.43125		0	411.75076	231
1	258.45056	0	1	160	70	0.4375		0	413.2598	232
0	258.53104	1	0	161	70	0.434782609		0	418.2959	233
0	259.2874	1	0	162	70	0.432098765		0	419.8069	234
1	259.4566	0	1	162	71	0.438271605		0	424.08633	235
0	259.53967	1	0	163	71	0.435582822		0	424.33807	236
1	260.04623	0	1	163	72	0.441717791		0	424.84033	237
1	260.35977	0	1	163	73	0.447852761		0	425.09238	238
1	260.846	0	1	163	74	0.45398773		0	426.10455	239
1	262.03406	0	1	163	75	0.460122699		0	426.60883	240
1	266.10812	0	1	163	76	0.466257669		0	441.1829	241
1	267.33148	0	1	163	77	0.472392638		0	442.46857	242
1	268.43732	0	1	163	78	0.478527607		0	443.74158	243
1	268.88583	0	1	163	79	0.484662577		0	445.50467	244
1	270.06775	0	1	163	80	0.490797546		0	446.00626	245
0	276.6214	1	0	164	80	0.487804878		0	446.25793	246
1	278.08517	0	1	164	81	0.493902439		0	446.76086	247
0	278.389	1	0	165	81	0.490909091		0	452.83817	248
0	279.3956	1	0	166	81	0.487951807		0	453.08978	249
1	279.91946	0	1	166	82	0.493975904		0	456.36334	250
0	280.66965	1	0	167	82	0.491017964		0	456.8643	251
0	281.92892	1	0	168	82	0.488095238		0	458.1301	252
0	282.18344	1	0	169	82	0.485207101		0	458.6399	253
0	283.20398	1	0	170	82	0.482352941		0	459.14282	254
0	283.70755	1	0	171	82	0.479532164		0	460.15118	255
0	284.9866	1	0	172	82	0.476744186		0	460.65457	256
0	285.23868	1	0	173	82	0.473988439		0	462.1862	257
0	286.49622	1	0	174	82	0.471264368		0	462.4373	258
0	287.25	1	0	175	82	0.468571429		0	462.6881	259
0	287.75247	1	0	176	82	0.465909091		0	463.19104	260
0	288.2563	1	0	177	82	0.463276836		0	464.20056	261
1	288.7205	0	1	177	83	0.468926554		0	464.70364	262
0	288.7582	1	0	178	83	0.466292135		0	465.48294	263
2	289.21573	0	0	178	83	0.466292135		0	472.74197	264
0	298.86905	1	0	179	83	0.463687151		0	473.49652	265
0	299.62296	1	0	180	83	0.461111111		0	473.75546	266
0	299.87357	1	0	181	83	0.458563536		0	474.59955	267
1	300.41852	0	1	181	84	0.464088398		0	475.10635	268
1	301.0192	0	1	181	85	0.46961326		0	476.63428	269
0	301.3835	1	0	182	85	0.467032967		0	476.88812	270
0	302.39334	1	0	183	85	0.464480874		0	477.13962	271
0	303.40488	1	0	184	85	0.461956522		0	487.46716	272
0	304.40994	1	0	185	85	0.459459459		0	488.47424	273
1	304.70306	0	1	185	86	0.464864865		0	488.97675	274
0	304.91333	1	0	186	86	0.462365591		0	491.49442	275
1	305.6424	0	1	186	87	0.467741935		0	491.7436	276
0	308.68585	1	0	187	87	0.465240642		0	492.75723	277
1	308.75485	0	1	187	88	0.470588235		0	493.78183	278
1	309.51895	0	1	187	89	0.475935829		0	495.29388	279
1	309.93604	0	1	187	90	0.481283422		0	495.54535	280
0	310.19354	1	0	188	90	0.478723404		0	496.04874	281
1	310.74963	0	1	188	91	0.484042553		0	502.49112	282
1	312.22043	0	1	188	92	0.489361702		0	502.7436	283
1	313.56903	0	1	188	93	0.494680851		0	507.2701	284
0	314.46567	1	0	189	93	0.492063492		0	508.02646	285
1	314.46863	0	1	189	94	0.497354497		0	508.27728	286
1	315.01108	0	1	189	95	0.502645503		0	509.78345	287
1	316.01724	0	1	189	96	0.507936508		0	510.78946	288
1	316.98627	0	1	189	97	0.513227513		0	511.29257	289
0	318.24136	1	0	190	97	0.510526316		0	511.54492	290
0	319.49918	1	0	191	97	0.507853403		0	511.79688	291
0	320.00323	1	0	192	97	0.505208333		0	512.3016	292
1	321.7224	0	1	192	98	0.510416667		0	521.01465	293
0	321.97388	1	0	193	98	0.507772021		0	521.7699	294
1	322.587	0	1	193	99	0.512953368		0	523.5319	295
0	322.9811	1	0	194	99	0.510309278		0	524.53827	296
0	323.4848	1	0	195	99	0.507692308		0	525.04144	297
1	324.98553	0	1	195	100	0.512820513		0	526.5854	298
2	325.53564	0	0	195	100	0.512820513		0	527.84296	299
1	340.35254	0	1	195	101	0.517948718		0	528.09406	300
0	340.45844	1	0	196	101	0.515306122		0	528.8492	301
1	341.10226	0	1	196	102	0.520408163		0	530.3585	302
0	341.9696	1	0	197	102	0.517766497		0	542.11176	303
1	342.53046	0	1	197	103	0.52284264		0	542.86865	304
0	342.72314	1	0	198	103	0.52020202		0	543.12134	305
0	343.22717	1	0	199	103	0.51758794		0	543.62463	306
0	343.72983	1	0	200	103	0.515		0	546.13855	307
1	344.01904	0	1	200	104	0.52		0	546.39056	308
1	345.5035	0	1	200	105	0.525		0	552.9311	309
1	346.38623	0	1	200	106	0.53		0	553.1848	310
0	349.4905	1	0	201	106	0.527363184		0	554.44305	311
1	351.4389	0	1	201	107	0.532338308		0	556.2078	312
1	351.78775	0	1	201	108	0.537313433		0	556.963	313
1	353.5706	0	1	201	109	0.542288557		0	558.7258	314
0	354.02094	1	0	202	109	0.53960396		0	558.97656	315
0	355.02594	1	0	203	109	0.536945813		0	559.22833	316
0	355.27722	1	0	204	109	0.534313725		0	563.0035	317
0	355.52844	1	0	205	109	0.531707317		0	563.2558	318
0	356.2815	1	0	206	109	0.529126214		0	563.5071	319
0	357.12344	1	0	207	109	0.526570048		0	563.75903	320
1	357.12408	0	1	207	110	0.531400966		0	572.9081	321
0	358.38266	1	0	208	110	0.528846154		0	573.1601	322
0	358.8981	1	0	209	110	0.526315789		0	573.4106	323
1	359.15573	0	1	209	111	0.531100478		0	575.42725	324
0	359.41064	1	0	210	111	0.528571429		0	576.1837	325
1	361.7872	0	1	210	112	0.533333333		0	576.9392	326
0	362.6957	1	0	211	112	0.530805687		0	577.44354	327
1	363.73715	0	1	211	113	0.535545024		0	579.4535	328
1	364.6213	0	1	211	114	0.54028436		0	580.7154	329
0	364.70938	1	0	212	114	0.537735849		0	581.72064	330
1	365.263	0	1	212	115	0.54245283		0	583.229	331
2	365.30478	0	0	212	115	0.54245283		0	583.984	332
1	370.2315	0	1	212	116	0.547169811		0	584.2357	333
0	371.4927	1	0	213	116	0.544600939		0	586.6708	334
0	372.2476	1	0	214	116	0.542056075		0	586.92224	335
0	375.0233	1	0	215	116	0.539534884		0	587.42725	336
0	376.2783	1	0	216	116	0.537037037		0	587.6786	337
0	376.78156	1	0	217	116	0.534562212		0	587.9318	338
0	377.28558	1	0	218	116	0.532110092		0	588.1822	339
0	377.5368	1	0	219	116	0.529680365		0	590.94916	340
0	381.1353	1	0	220	116	0.527272727		0	591.7036	341
1	381.13605	0	1	220	117	0.531818182		0	592.207	342
0	396.53098	1	0	221	117	0.529411765		0	592.7108	343
1	397.13696	0	1	221	118	0.533936652		0	592.96313	344
1	397.913	0	1	221	119	0.538461538		0	593.21466	345
0	398.04523	1	0	222	119	0.536036036		0	601.066	346
1	398.75354	0	1	222	120	0.540540541		0	606.3459	347
0	400.31018	1	0	223	120	0.538116592		0	607.10144	348
1	400.5537	0	1	223	121	0.542600897		0	608.3586	349
0	400.81265	1	0	224	121	0.540178571		0	608.61053	350
0	401.31442	1	0	225	121	0.537777778		0	610.11786	351
1	402.1713	0	1	225	122	0.542222222		0	610.6203	352
1	406.85883	0	1	225	123	0.546666667		0	614.39746	353
0	407.85858	1	0	226	123	0.544247788		0	614.64954	354
0	408.10974	1	0	227	123	0.54185022		0	615.1535	355
0	409.37073	1	0	228	123	0.539473684		0	627.96655	356
1	410.2314	0	1	228	124	0.543859649		0	629.23157	357
0	410.9976	1	0	229	124	0.541484716		0	630.2569	358
0	411.49966	1	0	230	124	0.539130435		0	630.76074	359
0	411.75076	1	0	231	124	0.536796537		0	631.52496	360
1	411.91788	0	1	231	125	0.541125541		0	631.77576	361
0	413.2598	1	0	232	125	0.538793103		0	642.0381	362
1	414.4541	0	1	232	126	0.543103448		0	642.542	363
1	416.61435	0	1	232	127	0.547413793		0	643.2947	364
0	418.2959	1	0	233	127	0.545064378		0	643.54584	365
0	419.8069	1	0	234	127	0.542735043		0	644.8036	366
0	424.08633	1	0	235	127	0.540425532		0	647.0731	367
0	424.33807	1	0	236	127	0.538135593		0	647.57605	368
0	424.84033	1	0	237	127	0.535864979		0	648.33673	369
0	425.09238	1	0	238	127	0.533613445		0	649.09204	370
0	426.10455	1	0	239	127	0.531380753		0	649.3443	371
0	426.60883	1	0	240	127	0.529166667		0	649.5959	372
1	439.92404	0	1	240	128	0.533333333		0	650.10046	373
0	441.1829	1	0	241	128	0.531120332		0	651.10657	374
1	441.48892	0	1	241	129	0.53526971		0	651.6105	375
0	442.46857	1	0	242	129	0.533057851		0	651.86304	376
1	443.29007	0	1	242	130	0.537190083		0	652.1148	377
0	443.74158	1	0	243	130	0.534979424		0	654.63885	378
1	444.30487	0	1	243	131	0.53909465		0	655.15283	379
0	445.50467	1	0	244	131	0.536885246		0	655.40485	380
1	445.90466	0	1	244	132	0.540983607		0	656.66077	381
0	446.00626	1	0	245	132	0.53877551		0	657.16516	382
0	446.25793	1	0	246	132	0.536585366		0	662.0961	383
0	446.76086	1	0	247	132	0.534412955		0	665.11816	384
1	448.57242	0	1	247	133	0.538461538		0	665.64044	385
1	449.43814	0	1	247	134	0.542510121		0	667.147	386
1	451.5775	0	1	247	135	0.546558704		0	667.3983	387
0	452.83817	1	0	248	135	0.544354839		0	667.6509	388
1	453.01053	0	1	248	136	0.548387097		0	668.9096	389
0	453.08978	1	0	249	136	0.546184739		0	669.1606	390
1	453.84192	0	1	249	137	0.550200803		0	669.5782	391
1	454.3552	0	1	249	138	0.554216867		0	670.0817	392
0	456.36334	1	0	250	138	0.552		0	670.3335	393
0	456.8643	1	0	251	138	0.549800797		0	670.8371	394
0	458.1301	1	0	252	138	0.547619048		0	671.8445	395
1	458.567	0	1	252	139	0.551587302		0	682.88855	396
0	458.6399	1	0	253	139	0.549407115		0	683.64185	397
0	459.14282	1	0	254	139	0.547244094		0	684.1453	398
1	459.8553	0	1	254	140	0.551181102		0	686.15735	399
0	460.15118	1	0	255	140	0.549019608		0	687.16394	400
0	460.65457	1	0	256	140	0.546875		0	687.9173	401
1	461.4725	0	1	256	141	0.55078125		0	688.1688	402
1	461.8384	0	1	256	142	0.5546875		0	690.7735	403
0	462.1862	1	0	257	142	0.552529183		0	691.0259	404
0	462.4373	1	0	258	142	0.550387597		0	693.7999	405
0	462.6881	1	0	259	142	0.548262548		0	695.06067	406
0	463.19104	1	0	260	142	0.546153846		0	695.8144	407
0	464.20056	1	0	261	142	0.544061303		0	696.31934	408
0	464.70364	1	0	262	142	0.541984733		0	698.6907	409
0	465.48294	1	0	263	142	0.539923954		0	699.44727	410
1	469.4427	0	1	263	143	0.543726236		0	699.6983	411
1	470.62335	0	1	263	144	0.547528517		0	699.95013	412
1	471.34802	0	1	263	145	0.551330798		0	700.20197	413
1	471.5461	0	1	263	146	0.55513308		0	702.9689	414
1	471.80826	0	1	263	147	0.558935361		0	704.47864	415
0	472.74197	1	0	264	147	0.556818182		0	704.9819	416
0	473.49652	1	0	265	147	0.554716981		0	705.488	417
0	473.75546	1	0	266	147	0.552631579		0	708.20605	418
0	474.59955	1	0	267	147	0.550561798		0	709.4632	419
1	474.60025	0	1	267	148	0.554307116		0	709.71576	420
0	475.10635	1	0	268	148	0.552238806		0	712.7389	421
1	475.50507	0	1	268	149	0.555970149		0	713.49347	422
0	476.63428	1	0	269	149	0.553903346		0	714.2473	423
0	476.88812	1	0	270	149	0.551851852		0	714.7499	424
0	477.13962	1	0	271	149	0.549815498		0	716.325	425
1	478.6756	0	1	271	150	0.553505535		0	716.576	426
2	478.7237	0	0	271	150	0.553505535		0	717.5831	427
0	487.46716	1	0	272	150	0.551470588		0	718.3378	428
1	487.63986	0	1	272	151	0.555147059		0	719.0909	429
0	488.47424	1	0	273	151	0.553113553		0	720.85315	430
0	488.97675	1	0	274	151	0.551094891		0	722.10986	431
1	489.37256	0	1	274	152	0.554744526		0	723.11566	432
1	491.3732	0	1	274	153	0.558394161		0	723.8724	433
0	491.49442	1	0	275	153	0.556363636		0	724.1236	434
0	491.7436	1	0	276	153	0.554347826		0	724.3751	435
0	492.75723	1	0	277	153	0.55234657		0	725.38104	436
1	493.24487	0	1	277	154	0.555956679		0	726.1379	437
0	493.78183	1	0	278	154	0.553956835		0	727.6467	438
0	495.29388	1	0	279	154	0.551971326		0	727.89856	439
0	495.54535	1	0	280	154	0.55		0	730.33295	440
0	496.04874	1	0	281	154	0.548042705		0	746.29614	441
1	497.05872	0	1	281	155	0.551601423		0	746.548	442
1	501.4842	0	1	281	156	0.555160142		0	746.8011	443
0	502.49112	1	0	282	156	0.553191489		0	747.5577	444
0	502.7436	1	0	283	156	0.551236749		0	748.81335	445
1	503.1858	0	1	283	157	0.554770318		0	749.8206	446
1	503.98315	0	1	283	158	0.558303887		0	750.828	447
1	504.6574	0	1	283	159	0.561837456		0	751.0782	448
1	506.67206	0	1	283	160	0.565371025		0	751.33124	449
0	507.2701	1	0	284	160	0.563380282		0	755.32806	450
0	508.02646	1	0	285	160	0.561403509		0	755.5792	451
0	508.27728	1	0	286	160	0.559440559		0	759.1104	452
1	508.9457	0	1	286	161	0.562937063		0	771.0713	453
0	509.78345	1	0	287	161	0.56097561		0	771.32117	454
0	510.78946	1	0	288	161	0.559027778		0	771.82404	455
1	511.1212	0	1	288	162	0.5625		0	775.35077	456
0	511.29257	1	0	289	162	0.560553633		0	782.14746	457
0	511.54492	1	0	290	162	0.55862069		0	782.3998	458
0	511.79688	1	0	291	162	0.556701031		0	783.4841	459
0	512.3016	1	0	292	162	0.554794521		0	784.49133	460
1	513.2258	0	1	292	163	0.558219178		0	784.9944	461
2	513.25806	0	0	292	163	0.558219178		0	787.015	462
1	519.7588	0	1	292	164	0.561643836		0	787.77075	463
0	521.01465	1	0	293	164	0.559726962		0	788.5287	464
0	521.7699	1	0	294	164	0.557823129		0	789.0319	465
0	523.5319	1	0	295	164	0.555932203		0	795.3733	466
0	524.53827	1	0	296	164	0.554054054		0	796.3812	467
1	524.5568	0	1	296	165	0.557432432		0	796.8879	468
0	525.04144	1	0	297	165	0.555555556		0	797.14246	469
0	526.5854	1	0	298	165	0.553691275		0	797.3929	470
1	527.5897	0	1	298	166	0.55704698		0	798.9028	471
0	527.84296	1	0	299	166	0.555183946		0	799.4085	472
0	528.09406	1	0	300	166	0.553333333		0	801.43005	473
0	528.8492	1	0	301	166	0.551495017		0	801.6813	474
1	528.87335	0	1	301	167	0.554817276		0	802.1938	475
1	529.2737	0	1	301	168	0.558139535		0	806.2748	476
0	530.3585	1	0	302	168	0.556291391		0	809.8038	477
1	530.43085	0	1	302	169	0.559602649		0	810.0554	478
1	530.90814	0	1	302	170	0.562913907		0	810.55786	479
0	542.11176	1	0	303	170	0.561056106		0	811.0611	480
0	542.86865	1	0	304	170	0.559210526		0	811.5623	481
0	543.12134	1	0	305	170	0.557377049		0	812.0662	482
0	543.62463	1	0	306	170	0.555555556		0	812.57104	483
1	545.04034	0	1	306	171	0.558823529		0	812.82214	484
1	545.96045	0	1	306	172	0.562091503		0	814.0833	485
0	546.13855	1	0	307	172	0.560260586		0	814.33435	486
0	546.39056	1	0	308	172	0.558441558		0	815.8441	487
1	547.0072	0	1	308	173	0.561688312		0	829.2753	488
1	548.541	0	1	308	174	0.564935065		0	829.52655	489
1	548.7748	0	1	308	175	0.568181818		0	830.02826	490
1	550.0627	0	1	308	176	0.571428571		0	830.2793	491
0	552.9311	1	0	309	176	0.569579288		0	830.5319	492
0	553.1848	1	0	310	176	0.567741935		0	833.30115	493
0	554.44305	1	0	311	176	0.565916399		0	833.8056	494
1	554.9465	0	1	311	177	0.569131833		0	834.0567	495
1	555.5578	0	1	311	178	0.572347267		0	834.56036	496
0	556.2078	1	0	312	178	0.570512821		0	835.3142	497
1	556.6573	0	1	312	179	0.573717949		0	835.81757	498
0	556.963	1	0	313	179	0.571884984		0	836.0727	499
0	558.7258	1	0	314	179	0.570063694		0	836.3235	500
0	558.97656	1	0	315	179	0.568253968		0	837.11237	501
0	559.22833	1	0	316	179	0.566455696		0	838.8775	502
1	560.7582	0	1	316	180	0.569620253		0	840.1365	503
0	563.0035	1	0	317	180	0.567823344		0	842.1487	504
0	563.2558	1	0	318	180	0.566037736		0	842.9052	505
0	563.5071	1	0	319	180	0.564263323		0	844.66565	506
0	563.75903	1	0	320	180	0.5625		0	846.8078	507
1	571.6507	0	1	320	181	0.565625		0	847.8134	508
0	572.9081	1	0	321	181	0.563862928		0	848.3158	509
0	573.1601	1	0	322	181	0.562111801		0	852.59454	510
0	573.4106	1	0	323	181	0.560371517		0	853.3479	511
0	575.42725	1	0	324	181	0.558641975		0	853.8513	512
1	575.94257	0	1	324	182	0.561728395		0	854.6071	513
0	576.1837	1	0	325	182	0.56		0	855.1117	514
1	576.8757	0	1	325	183	0.563076923		0	855.61456	515
0	576.9392	1	0	326	183	0.561349693		0	855.8663	516
0	577.44354	1	0	327	183	0.559633028		0	857.37585	517
1	577.6754	0	1	327	184	0.562691131		0	858.1303	518
1	579.0091	0	1	327	185	0.565749235		0	858.6331	519
0	579.4535	1	0	328	185	0.56402439		0	860.3947	520
0	580.7154	1	0	329	185	0.56231003		0	860.6467	521
0	581.72064	1	0	330	185	0.560606061		0	861.6523	522
0	583.229	1	0	331	185	0.558912387		0	862.96405	523
1	583.5926	0	1	331	186	0.561933535		0	866.8384	524
0	583.984	1	0	332	186	0.560240964		0	868.1027	525
0	584.2357	1	0	333	186	0.558558559		0	868.59955	526
1	585.667	0	1	333	187	0.561561562		0	869.3535	527
0	586.6708	1	0	334	187	0.55988024		0	870.3636	528
0	586.92224	1	0	335	187	0.558208955		0	871.8709	529
0	587.42725	1	0	336	187	0.556547619		0	872.122	530
1	587.57623	0	1	336	188	0.55952381		0	872.3727	531
0	587.6786	1	0	337	188	0.557863501		0	885.412	532
0	587.9318	1	0	338	188	0.556213018		0	885.9133	533
1	588.0357	0	1	338	189	0.559171598		0	887.4257	534
0	588.1822	1	0	339	189	0.557522124		0	888.43494	535
1	589.0423	0	1	339	190	0.560471976		0	890.6976	536
1	590.6421	0	1	339	191	0.563421829		0	891.2004	537
0	590.94916	1	0	340	191	0.561764706		0	894.9576	538
0	591.7036	1	0	341	191	0.560117302		0	895.4607	539
0	592.207	1	0	342	191	0.558479532		0	895.7121	540
0	592.7108	1	0	343	191	0.556851312		0	899.9904	541
0	592.96313	1	0	344	191	0.555232558		0	900.99603	542
0	593.21466	1	0	345	191	0.553623188		1	26.416582	1
1	596.5344	0	1	345	192	0.556521739		1	26.562412	2
1	598.242	0	1	345	193	0.55942029		1	27.80281	3
1	598.55945	0	1	345	194	0.562318841		1	39.544872	4
1	599.29816	0	1	345	195	0.565217391		1	44.84995	5
1	600.70795	0	1	345	196	0.568115942		1	45.53045	6
1	600.95905	0	1	345	197	0.571014493		1	48.84668	7
0	601.066	1	0	346	197	0.569364162		1	55.064632	8
1	604.7083	0	1	346	198	0.572254335		1	55.56434	9
0	606.3459	1	0	347	198	0.570605187		1	56.015118	10
0	607.10144	1	0	348	198	0.568965517		1	56.581123	11
0	608.3586	1	0	349	198	0.567335244		1	56.91964	12
0	608.61053	1	0	350	198	0.565714286		1	57.338734	13
1	608.72815	0	1	350	199	0.568571429		1	57.562027	14
0	610.11786	1	0	351	199	0.566951567		1	72.232025	15
0	610.6203	1	0	352	199	0.565340909		1	77.44188	16
1	610.80865	0	1	352	200	0.568181818		1	78.030815	17
1	613.5427	0	1	352	201	0.571022727		1	78.38173	18
0	614.39746	1	0	353	201	0.569405099		1	79.75836	19
0	614.64954	1	0	354	201	0.56779661		1	97.05167	20
0	615.1535	1	0	355	201	0.566197183		1	101.355736	21
1	617.09705	0	1	355	202	0.569014085		1	104.69412	22
1	617.4093	0	1	355	203	0.571830986		1	107.91868	23
0	627.96655	1	0	356	203	0.570224719		1	112.67801	24
0	629.23157	1	0	357	203	0.568627451		1	117.560425	25
0	630.2569	1	0	358	203	0.567039106		1	118.132164	26
0	630.76074	1	0	359	203	0.56545961		1	120.049	27
0	631.52496	1	0	360	203	0.563888889		1	126.15801	28
0	631.77576	1	0	361	203	0.56232687		1	127.08269	29
1	640.77783	0	1	361	204	0.565096953		1	129.03183	30
0	642.0381	1	0	362	204	0.563535912		1	150.29875	31
0	642.542	1	0	363	204	0.561983471		1	151.46672	32
1	642.6774	0	1	363	205	0.564738292		1	154.46794	33
0	643.2947	1	0	364	205	0.563186813		1	155.0821	34
0	643.54584	1	0	365	205	0.561643836		1	161.84238	35
0	644.8036	1	0	366	205	0.56010929		1	164.4479	36
0	647.0731	1	0	367	205	0.558583106		1	166.07877	37
0	647.57605	1	0	368	205	0.557065217		1	167.09982	38
0	648.33673	1	0	369	205	0.555555556		1	168.2692	39
0	649.09204	1	0	370	205	0.554054054		1	169.11554	40
0	649.3443	1	0	371	205	0.552560647		1	176.19969	41
1	649.39716	0	1	371	206	0.555256065		1	177.56818	42
0	649.5959	1	0	372	206	0.553763441		1	183.24539	43
0	650.10046	1	0	373	206	0.55227882		1	184.85172	44
0	651.10657	1	0	374	206	0.550802139		1	196.18529	45
0	651.6105	1	0	375	206	0.549333333		1	198.93242	46
0	651.86304	1	0	376	206	0.54787234		1	199.81578	47
0	652.1148	1	0	377	206	0.546419098		1	200.71646	48
1	652.62775	0	1	377	207	0.549071618		1	201.50421	49
0	654.63885	1	0	378	207	0.547619048		1	201.91968	50
1	654.8026	0	1	378	208	0.55026455		1	202.76813	51
0	655.15283	1	0	379	208	0.548812665		1	211.00696	52
0	655.40485	1	0	380	208	0.547368421		1	219.9055	53
0	656.66077	1	0	381	208	0.545931759		1	220.3843	54
0	657.16516	1	0	382	208	0.544502618		1	221.49995	55
1	660.9093	0	1	382	209	0.547120419		1	222.58408	56
0	662.0961	1	0	383	209	0.545691906		1	226.23262	57
1	662.62683	0	1	383	210	0.548302872		1	227.53369	58
0	665.11816	1	0	384	210	0.546875		1	228.76816	59
1	665.1603	0	1	384	211	0.549479167		1	231.62154	60
0	665.64044	1	0	385	211	0.548051948		1	231.86667	61
0	667.147	1	0	386	211	0.546632124		1	238.57187	62
0	667.3983	1	0	387	211	0.545219638		1	238.81805	63
0	667.6509	1	0	388	211	0.543814433		1	240.98479	64
0	668.9096	1	0	389	211	0.542416452		1	241.3687	65
0	669.1606	1	0	390	211	0.541025641		1	243.7848	66
0	669.5782	1	0	391	211	0.539641944		1	254.50252	67
1	669.57886	0	1	391	212	0.542199488		1	257.55222	68
1	669.893	0	1	391	213	0.544757033		1	258.13684	69
0	670.0817	1	0	392	213	0.543367347		1	258.45056	70
0	670.3335	1	0	393	213	0.541984733		1	259.4566	71
0	670.8371	1	0	394	213	0.540609137		1	260.04623	72
0	671.8445	1	0	395	213	0.539240506		1	260.35977	73
1	672.8272	0	1	395	214	0.541772152		1	260.846	74
2	673.18195	0	0	395	214	0.541772152		1	262.03406	75
1	681.6285	0	1	395	215	0.544303797		1	266.10812	76
1	682.69666	0	1	395	216	0.546835443		1	267.33148	77
0	682.88855	1	0	396	216	0.545454545		1	268.43732	78
0	683.64185	1	0	397	216	0.544080605		1	268.88583	79
0	684.1453	1	0	398	216	0.542713568		1	270.06775	80
1	684.7116	0	1	398	217	0.545226131		1	278.08517	81
1	686.0098	0	1	398	218	0.547738693		1	279.91946	82
0	686.15735	1	0	399	218	0.546365915		1	288.7205	83
0	687.16394	1	0	400	218	0.545		1	300.41852	84
0	687.9173	1	0	401	218	0.543640898		1	301.0192	85
0	688.1688	1	0	402	218	0.542288557		1	304.70306	86
0	690.7735	1	0	403	218	0.540942928		1	305.6424	87
0	691.0259	1	0	404	218	0.53960396		1	308.75485	88
0	693.7999	1	0	405	218	0.538271605		1	309.51895	89
1	694.2798	0	1	405	219	0.540740741		1	309.93604	90
0	695.06067	1	0	406	219	0.539408867		1	310.74963	91
0	695.8144	1	0	407	219	0.538083538		1	312.22043	92
0	696.31934	1	0	408	219	0.536764706		1	313.56903	93
1	698.1864	0	1	408	220	0.539215686		1	314.46863	94
1	698.3931	0	1	408	221	0.541666667		1	315.01108	95
0	698.6907	1	0	409	221	0.540342298		1	316.01724	96
1	698.79456	0	1	409	222	0.542787286		1	316.98627	97
0	699.44727	1	0	410	222	0.541463415		1	321.7224	98
1	699.5274	0	1	410	223	0.543902439		1	322.587	99
0	699.6983	1	0	411	223	0.542579075		1	324.98553	100
1	699.89545	0	1	411	224	0.545012165		1	340.35254	101
0	699.95013	1	0	412	224	0.54368932		1	341.10226	102
0	700.20197	1	0	413	224	0.542372881		1	342.53046	103
1	701.3111	0	1	413	225	0.544794189		1	344.01904	104
1	702.17804	0	1	413	226	0.547215496		1	345.5035	105
0	702.9689	1	0	414	226	0.54589372		1	346.38623	106
0	704.47864	1	0	415	226	0.544578313		1	351.4389	107
0	704.9819	1	0	416	226	0.543269231		1	351.78775	108
0	705.488	1	0	417	226	0.541966427		1	353.5706	109
0	708.20605	1	0	418	226	0.540669856		1	357.12408	110
1	708.2069	0	1	418	227	0.543062201		1	359.15573	111
0	709.4632	1	0	419	227	0.54176611		1	361.7872	112
1	709.4964	0	1	419	228	0.544152745		1	363.73715	113
0	709.71576	1	0	420	228	0.542857143		1	364.6213	114
1	710.17334	0	1	420	229	0.545238095		1	365.263	115
1	710.711	0	1	420	230	0.547619048		1	370.2315	116
0	712.7389	1	0	421	230	0.54631829		1	381.13605	117
0	713.49347	1	0	422	230	0.545023697		1	397.13696	118
0	714.2473	1	0	423	230	0.543735225		1	397.913	119
0	714.7499	1	0	424	230	0.54245283		1	398.75354	120
0	716.325	1	0	425	230	0.541176471		1	400.5537	121
0	716.576	1	0	426	230	0.539906103		1	402.1713	122
0	717.5831	1	0	427	230	0.538641686		1	406.85883	123
0	718.3378	1	0	428	230	0.537383178		1	410.2314	124
1	718.42865	0	1	428	231	0.539719626		1	411.91788	125
0	719.0909	1	0	429	231	0.538461538		1	414.4541	126
0	720.85315	1	0	430	231	0.537209302		1	416.61435	127
0	722.10986	1	0	431	231	0.535962877		1	439.92404	128
0	723.11566	1	0	432	231	0.534722222		1	441.48892	129
0	723.8724	1	0	433	231	0.533487298		1	443.29007	130
0	724.1236	1	0	434	231	0.532258065		1	444.30487	131
0	724.3751	1	0	435	231	0.531034483		1	445.90466	132
1	724.7118	0	1	435	232	0.533333333		1	448.57242	133
0	725.38104	1	0	436	232	0.532110092		1	449.43814	134
0	726.1379	1	0	437	232	0.530892449		1	451.5775	135
0	727.6467	1	0	438	232	0.529680365		1	453.01053	136
0	727.89856	1	0	439	232	0.528473804		1	453.84192	137
0	730.33295	1	0	440	232	0.527272727		1	454.3552	138
1	730.33386	0	1	440	233	0.529545455		1	458.567	139
0	746.29614	1	0	441	233	0.528344671		1	459.8553	140
0	746.548	1	0	442	233	0.527149321		1	461.4725	141
0	746.8011	1	0	443	233	0.525959368		1	461.8384	142
1	747.4115	0	1	443	234	0.528216704		1	469.4427	143
0	747.5577	1	0	444	234	0.527027027		1	470.62335	144
1	748.39465	0	1	444	235	0.529279279		1	471.34802	145
0	748.81335	1	0	445	235	0.528089888		1	471.5461	146
1	749.0614	0	1	445	236	0.530337079		1	471.80826	147
1	749.57886	0	1	445	237	0.53258427		1	474.60025	148
0	749.8206	1	0	446	237	0.531390135		1	475.50507	149
0	750.828	1	0	447	237	0.530201342		1	478.6756	150
0	751.0782	1	0	448	237	0.529017857		1	487.63986	151
0	751.33124	1	0	449	237	0.527839644		1	489.37256	152
1	751.5329	0	1	449	238	0.530066815		1	491.3732	153
1	752.062	0	1	449	239	0.532293987		1	493.24487	154
0	755.32806	1	0	450	239	0.531111111		1	497.05872	155
1	755.4629	0	1	450	240	0.533333333		1	501.4842	156
0	755.5792	1	0	451	240	0.532150776		1	503.1858	157
1	756.9831	0	1	451	241	0.534368071		1	503.98315	158
1	758.3449	0	1	451	242	0.536585366		1	504.6574	159
0	759.1104	1	0	452	242	0.53539823		1	506.67206	160
1	769.8142	0	1	452	243	0.537610619		1	508.9457	161
0	771.0713	1	0	453	243	0.536423841		1	511.1212	162
0	771.32117	1	0	454	243	0.535242291		1	513.2258	163
0	771.82404	1	0	455	243	0.534065934		1	519.7588	164
1	772.3963	0	1	455	244	0.536263736		1	524.5568	165
1	772.62866	0	1	455	245	0.538461538		1	527.5897	166
1	773.4786	0	1	455	246	0.540659341		1	528.87335	167
1	774.17786	0	1	455	247	0.542857143		1	529.2737	168
1	775.1119	0	1	455	248	0.545054945		1	530.43085	169
0	775.35077	1	0	456	248	0.543859649		1	530.90814	170
1	779.6607	0	1	456	249	0.546052632		1	545.04034	171
0	782.14746	1	0	457	249	0.544857768		1	545.96045	172
0	782.3998	1	0	458	249	0.543668122		1	547.0072	173
0	783.4841	1	0	459	249	0.54248366		1	548.541	174
1	783.485	0	1	459	250	0.544662309		1	548.7748	175
0	784.49133	1	0	460	250	0.543478261		1	550.0627	176
0	784.9944	1	0	461	250	0.542299349		1	554.9465	177
1	785.19885	0	1	461	251	0.544468547		1	555.5578	178
0	787.015	1	0	462	251	0.543290043		1	556.6573	179
0	787.77075	1	0	463	251	0.542116631		1	560.7582	180
0	788.5287	1	0	464	251	0.540948276		1	571.6507	181
0	789.0319	1	0	465	251	0.539784946		1	575.94257	182
1	795.12195	0	1	465	252	0.541935484		1	576.8757	183
0	795.3733	1	0	466	252	0.540772532		1	577.6754	184
0	796.3812	1	0	467	252	0.539614561		1	579.0091	185
0	796.8879	1	0	468	252	0.538461538		1	583.5926	186
0	797.14246	1	0	469	252	0.537313433		1	585.667	187
1	797.29694	0	1	469	253	0.539445629		1	587.57623	188
0	797.3929	1	0	470	253	0.538297872		1	588.0357	189
1	798.6135	0	1	470	254	0.540425532		1	589.0423	190
0	798.9028	1	0	471	254	0.539278132		1	590.6421	191
1	799.2459	0	1	471	255	0.541401274		1	596.5344	192
0	799.4085	1	0	472	255	0.540254237		1	598.242	193
1	799.6554	0	1	472	256	0.542372881		1	598.55945	194
0	801.43005	1	0	473	256	0.541226216		1	599.29816	195
0	801.6813	1	0	474	256	0.540084388		1	600.70795	196
0	802.1938	1	0	475	256	0.538947368		1	600.95905	197
1	804.99963	0	1	475	257	0.541052632		1	604.7083	198
0	806.2748	1	0	476	257	0.539915966		1	608.72815	199
1	806.4752	0	1	476	258	0.542016807		1	610.80865	200
1	806.8843	0	1	476	259	0.544117647		1	613.5427	201
1	807.1309	0	1	476	260	0.546218487		1	617.09705	202
1	807.4308	0	1	476	261	0.548319328		1	617.4093	203
1	808.8296	0	1	476	262	0.550420168		1	640.77783	204
1	809.16394	0	1	476	263	0.552521008		1	642.6774	205
0	809.8038	1	0	477	263	0.551362683		1	649.39716	206
0	810.0554	1	0	478	263	0.550209205		1	652.62775	207
0	810.55786	1	0	479	263	0.549060543		1	654.8026	208
0	811.0611	1	0	480	263	0.547916667		1	660.9093	209
0	811.5623	1	0	481	263	0.546777547		1	662.62683	210
0	812.0662	1	0	482	263	0.545643154		1	665.1603	211
0	812.57104	1	0	483	263	0.544513458		1	669.57886	212
0	812.82214	1	0	484	263	0.54338843		1	669.893	213
0	814.0833	1	0	485	263	0.542268041		1	672.8272	214
0	814.33435	1	0	486	263	0.541152263		1	681.6285	215
1	815.17	0	1	486	264	0.543209877		1	682.69666	216
1	815.71387	0	1	486	265	0.54526749		1	684.7116	217
0	815.8441	1	0	487	265	0.544147844		1	686.0098	218
2	816.22955	0	0	487	265	0.544147844		1	694.2798	219
1	828.0166	0	1	487	266	0.546201232		1	698.1864	220
0	829.2753	1	0	488	266	0.545081967		1	698.3931	221
0	829.52655	1	0	489	266	0.54396728		1	698.79456	222
1	829.59674	0	1	489	267	0.54601227		1	699.5274	223
0	830.02826	1	0	490	267	0.544897959		1	699.89545	224
0	830.2793	1	0	491	267	0.543788187		1	701.3111	225
0	830.5319	1	0	492	267	0.542682927		1	702.17804	226
1	832.24445	0	1	492	268	0.544715447		1	708.2069	227
0	833.30115	1	0	493	268	0.543610548		1	709.4964	228
0	833.8056	1	0	494	268	0.542510121		1	710.17334	229
0	834.0567	1	0	495	268	0.541414141		1	710.711	230
0	834.56036	1	0	496	268	0.540322581		1	718.42865	231
0	835.3142	1	0	497	268	0.539235412		1	724.7118	232
0	835.81757	1	0	498	268	0.53815261		1	730.33386	233
0	836.0727	1	0	499	268	0.537074148		1	747.4115	234
1	836.0971	0	1	499	269	0.539078156		1	748.39465	235
0	836.3235	1	0	500	269	0.538		1	749.0614	236
0	837.11237	1	0	501	269	0.536926148		1	749.57886	237
1	837.39526	0	1	501	270	0.538922156		1	751.5329	238
0	838.8775	1	0	502	270	0.537848606		1	752.062	239
1	839.9475	0	1	502	271	0.539840637		1	755.4629	240
0	840.1365	1	0	503	271	0.538767396		1	756.9831	241
1	841.2974	0	1	503	272	0.540755467		1	758.3449	242
1	841.81537	0	1	503	273	0.542743539		1	769.8142	243
0	842.1487	1	0	504	273	0.541666667		1	772.3963	244
1	842.2459	0	1	504	274	0.543650794		1	772.62866	245
1	842.5141	0	1	504	275	0.545634921		1	773.4786	246
0	842.9052	1	0	505	275	0.544554455		1	774.17786	247
0	844.66565	1	0	506	275	0.543478261		1	775.1119	248
0	846.8078	1	0	507	275	0.542406312		1	779.6607	249
1	846.80884	0	1	507	276	0.544378698		1	783.485	250
1	847.38574	0	1	507	277	0.546351085		1	785.19885	251
1	847.77997	0	1	507	278	0.548323471		1	795.12195	252
0	847.8134	1	0	508	278	0.547244094		1	797.29694	253
0	848.3158	1	0	509	278	0.546168959		1	798.6135	254
1	849.68085	0	1	509	279	0.548133595		1	799.2459	255
0	852.59454	1	0	510	279	0.547058824		1	799.6554	256
0	853.3479	1	0	511	279	0.545988258		1	804.99963	257
0	853.8513	1	0	512	279	0.544921875		1	806.4752	258
0	854.6071	1	0	513	279	0.543859649		1	806.8843	259
0	855.1117	1	0	514	279	0.542801556		1	807.1309	260
0	855.61456	1	0	515	279	0.541747573		1	807.4308	261
0	855.8663	1	0	516	279	0.540697674		1	808.8296	262
0	857.37585	1	0	517	279	0.539651838		1	809.16394	263
0	858.1303	1	0	518	279	0.538610039		1	815.17	264
0	858.6331	1	0	519	279	0.537572254		1	815.71387	265
1	858.69727	0	1	519	280	0.539499037		1	828.0166	266
0	860.3947	1	0	520	280	0.538461538		1	829.59674	267
0	860.6467	1	0	521	280	0.537428023		1	832.24445	268
0	861.6523	1	0	522	280	0.536398467		1	836.0971	269
0	862.96405	1	0	523	280	0.535372849		1	837.39526	270
1	862.965	0	1	523	281	0.537284895		1	839.9475	271
1	863.28143	0	1	523	282	0.539196941		1	841.2974	272
0	866.8384	1	0	524	282	0.538167939		1	841.81537	273
0	868.1027	1	0	525	282	0.537142857		1	842.2459	274
0	868.59955	1	0	526	282	0.536121673		1	842.5141	275
0	869.3535	1	0	527	282	0.535104364		1	846.80884	276
0	870.3636	1	0	528	282	0.534090909		1	847.38574	277
0	871.8709	1	0	529	282	0.533081285		1	847.77997	278
0	872.122	1	0	530	282	0.532075472		1	849.68085	279
0	872.3727	1	0	531	282	0.531073446		1	858.69727	280
0	885.412	1	0	532	282	0.530075188		1	862.965	281
0	885.9133	1	0	533	282	0.529080675		1	863.28143	282
1	886.36597	0	1	533	283	0.530956848		1	886.36597	283
0	887.4257	1	0	534	283	0.529962547		1	887.64813	284
1	887.64813	0	1	534	284	0.531835206		1	888.15314	285
1	888.15314	0	1	534	285	0.533707865		1	888.7645	286
0	888.43494	1	0	535	285	0.53271028		1	890.0157	287
1	888.7645	0	1	535	286	0.534579439		1	891.9987	288
1	890.0157	0	1	535	287	0.536448598		1	892.29755	289
0	890.6976	1	0	536	287	0.535447761		1	899.2009	290
0	891.2004	1	0	537	287	0.534450652		1	900.6312	291
1	891.9987	0	1	537	288	0.536312849		2	186.17906	
1	892.29755	0	1	537	289	0.538175047		2	244.93787	
0	894.9576	1	0	538	289	0.537174721		2	289.21573	
0	895.4607	1	0	539	289	0.536178108		2	325.53564	
0	895.7121	1	0	540	289	0.535185185		2	365.30478	
1	899.2009	0	1	540	290	0.537037037		2	478.7237	
0	899.9904	1	0	541	290	0.536044362		2	513.25806	
1	900.6312	0	1	541	291	0.537892791		2	673.18195	
0	900.99603	1	0	542	291	0.536900369		2	816.22955	
