0,2.7877417
0,4.047896
0,5.565111
0,6.0691395
1,7.528869
0,8.787591
0,9.040738
1,9.440202
0,11.054153
0,12.568764
0,12.819691
0,13.070825
0,21.185835
0,21.687737
0,21.939482
0,22.190483
0,24.20346
0,25.46178
0,26.216953
0,27.253706
0,28.51154
0,28.763834
0,30.523779
0,31.02807
0,31.278683
0,32.034924
1,32.0981
0,32.28695
0,32.538486
0,32.790024
0,33.54364
0,34.047127
0,34.2982
0,34.548798
0,35.8053
1,36.67892
0,37.067684
0,38.074867
0,39.084713
0,39.33581
0,39.841408
1,47.144314
0,47.151745
0,47.655018
1,48.24544
0,49.681107
0,50.69546
0,51.22503
0,52.845222
1,52.845825
0,54.109592
0,54.360992
0,55.622993
0,55.87425
0,56.126183
0,56.63032
0,57.132748
1,58.545406
0,58.641487
0,59.397247
0,60.65482
0,61.15818
0,61.40936
0,61.660057
1,64.34656
1,65.31647
1,65.61004
1,78.21496
0,79.47451
0,79.97766
0,80.732574
0,80.98514
1,81.880196
0,82.24185
0,82.99778
0,84.00365
0,85.011375
0,85.76758
1,85.93101
0,87.27473
0,87.526
1,89.42782
0,89.53968
1,89.87564
0,90.294975
0,91.04827
0,91.29955
1,94.51507
0,94.82303
0,96.33361
0,96.58451
0,96.835884
0,97.08733
0,98.84804
0,99.10086
1,99.97308
0,100.61937
0,101.62739
0,102.63458
0,103.13669
0,105.23541
1,105.236176
1,120.815216
0,122.076904
1,123.09712
1,124.16335
0,124.5881
1,125.46434
1,126.063934
0,130.27238
0,130.5237
1,131.52893
0,132.03587
1,132.40375
0,132.79141
1,132.86533
0,133.29413
0,133.7985
0,134.3029
1,134.54758
0,134.80563
1,135.3985
0,136.32071
1,137.46645
1,138.53162
1,139.16504
0,142.86172
0,143.36641
0,143.61722
1,143.61803
0,143.86974
0,144.122
0,144.37376
0,145.94688
1,145.94788
1,146.09862
0,147.20522
1,147.38219
0,147.45686
0,147.96092
0,148.21234
1,148.3817
0,149.47092
0,152.75359
0,153.00684
0,153.50882
0,154.67108
0,155.67969
1,158.167
0,159.19926
1,159.53268
1,160.5822
0,161.96848
0,162.2204
0,164.23436
0,164.73563
1,164.7919
1,166.33995
1,166.98354
2,167.33319
1,180.83536
1,181.9994
0,182.0934
1,183.09706
0,183.10031
0,184.10799
1,184.41612
0,184.86215
0,185.11964
1,185.36734
1,186.26698
1,189.91858
0,190.49925
0,190.75049
0,193.26453
1,193.35043
0,195.02673
0,196.30884
1,196.30948
1,196.58319
0,196.81189
0,197.56592
0,197.81721
0,198.57121
0,198.82204
1,199.16623
1,199.6011
1,200.06812
1,201.76715
0,202.09145
0,204.10258
0,207.1406
0,208.39734
1,208.4718
0,208.64883
0,210.91975
1,211.71658
0,211.93097
0,212.18234
2,213.40913
1,223.41974
0,224.92847
0,225.17975
0,225.68405
0,225.93617
1,226.95091
0,229.20709
0,230.21852
0,231.22603
0,231.98119
0,232.48462
1,233.47137
0,233.99571
0,235.1557
1,235.15659
1,235.53522
1,236.27039
0,236.41301
0,236.91685
0,237.16757
1,237.71878
1,238.61885
0,239.43404
0,239.9362
0,240.94246
0,241.19502
0,241.447
0,241.94925
0,244.0391
0,244.29236
0,244.54355
1,257.65408
1,258.09134
0,258.912
0,259.41452
0,259.66528
0,260.17392
0,260.42493
0,263.69705
1,263.85342
0,263.94836
1,264.26385
0,264.4517
1,265.20297
0,266.21136
1,266.63705
1,267.4544
1,271.2681
1,275.46115
0,276.7198
0,277.22272
1,277.25253
0,277.4739
0,278.98178
1,279.10394
0,280.24088
0,281.24988
0,282.00458
0,282.75928
0,283.01053
0,283.26285
0,283.51343
1,289.00253
0,289.24948
0,289.7529
0,290.00397
0,290.2542
1,294.8199
0,295.1216
0,295.37228
0,295.6265
0,296.1295
0,296.63257
0,297.35773
1,297.35864
0,298.61658
1,298.793
0,298.87024
0,299.12045
0,299.3731
0,299.6243
1,300.4379
0,301.6354
0,303.3945
0,303.64514
0,304.14886
0,304.65118
1,321.42108
1,322.88876
1,323.8086
0,324.3342
0,326.13586
0,327.39374
0,327.64557
1,328.55423
0,328.90338
1,330.43896
0,331.1676
0,331.41974
1,331.50928
0,331.67072
0,331.9241
0,332.1754
0,332.67847
0,332.92886
0,333.68323
0,333.9346
1,335.42148
0,336.95782
1,337.08884
0,337.71222
0,338.2152
0,338.4674
0,338.71857
0,339.22083
0,341.8992
1,343.2219
1,345.88898
0,346.425
1,346.7059
1,347.0189
0,347.17834
0,347.68073
0,348.91934
0,349.171
0,350.17474
0,350.67874
0,350.9305
0,351.4342
0,351.68546
1,351.8394
0,351.9368
2,351.95667
0,356.7759
1,357.94028
0,358.03925
0,358.5413
0,358.79224
0,359.0442
0,359.29504
0,360.55118
0,361.05322
0,361.8073
0,362.8132
0,363.06403
0,363.56674
0,364.0692
0,365.32715
0,365.57812
1,366.30713
0,366.58496
1,367.9061
0,370.61285
0,371.1188
0,393.9192
1,393.92664
1,394.76233
0,395.18396
1,395.31415
1,395.7746
0,396.19012
0,396.44293
1,397.30786
1,398.20862
0,398.4754
0,398.97852
1,402.6428
0,403.10437
1,405.8418
0,405.87094
0,406.63034
0,409.44095
0,409.94327
0,412.04425
1,412.04715
0,412.79788
1,413.54242
1,413.67493
0,413.80386
0,414.31018
1,414.3927
0,414.81448
1,414.91638
0,415.06537
1,415.4283
1,416.11896
0,419.09305
0,419.3456
0,419.59686
1,421.73788
0,422.24072
0,422.74414
1,423.63187
0,438.06473
0,438.57285
0,439.08514
0,439.58838
1,441.3276
0,442.10522
1,443.1805
1,444.02692
0,444.1447
0,444.4011
0,445.1625
1,445.54398
0,446.923
1,447.09564
0,447.17517
0,449.15094
0,449.6697
0,450.4241
0,451.43256
0,451.93475
0,452.4366
1,454.24362
1,455.6471
1,457.38474
0,458.7286
0,461.47964
1,461.4805
1,462.16095
0,462.23663
0,462.74002
1,463.15152
0,465.7601
0,466.51425
1,466.76172
1,467.5621
0,467.7729
0,469.04196
0,469.29373
0,472.75085
0,473.25525
0,473.50693
1,474.11078
0,475.01892
0,475.52176
1,476.36063
0,478.28986
0,478.54092
1,478.72903
0,479.0447
0,481.30646
1,481.3072
1,486.15863
1,486.52884
0,486.6446
0,487.9052
0,489.1628
0,489.41376
0,489.91663
0,490.16803
0,491.17526
0,492.18118
1,492.9259
0,493.17834
0,494.18616
0,494.68817
0,494.9402
0,495.19156
0,495.44345
1,495.52832
1,496.5619
0,496.95306
0,498.2133
0,499.47137
0,499.97437
0,500.22586
0,500.47818
1,512.61816
0,513.8759
1,514.9789
1,515.2104
0,515.8915
1,516.2953
0,516.64764
0,517.15344
0,517.40546
1,517.5127
1,518.4143
0,518.6627
1,518.9842
0,519.9197
0,521.43
0,522.1859
1,523.5319
1,524.77936
0,525.0512
1,527.7632
0,528.32434
0,528.82764
0,529.5816
0,530.58704
0,531.5908
1,531.5917
1,532.0209
0,532.09314
0,532.59863
0,532.8506
1,533.3255
0,533.3535
0,533.6056
0,533.85754
0,534.1094
0,534.36456
1,534.5302
1,535.4802
1,537.2466
0,538.39655
0,538.6491
0,538.8996
0,539.4016
0,542.58014
1,542.58105
0,543.83673
1,545.9796
0,546.3558
0,546.6081
0,547.1125
2,547.8009
1,564.6389
1,565.7981
1,568.0494
0,570.90027
0,572.1726
0,572.4249
1,574.45544
0,574.9396
0,575.73285
0,577.2459
0,577.76263
0,578.0129
0,579.0264
0,580.18787
1,580.1889
1,580.60297
0,580.9487
0,581.45123
0,581.95526
0,582.20624
1,582.2686
0,582.9628
1,583.8229
0,584.99786
1,585.06793
0,587.2675
0,587.52045
0,596.6878
1,596.6996
0,596.93854
1,598.43256
0,598.7101
1,599.48413
0,599.71716
0,600.47284
0,600.7238
1,600.868
0,600.9768
0,601.22833
1,601.29895
0,601.7297
0,604.46466
1,606.85785
1,607.8001
1,608.328
0,608.7899
1,609.41534
0,609.55475
1,610.14954
0,610.8151
1,611.1164
0,611.571
0,612.3257
0,612.57684
0,614.0851
0,617.8904
1,618.733
0,623.4204
1,623.42126
0,624.68115
0,625.18396
0,625.93915
0,626.6933
1,626.9995
0,628.9572
0,629.45874
0,629.96216
0,630.2134
0,631.9767
0,633.3776
1,645.38837
0,647.14746
0,647.65045
0,647.9023
0,648.15247
0,650.16907
0,651.1741
0,653.708
1,654.1188
0,654.4627
1,654.59955
0,654.7269
0,654.97925
0,656.46985
1,656.4707
0,657.7483
0,657.9997
1,658.1412
0,658.254
0,658.50616
0,660.27515
0,660.7809
1,661.51776
0,661.79175
2,662.1355
0,667.7709
1,667.7718
0,669.02826
0,669.5328
0,670.0367
0,670.28906
0,671.5458
0,671.79816
1,673.2968
0,673.3099
0,674.56616
0,675.07025
0,675.8252
0,676.3289
0,676.5804
0,677.0835
0,677.58673
0,678.08984
0,678.3405
1,687.5887
1,688.6194
0,688.8433
1,689.83575
0,690.60657
1,690.8532
1,691.26776
0,691.3616
1,692.38635
0,692.6205
0,693.1243
0,693.3864
1,693.38995
0,696.2864
1,696.28735
1,698.5187
1,699.6208
0,700.0642
1,701.00415
0,701.3295
1,701.78723
1,702.95355
1,703.92194
1,704.20355
0,704.3615
1,706.27527
0,706.63257
1,707.34564
0,708.67255
0,714.73706
1,720.5579
0,722.3437
0,722.59595
0,722.8469
0,723.3501
1,724.08466
0,724.60925
0,725.86664
1,726.3197
0,726.87427
0,727.1263
0,728.1329
1,736.7255
0,737.4487
0,738.2046
1,738.5538
0,738.70874
0,739.2135
1,739.4433
0,740.4703
1,740.55334
0,741.72833
0,742.4844
0,744.3591
0,745.1137
0,745.617
0,748.1409
0,748.8964
0,750.1609
1,750.64716
1,758.61334
1,759.8531
0,759.8696
0,760.37427
0,760.6266
0,760.8826
1,761.0994
1,761.52136
1,762.8318
0,762.895
1,764.1716
0,764.4068
0,765.414
0,767.13184
1,767.1328
1,768.12274
0,768.39136
1,768.7729
0,768.8933
0,769.14386
1,769.2225
1,769.8446
0,770.41437
0,771.44147
0,771.9433
0,772.69684
1,772.94214
0,773.19904
0,773.70233
1,774.5283
1,774.99194
1,775.564
1,776.1781
1,777.85657
0,780.01447
0,781.7749
1,782.64935
0,783.0416
0,783.2927
0,783.8044
0,784.3063
0,784.55865
0,787.8234
0,788.074
1,788.1376
0,788.5808
0,788.832
1,792.07025
1,793.77026
1,804.9281
0,805.9892
0,806.7432
0,806.9957
1,811.4263
1,811.68146
0,812.7873
0,813.04114
0,814.0854
0,814.84094
0,815.8502
1,816.0895
0,816.1031
0,816.3556
1,819.1098
0,819.1458
0,819.6485
0,820.1565
0,820.9095
0,821.161
0,821.66223
1,824.4417
0,824.58307
0,825.33826
0,825.59015
1,827.46185
1,828.02435
0,828.6086
0,829.36597
0,829.61676
0,830.3714
0,831.12665
2,831.48444
1,843.89075
1,844.64624
0,845.0519
1,845.29266
0,845.5588
0,846.0633
0,846.3143
1,846.4251
1,847.11316
1,848.14966
0,849.0886
0,849.84283
0,850.5989
0,851.10205
0,851.60516
0,852.35803
0,853.1157
1,853.2101
0,853.6186
1,853.7443
0,854.81
1,854.8136
0,855.062
0,856.0705
0,856.3247
0,857.0776
0,857.5818
1,857.70856
1,858.7074
1,859.0697
1,859.91876
0,861.40265
0,861.90857
0,862.6662
0,865.3378
1,865.33887
0,866.3485
0,866.59985
0,866.851
1,867.4957
1,868.76697
1,869.57886
1,870.1423
1,871.1419
0,872.16705
0,873.4624
1,875.48865
0,878.141
2,878.14166
1,892.3539
1,892.7004
0,894.1166
0,894.6193
0,894.87195
0,895.1252
1,896.6263
0,896.88464
0,897.3881
0,897.6403
1,897.6601
0,898.14417
0,899.40656
0,899.909
0,900.41327
0,900.6645
0,900.91473
