0,2.7811553
0,4.296312
0,4.823954
0,6.3458433
1,7.853053
0,9.110797
1,9.280856
0,9.613912
1,9.929629
0,11.380779
0,12.401461
0,12.652994
0,16.446579
0,18.708853
0,20.468855
0,20.991758
0,21.496227
0,22.250284
0,22.502644
0,25.77447
0,26.02672
0,26.52934
0,26.780941
0,29.018276
1,42.851368
1,44.015144
0,44.108112
0,44.6115
0,45.364986
0,45.616104
0,46.873653
0,48.13145
0,50.15114
1,52.299995
0,52.91892
0,53.170803
0,53.42229
0,53.67316
1,54.63913
0,54.679302
1,54.99179
0,55.434692
0,55.93743
0,56.189835
0,56.69378
0,56.945114
1,57.63227
0,59.208954
0,59.963314
0,61.726704
0,62.23048
0,62.481846
0,64.026405
1,64.466835
0,65.28519
0,66.54301
0,67.80065
0,68.05253
0,68.71509
1,68.715744
0,69.97296
0,70.476494
0,71.23644
1,72.48365
0,72.75136
0,73.506035
1,74.47636
0,74.52021
0,75.27967
1,75.6626
0,76.04055
0,76.54322
1,76.63617
1,77.56412
1,78.54446
1,82.64523
0,83.397575
0,83.64863
0,95.17974
1,95.21869
1,95.58422
0,95.93484
0,96.185875
1,97.55106
0,100.45901
0,101.2144
1,101.68042
0,101.7188
0,102.3086
0,102.56022
0,103.56806
0,103.81978
0,104.32144
0,104.5727
0,105.828476
1,107.26678
0,107.335396
0,107.84014
0,109.35028
0,109.60132
0,109.85419
0,111.2403
1,111.240875
1,112.845375
1,114.98141
0,115.516235
1,115.81812
1,116.10076
1,116.49447
0,117.52741
1,117.76356
0,118.02865
0,119.79574
1,123.36713
0,126.08494
0,127.09519
0,127.850075
0,128.85641
0,130.36368
1,130.91837
1,137.9476
0,139.20506
0,139.70773
0,140.2111
0,140.46332
0,141.97386
0,143.73346
0,144.23828
0,145.68135
1,145.68423
1,146.76807
0,146.93867
0,147.19159
0,148.19589
1,148.40123
0,149.20319
1,150.2025
0,151.21637
0,152.47345
0,152.97751
0,153.22958
0,158.0382
1,158.28609
0,159.0471
1,162.03598
0,162.31267
0,164.0715
1,169.70212
0,170.45605
0,170.9602
0,171.21234
0,172.72162
0,173.72678
0,174.22997
0,174.734
1,176.61426
0,176.74718
0,176.9969
0,178.25392
0,178.50607
0,179.00874
2,179.53473
1,189.80643
0,191.06398
1,191.32938
0,191.56651
0,191.81876
0,193.33925
1,193.55237
1,195.35242
0,196.61334
0,196.86543
1,198.9385
0,200.1341
0,200.386
0,201.39438
1,201.96906
0,202.65573
0,202.90746
0,203.41089
1,203.41985
0,203.66394
1,204.0414
0,204.16908
0,204.93256
1,209.51938
1,212.55891
0,213.8212
1,213.95619
1,214.52087
1,215.28615
0,215.83362
0,216.08623
1,216.2532
0,218.10387
0,218.35591
0,219.11067
1,222.7975
1,240.20946
0,241.46983
0,242.2243
0,243.73456
1,244.37134
1,244.77113
0,244.99286
1,246.20392
0,246.25119
0,249.0314
0,249.53462
0,249.78676
0,250.65776
1,250.66049
0,251.41216
0,252.67218
0,253.9302
1,254.83675
0,255.18655
0,255.68927
0,256.1938
1,256.63705
0,256.94766
0,257.95517
1,260.43533
0,261.18997
0,261.4419
0,261.69394
1,262.83835
1,263.71033
1,264.8536
1,268.29123
1,270.354
0,272.77835
1,283.11487
1,284.105
0,284.87756
0,285.63123
0,285.88187
0,286.8895
0,287.14096
1,289.84064
0,291.42438
0,291.9287
0,293.18912
0,293.69153
0,294.44525
0,294.9481
1,295.40387
0,295.45056
0,295.9549
0,296.2052
1,297.0883
0,300.23892
0,300.49066
0,300.74155
0,301.24396
0,303.78818
0,304.79465
0,306.57
1,307.01962
0,307.5749
0,308.58157
1,309.57278
1,309.83755
0,310.34323
0,310.59415
0,311.34967
0,312.33157
1,312.33228
1,313.24524
0,313.84082
0,314.09274
0,314.59705
0,314.84833
1,316.12262
0,316.61215
0,317.11414
0,317.86832
0,318.62354
0,319.37714
0,319.6294
0,321.30103
0,321.8056
0,322.05722
1,322.10596
0,323.31705
0,323.82278
0,324.32523
0,326.25043
1,326.25107
0,326.75504
1,327.1182
0,327.25876
1,327.38477
1,328.01218
0,328.01465
1,328.26956
1,337.5292
0,339.28787
0,339.7912
0,340.04337
0,341.55423
0,342.05704
0,343.56842
0,344.0721
0,345.38522
1,345.38602
0,346.14905
0,347.15402
0,347.40512
0,347.90973
1,348.6557
0,348.91727
1,348.98938
0,350.6778
0,352.19537
0,352.44666
1,354.9769
0,356.236
0,356.48755
1,358.15652
0,358.49927
0,359.00168
0,359.25275
1,360.4069
0,360.76312
1,361.72324
0,362.27264
1,362.7072
0,362.776
0,363.5313
1,363.72507
0,366.50668
1,366.50732
2,367.59143
0,372.07318
1,372.07397
0,372.8285
0,373.33133
0,374.58905
0,376.35953
0,377.86932
0,378.12064
0,378.62418
1,390.55685
0,391.43314
1,391.67337
0,391.68375
1,393.0017
0,393.19415
0,394.20032
1,394.3742
0,394.95468
0,395.45782
0,395.7104
1,396.07407
0,399.314
0,400.57242
0,400.82443
1,401.8745
1,402.95645
1,403.42365
1,403.8587
1,404.2875
1,404.96277
1,405.6136
1,405.97766
1,408.92502
1,409.7076
1,411.42496
0,412.68173
0,412.93387
2,414.17773
0,414.77966
0,419.19232
1,419.1933
0,420.44928
1,420.84113
0,421.2043
1,422.14084
0,422.20822
0,422.7106
1,423.01553
1,423.36908
0,423.7189
1,423.77402
0,424.22287
0,425.48337
0,433.97382
1,445.81036
0,447.06754
0,447.57013
0,448.0717
0,448.32437
0,448.5752
0,450.58633
0,452.11005
0,453.3697
1,453.46207
0,453.6208
0,454.1249
1,454.20215
1,457.4264
0,458.68378
0,459.18652
0,459.4384
0,459.94263
0,460.206
0,461.7178
0,462.47147
0,463.22888
0,463.73102
0,464.7358
0,465.24567
0,465.49838
1,465.89633
0,466.00226
0,466.88373
1,466.88654
1,467.07272
0,468.151
1,468.60806
0,469.4071
1,469.82648
1,471.92624
0,472.92828
0,473.43088
0,473.68304
1,476.4158
0,477.67117
0,477.92184
1,479.35916
1,480.4266
0,480.69467
0,481.19864
1,482.4283
0,482.70956
0,483.46375
0,483.9671
0,485.22446
0,485.47546
2,486.05228
0,496.3899
0,496.89496
0,497.39804
0,497.64883
0,499.4115
0,500.66855
0,501.92563
0,502.92914
0,504.69052
0,504.94302
0,505.69888
0,506.20935
0,506.4613
0,506.71268
0,506.96307
0,507.2144
0,507.46628
0,507.71768
0,507.969
0,508.72507
0,508.98395
1,509.07217
0,509.233
1,509.71594
1,510.74506
1,511.4401
0,512.0094
1,512.1092
1,512.87585
0,513.0151
1,513.97675
1,514.8949
0,515.2955
0,516.0497
0,516.5597
0,516.81036
1,519.7061
1,522.74274
1,537.26025
0,538.2596
1,538.39514
0,538.7629
1,538.9111
0,539.01337
0,539.26526
1,539.8276
1,540.01416
1,540.67645
0,541.5624
1,541.984
0,543.34576
0,543.6073
1,543.6362
0,544.367
1,544.8437
0,544.8703
1,545.5441
1,547.74634
0,551.4885
1,551.8964
0,552.24384
1,552.4072
1,553.6083
1,554.6412
0,554.8685
0,555.1206
0,555.37115
1,555.44495
0,555.62354
1,556.6779
0,557.40326
1,557.4609
0,558.4146
1,558.4887
0,558.91864
0,559.67255
0,560.42725
0,561.1863
1,563.7549
0,565.0132
0,565.2644
1,566.7788
1,567.13916
1,568.6942
1,570.9614
0,574.5766
1,574.631
0,575.07965
0,575.58276
0,575.8358
0,576.94275
2,576.94324
1,589.14526
0,590.3229
1,590.428
0,590.8265
0,591.07886
0,591.5879
0,591.83954
0,594.8795
0,595.38885
0,595.9014
0,596.90875
0,597.41064
0,598.6665
1,598.6674
0,599.9317
1,600.01447
0,600.4338
1,601.32983
0,601.692
1,602.3945
1,604.1463
0,605.71436
0,606.22144
0,606.4747
0,607.6469
1,607.64777
1,607.89685
0,608.65295
0,608.9055
0,609.1581
1,610.6932
1,611.4626
1,612.94275
0,613.4547
1,614.2085
0,614.9614
0,616.22046
0,616.4721
0,616.98737
0,618.24176
2,618.2423
0,625.6526
2,625.6532
1,640.66394
1,641.40497
0,641.92535
1,641.97754
0,642.1767
0,642.42737
0,642.6779
1,642.9629
1,643.4472
1,644.5803
1,645.5138
0,645.6995
0,645.9501
0,646.20294
1,646.3301
0,648.4667
1,648.9458
0,649.47174
0,649.72284
0,650.7302
0,651.48553
0,652.7431
1,652.77893
0,652.9947
0,653.50055
0,655.27814
1,655.59625
1,657.1383
1,658.7138
0,658.8344
1,659.23737
0,659.33734
1,659.61615
1,660.1537
1,660.4145
1,660.6372
0,661.6082
0,661.8636
0,662.1251
2,663.63275
1,679.43414
0,680.6909
1,680.7298
1,681.4208
1,682.21405
1,682.9303
1,684.38043
0,684.4663
0,684.7177
1,684.8981
1,685.464
1,685.8636
0,687.2354
1,687.8481
0,688.24146
1,691.181
0,692.5232
1,693.63495
0,694.6396
1,695.2647
1,696.73047
1,696.98126
1,697.33026
1,698.24854
1,698.814
1,699.0477
1,699.7814
1,700.3135
1,700.93256
0,701.4296
1,704.348
0,708.72784
0,709.9878
1,710.7998
0,711.7471
0,714.0229
0,714.2757
0,726.14264
0,726.6451
0,727.1496
0,727.40155
0,727.65216
1,728.9556
0,731.1756
0,731.68134
1,731.84766
0,731.93243
0,732.4366
1,733.0642
0,733.18994
0,734.9474
1,735.4158
0,736.95807
0,737.20905
0,737.461
1,737.56195
0,737.7122
1,737.8643
0,738.7181
1,739.1621
0,739.47504
1,753.96954
0,755.2248
1,756.00726
1,756.6661
1,756.88245
1,758.0828
1,758.6497
1,759.43195
0,759.5079
0,759.7601
0,760.01044
1,760.2488
0,760.262
0,762.6634
1,762.66425
1,762.8671
0,762.9146
0,763.41974
0,763.9228
1,765.2702
0,766.192
1,767.433
1,767.7998
0,768.45856
0,769.2117
1,769.42096
0,769.4639
0,770.62006
1,770.621
1,771.22675
0,771.3755
0,771.87585
2,771.9805
0,785.65424
0,786.15735
0,787.68896
0,788.1915
0,788.4429
1,789.8744
1,790.06726
1,791.24286
1,792.38367
1,794.7211
0,794.7418
0,795.245
0,795.4963
0,797.10547
1,797.3006
0,797.35724
0,797.6107
0,797.8618
0,798.3846
0,798.6387
1,798.96643
0,799.1423
0,799.394
1,799.60266
1,800.0687
0,801.4062
0,801.65717
0,801.9085
0,802.41003
0,803.16516
0,803.41626
0,803.6675
0,803.9189
0,804.4231
1,807.4506
0,807.7596
0,808.0103
1,809.2677
1,810.7775
1,811.1163
0,811.5465
1,811.69574
1,811.95013
1,813.3997
0,813.82794
1,813.97833
1,814.21625
1,814.551
1,814.84534
1,815.2252
1,815.8678
1,817.0163
1,818.3294
1,820.34467
1,830.9478
0,832.2073
1,832.2219
0,832.7102
1,833.1834
0,833.2141
0,833.4656
1,834.0836
1,834.6338
0,834.7231
0,835.47815
1,835.6508
0,835.9829
1,836.0541
0,837.2411
1,837.41815
0,837.7444
1,838.1349
0,840.515
0,840.7662
1,841.11786
0,844.0336
0,844.53644
0,845.7971
1,845.7979
0,846.8038
0,847.0552
0,847.3059
1,847.76825
1,849.20013
1,849.4511
0,849.567
1,849.96893
1,850.2683
1,850.781
1,851.05054
1,851.3347
0,852.0814
0,852.3327
0,852.83624
2,854.03955
1,868.6074
0,869.8676
1,870.08527
0,870.3713
0,870.87366
0,871.37744
0,873.8919
0,874.3936
0,874.6456
0,875.9021
0,876.40424
1,880.70264
0,881.54504
0,882.0567
0,882.8134
0,883.0638
1,884.2512
0,884.8245
1,885.38477
1,886.25946
1,888.40234
0,889.86566
0,890.11743
0,893.02997
1,893.28577
0,894.036
0,894.28687
0,894.5375
1,895.23987
1,896.25073
1,897.00244
1,897.5016
1,897.6781
1,898.0057
1,898.17596
1,898.4888
1,898.6347
0,898.81366
1,898.89844
0,899.06464
