0,2.7885203
0,4.050935
0,5.307764
0,7.0768466
0,8.839336
0,9.346967
0,13.136972
0,13.388562
0,13.639064
0,13.890704
0,14.39381
0,14.896467
0,15.149136
0,15.404741
0,15.657118
0,15.909636
0,16.414444
1,17.85754
0,19.1167
0,19.368832
0,20.373205
0,21.127556
0,23.143656
0,23.897932
0,24.90336
0,25.155514
0,25.658978
0,25.910837
0,28.976822
1,28.977821
0,30.2548
1,31.93644
0,32.283646
1,32.818863
0,33.2909
0,33.79547
0,34.802418
0,35.55493
1,35.702724
0,35.808937
0,36.814972
0,38.323776
0,39.091156
1,39.09173
0,39.34329
0,40.384155
0,40.892708
0,41.153023
0,41.405666
0,42.931698
0,43.434536
1,44.084343
0,44.69101
0,45.443417
0,45.69414
0,55.44665
1,55.447315
0,56.709274
0,57.217575
0,57.469597
0,57.729744
0,58.73769
0,58.99038
0,60.770397
0,61.80692
0,62.81307
0,64.716965
0,66.02014
0,68.78569
1,68.80186
0,69.291145
0,69.54483
0,69.79579
0,70.04766
0,71.054596
0,71.80836
0,72.06068
0,74.71659
1,74.951
1,75.95757
0,75.97559
0,76.22639
1,81.048904
0,82.30563
0,82.80889
0,83.31111
0,83.56274
0,83.814415
0,84.31661
0,84.56967
0,84.82186
0,85.82655
0,86.58235
0,86.833824
0,87.84296
0,88.84915
0,103.762405
0,104.013176
1,104.06971
0,105.52243
1,106.685684
0,106.78088
1,107.851746
0,108.792046
0,109.04265
0,109.546974
0,109.79813
0,110.04861
1,113.77591
0,115.94197
1,115.94256
0,117.19846
0,117.449394
1,117.90293
1,119.226524
1,120.0038
0,120.49247
1,120.55258
0,122.75653
0,123.01931
0,123.52182
0,123.772446
0,124.275894
0,124.77798
0,125.02992
0,125.78455
0,126.53963
1,127.00594
0,127.29479
0,129.05574
0,132.57718
0,134.08427
1,134.20413
0,135.3279
1,135.33087
0,135.83017
0,136.08057
0,136.3323
0,137.8417
1,138.62164
0,140.10614
0,143.12213
1,146.05415
1,147.31496
1,158.58977
0,159.8574
0,160.3899
0,161.16264
0,161.41495
0,162.67429
1,164.46501
0,164.93788
0,166.4501
0,166.70122
0,167.20407
1,167.38867
0,167.45518
0,168.20934
0,169.46465
0,169.71654
0,170.2203
1,170.58943
0,172.73294
0,173.99136
0,174.76433
0,176.22552
1,176.22647
0,177.2304
0,177.48344
0,177.73438
1,178.10533
1,178.54922
1,179.325
1,179.59256
0,180.01804
0,181.28001
0,182.04964
0,183.29913
1,183.30022
0,183.55898
0,184.0642
0,184.56775
0,185.07138
0,185.32172
0,185.57314
0,185.82457
1,186.28839
0,187.84122
0,190.85793
0,191.36118
0,193.30557
1,193.30623
1,210.47272
0,211.72896
0,212.23344
0,212.73628
0,212.98799
0,214.49965
0,215.7585
0,216.76465
0,218.0225
0,218.77623
1,220.3566
0,220.53352
0,221.03712
0,221.5388
1,222.28864
1,223.77122
1,225.4558
0,245.90642
0,246.15906
0,246.9138
1,247.05551
1,247.77373
1,248.65619
0,248.92516
1,249.92342
1,250.62347
0,250.93846
0,251.44337
0,251.69513
1,251.90657
1,254.97736
0,255.2274
1,255.98885
0,256.23358
0,256.48422
0,257.49304
0,258.24933
0,259.2564
1,259.65826
1,260.987
1,261.8401
0,262.52307
0,262.7758
0,264.52637
1,264.52722
1,265.3397
0,265.5319
0,265.78244
0,266.78635
0,267.0387
0,269.55237
0,269.8047
0,270.55975
0,270.81232
0,271.0632
0,271.31458
1,275.53217
0,276.2873
1,277.42392
1,277.6739
1,278.85764
1,292.17392
0,293.81827
0,294.32324
0,294.57562
0,294.82648
0,297.3486
0,299.36398
1,299.376
0,299.8667
0,300.1181
0,300.36972
1,303.6756
1,323.60873
1,324.17505
0,324.8674
0,325.11954
0,325.8786
1,325.9081
1,326.293
1,326.94232
1,327.3248
1,327.82425
0,328.90207
0,329.65744
0,330.15973
0,330.411
1,333.10992
0,334.18567
1,335.1093
1,335.44186
0,335.69653
0,336.45346
0,337.46085
0,337.7134
1,337.8829
0,338.21518
0,339.18048
1,339.18137
1,339.63174
1,340.3584
0,340.4392
0,340.69025
0,340.94174
1,340.95706
0,341.4448
0,341.6961
1,341.90833
0,344.46167
0,345.71948
0,345.97067
0,346.47598
0,346.9786
1,350.05872
0,350.72397
1,353.26083
0,353.74683
1,353.92395
1,354.24246
0,354.75302
1,356.01782
2,357.89142
1,372.59738
1,373.72675
0,373.85748
0,374.61343
1,375.91074
0,376.8777
1,376.95828
1,377.72604
0,378.38586
0,379.39215
0,380.14563
0,380.65054
0,382.16318
0,382.41434
0,383.98135
1,384.3085
0,385.23602
0,385.48947
1,385.90863
1,386.55847
1,387.14368
1,388.67548
0,388.76187
0,389.01373
0,389.51703
0,389.76862
0,390.2712
0,390.77643
1,391.00952
0,393.04172
0,393.5429
1,394.1876
0,395.05142
1,397.8777
1,398.28253
0,398.82443
0,400.43088
1,400.43185
1,401.1931
2,401.85867
1,416.91235
0,418.17828
0,418.4305
0,418.6913
1,419.0264
1,419.70993
1,419.94293
0,419.95502
0,420.45786
0,420.7096
0,421.2122
1,421.54294
1,422.09375
0,422.4686
0,422.72073
0,422.97238
1,423.00916
0,423.22406
0,423.7281
1,425.57678
1,429.7546
0,429.982
0,431.10596
1,431.10675
0,431.61087
0,432.36554
0,432.86935
0,433.12097
0,433.3715
0,433.62314
0,434.1248
1,434.59323
0,434.88126
0,437.6527
0,438.16077
0,438.92493
0,442.19214
1,442.1928
0,442.69385
1,443.0774
0,443.20007
1,444.55057
0,444.71027
1,444.79382
0,445.7317
1,446.2653
0,446.7394
1,447.1002
0,447.9999
0,448.50174
0,448.75333
1,449.94403
0,450.01135
0,455.04965
0,455.57248
1,455.8801
0,459.30695
1,459.30783
1,459.6441
0,460.56693
0,461.33582
1,461.4131
0,461.5899
0,462.1022
0,463.12128
0,463.6445
0,464.92734
1,465.4914
0,465.93634
0,468.95383
0,469.7107
0,470.21426
0,471.2204
0,471.4725
0,473.23465
0,474.49292
0,474.99908
1,476.10995
0,476.5334
0,477.03757
0,478.0427
0,478.79825
0,479.8045
0,480.05585
0,480.30835
0,481.3145
0,481.56616
0,483.3281
0,483.57877
0,494.9571
1,495.56195
0,496.21423
1,496.7281
0,497.72452
1,497.97845
0,499.2408
1,499.4616
0,499.49188
1,500.33893
1,503.3392
1,503.9658
0,504.34418
1,504.86078
0,506.8625
1,507.41068
0,507.87082
0,508.12335
0,508.3742
1,508.44592
0,509.38458
0,510.13867
0,510.39114
0,511.14502
0,511.89902
1,512.2296
0,520.75916
1,521.1259
0,521.26184
0,521.5148
0,521.76666
0,527.2994
0,527.8015
0,531.3259
0,532.3313
1,534.1939
0,535.45123
0,535.7029
1,535.83026
0,535.95447
0,536.20624
0,536.71027
0,536.965
1,536.99554
0,538.72626
0,538.9791
0,539.481
0,541.2537
0,542.5276
1,542.5283
1,542.6953
0,543.78467
0,544.03613
1,544.05225
0,546.5548
0,546.8072
0,547.3118
1,547.6508
0,547.81573
0,548.06805
0,549.3259
0,549.8304
0,550.08215
0,550.3336
0,550.83716
0,551.08966
0,551.56696
1,551.5678
1,551.81287
0,551.81836
0,552.31995
1,552.646
0,553.0776
0,553.3297
0,553.57983
1,553.9808
0,554.0831
0,554.3342
1,554.4131
0,556.3587
1,556.69617
0,557.87305
0,558.1241
0,558.37695
1,562.6044
1,562.9284
1,565.36536
1,566.61304
0,567.1294
1,567.2118
1,567.4288
0,567.8843
0,568.88916
1,569.4306
0,569.6516
0,570.15466
0,571.6628
1,575.25116
1,580.2126
1,581.2803
0,581.3946
0,581.6461
1,581.9472
1,582.8631
0,583.15717
0,583.4092
0,584.4163
1,584.4627
0,585.17334
0,585.92596
1,586.0637
0,586.4294
1,586.61395
0,586.68146
1,588.557
1,589.1156
0,595.4428
1,595.4955
0,596.7042
1,607.2968
1,608.6675
1,609.16455
1,609.7629
0,611.0536
1,611.0544
0,612.3134
0,612.56726
0,613.8251
0,614.5796
0,614.8312
0,615.0829
1,615.1796
0,615.8382
0,616.34106
1,618.45197
1,621.70044
1,621.93286
0,623.5547
1,623.5555
1,624.0513
1,624.44916
0,624.8145
1,625.46466
0,625.8215
1,626.66486
0,627.0794
0,627.83655
0,629.60376
0,629.8559
0,630.1076
0,630.3579
1,632.9397
1,633.3141
0,634.2035
0,634.45404
1,637.2504
1,637.5157
0,638.23
0,641.0028
0,641.2551
0,643.1168
1,643.3159
0,643.3675
0,643.6185
0,643.8705
0,644.12256
1,644.23505
0,644.37494
1,644.56415
0,644.62726
0,644.8788
0,645.132
0,646.1403
1,646.1676
0,648.65936
0,649.1628
0,651.5824
1,651.5831
0,652.5867
1,653.49744
0,655.10913
0,655.3608
1,655.52814
0,655.8627
1,656.2556
1,656.58405
0,657.3705
0,658.6289
1,660.1387
1,660.5206
0,665.1819
1,665.9177
1,667.1875
1,667.68207
2,667.8648
1,681.56256
0,682.82074
1,682.98254
0,683.32605
1,683.3977
0,683.578
0,683.8292
0,684.0803
0,689.87787
0,690.6328
0,691.38654
0,691.6451
0,693.0966
1,693.09766
0,693.603
1,694.3149
0,694.35803
0,694.61017
1,695.3481
0,695.6182
0,695.8695
0,696.12054
0,697.8833
1,698.2668
0,698.89087
0,699.14954
0,700.15656
0,700.91034
0,702.3777
1,702.3786
0,703.38727
1,703.5341
1,706.65924
0,707.17584
0,709.69934
0,710.20233
0,711.20325
1,711.2041
0,711.4543
0,712.46014
0,712.7121
0,712.9629
0,713.21576
0,713.4687
1,713.71533
1,714.03314
0,714.4769
1,714.98346
0,716.7604
0,717.76825
0,718.27325
0,718.7773
0,719.02966
0,719.78894
0,720.80316
0,721.30597
0,722.31226
0,723.06836
0,724.07776
0,724.3284
0,724.83136
0,725.83813
0,726.3482
0,726.862
1,727.4287
0,727.61835
0,728.62354
0,729.62854
0,730.13275
1,731.0677
0,731.399
0,733.41486
0,734.1722
1,734.30084
0,734.67554
0,735.1777
0,735.4296
0,736.1852
0,736.4368
0,737.2004
0,737.7037
1,738.9592
0,739.4046
0,739.6562
0,740.6627
1,741.6178
0,743.9332
0,744.93945
0,745.94885
0,746.1998
1,747.11774
1,747.3959
0,747.46954
0,748.22577
0,748.4774
0,749.1181
1,749.1191
0,749.8749
1,749.9381
1,749.967
1,750.0187
1,750.06635
1,750.10065
0,750.37854
0,750.8815
0,751.3874
0,751.63947
0,752.142
1,752.5844
0,755.671
0,756.1725
0,756.9272
0,757.17816
0,758.4367
1,758.84106
0,758.9405
0,760.7064
0,761.21027
0,761.4611
0,762.4676
1,763.75085
0,766.4971
0,767.0
0,767.25146
1,767.91815
0,768.25745
0,769.5165
1,770.96735
0,771.78217
0,772.53845
0,773.0437
0,774.0529
0,774.80835
0,775.06104
0,790.41534
1,794.80145
0,794.9561
1,795.26886
1,796.11774
0,796.2124
0,796.97125
1,797.55347
1,799.10205
0,799.7471
0,800.2503
0,800.50226
0,801.25653
1,802.1319
1,805.46857
1,806.4044
0,807.3121
1,808.4162
1,809.31885
1,810.86835
1,816.0029
0,816.6622
1,816.794
0,817.1644
0,817.4148
0,817.6675
0,818.9225
0,819.17426
0,820.1902
0,821.19495
0,821.9492
0,823.2125
0,823.7153
0,823.96765
1,825.12036
0,825.22455
0,825.47565
1,825.5384
0,826.23444
0,826.7431
1,826.9024
1,827.3359
1,829.9348
0,830.5204
0,831.023
1,831.5718
0,833.0821
1,835.01855
0,835.095
0,835.3461
0,835.8503
1,836.25085
0,839.6262
0,839.87805
0,840.37946
0,840.8826
0,841.3863
0,841.6374
0,841.88885
1,841.98804
0,843.9014
0,845.4087
1,845.9965
0,846.749
0,849.2787
0,849.5296
0,850.5358
0,851.038
0,851.2897
0,851.542
1,852.71875
0,852.80347
0,853.3061
1,853.5431
0,854.05914
0,854.5615
0,855.31665
0,855.8201
0,856.32367
0,857.3295
0,858.08435
0,858.94196
1,858.943
0,859.1928
1,859.70245
0,860.4532
1,860.8039
0,861.2064
1,861.3113
0,861.45764
1,862.0363
1,862.72656
0,862.9691
0,865.7395
0,865.9906
0,866.24365
0,867.0011
0,867.5075
1,868.6283
1,880.5377
0,881.7955
0,882.2987
1,882.70233
0,883.0576
0,883.3093
1,883.80975
0,884.8182
0,888.1065
0,888.35864
0,888.8606
0,889.7719
1,889.7728
0,890.53253
0,891.5427
1,891.5852
0,891.7939
1,892.7037
0,893.05414
1,893.45355
0,893.8084
0,895.065
0,895.8223
0,896.8288
0,897.08136
0,897.58374
1,899.9032
0,900.7959
0,901.0478
1,901.4556
1,903.15607
1,904.61804
0,905.07086
0,906.0779
0,907.8363
0,908.9342
1,908.9353
2,909.05316
1,922.9448
1,923.77
1,923.93585
0,924.2052
0,924.708
1,924.8885
0,924.9641
0,925.21515
0,925.46735
1,926.4377
0,926.97845
1,927.27747
0,928.2372
0,929.24414
0,929.9988
0,930.25165
0,930.5038
1,933.4559
1,933.86017
0,934.71375
0,934.9651
1,935.4721
1,935.90875
0,937.23047
1,937.5383
0,937.9852
1,938.7066
1,938.83795
0,939.24817
1,939.58887
0,940.50726
0,941.0109
0,941.76605
1,942.5168
1,943.40405
0,943.7726
0,944.0251
1,944.6214
0,944.77783
1,945.20844
0,945.7861
1,946.1716
1,946.83887
0,947.0455
0,947.54803
0,948.3027
0,949.0569
0,949.56116
0,949.81165
0,950.0638
1,952.3988
1,953.93774
1,954.2881
1,955.144
0,956.1688
0,956.6733
1,956.71844
1,957.64026
0,957.9329
1,958.19495
1,958.7876
1,959.3673
1,959.944
1,960.52075
1,961.1017
1,961.67944
1,962.25977
1,962.8364
1,963.4255
0,963.7272
1,963.8546
1,964.68726
0,964.98645
0,965.23834
0,965.741
0,966.2439
1,968.7176
1,969.1926
0,969.7737
0,970.02496
0,970.52716
1,971.0223
0,971.0306
0,971.2837
1,971.8377
1,972.501
0,972.79376
1,972.88965
0,973.29736
0,973.5479
0,974.05096
1,974.6148
1,975.99554
0,978.8366
1,979.1126
0,979.59045
1,980.0452
1,981.82294
0,981.85376
0,982.10645
1,982.2925
0,983.1093
1,983.34094
0,983.6126
1,983.94794
0,984.8716
1,984.9733
0,985.3735
0,985.6262
1,986.37256
1,987.2727
1,988.6541
0,988.9267
0,989.6871
0,990.7008
0,991.202
1,993.3396
1,994.6568
1,995.3007
1,995.9065
1,996.75793
0,997.89526
0,998.3984
1,998.62054
0,998.9017
0,999.40515
0,999.90936
0,1000.76184
2,1000.7626
0,1005.7873
1,1006.4552
0,1006.7949
1,1007.27313
0,1007.80725
1,1008.2224
0,1009.32227
1,1009.5549
0,1009.5735
0,1011.3363
0,1011.8399
0,1012.5957
1,1012.8092
1,1024.1569
1,1024.8224
0,1025.9208
0,1026.6743
0,1026.925
1,1027.7705
1,1028.128
1,1028.5394
0,1030.9535
0,1031.4557
0,1032.4636
0,1032.9696
0,1033.7286
0,1034.4146
1,1034.4158
0,1034.916
1,1035.5724
0,1035.9242
0,1036.176
1,1036.4359
1,1037.0569
1,1038.1722
0,1040.198
0,1042.4657
0,1044.4196
1,1044.4207
1,1044.9219
0,1045.1727
1,1045.3828
0,1045.4233
1,1045.8562
0,1045.9276
1,1047.6512
0,1050.4521
0,1051.711
1,1051.9723
1,1053.3406
0,1054.7313
1,1055.3771
0,1055.996
0,1059.0103
0,1059.2611
0,1059.5127
0,1059.7642
0,1061.2738
0,1062.5309
1,1063.0269
1,1063.4326
0,1063.7928
0,1064.0806
0,1064.332
1,1065.6227
0,1065.8398
1,1066.6238
1,1067.9736
0,1068.6099
0,1069.8674
1,1070.6069
1,1071.5062
1,1071.9229
0,1074.3988
0,1074.9015
0,1075.4058
0,1075.6583
0,1076.1616
0,1076.8116
1,1076.8574
0,1078.0702
1,1078.5692
0,1079.3328
1,1079.6902
0,1080.3394
0,1080.5908
1,1080.906
0,1081.0936
0,1081.8486
1,1082.2974
1,1083.5297
0,1086.1278
0,1086.6312
1,1086.7378
0,1087.6375
1,1087.8231
0,1089.1455
0,1091.408
0,1091.9149
1,1093.4915
0,1095.4342
0,1095.939
0,1096.4421
0,1096.9465
0,1098.3616
1,1098.3625
0,1113.4498
1,1113.6621
1,1114.3071
0,1114.7107
0,1114.9623
1,1115.4083
0,1115.7166
1,1116.2078
0,1116.9739
1,1117.5415
1,1117.8099
0,1118.2328
1,1118.3754
0,1118.989
0,1121.2799
1,1121.2811
0,1122.5387
0,1122.7902
1,1122.8755
1,1123.4574
1,1124.6444
0,1124.803
1,1125.7339
0,1125.8113
0,1126.0643
0,1126.5675
0,1127.3215
1,1128.5244
0,1128.5773
1,1129.1586
0,1129.584
1,1130.0586
0,1130.0879
1,1130.2427
0,1130.5914
0,1131.3466
1,1131.4093
0,1131.8503
0,1132.3547
1,1135.2496
1,1135.8639
0,1136.3833
0,1137.8983
0,1138.1508
0,1138.6531
1,1138.8352
1,1139.0479
0,1139.1566
1,1140.4392
1,1141.0752
1,1141.2931
0,1141.7059
0,1141.9579
1,1142.2096
1,1142.3417
0,1142.4606
0,1142.7118
1,1143.1245
0,1143.7191
0,1144.2239
1,1144.6595
0,1144.7416
0,1145.251
0,1145.5026
0,1146.0048
0,1146.2568
0,1147.2645
1,1150.119
1,1150.3435
1,1151.8407
1,1152.4547
1,1152.8448
1,1154.547
0,1155.4098
0,1155.9124
0,1156.5348
2,1156.5354
1,1166.2399
0,1167.4977
0,1168.0018
0,1168.5038
0,1168.7588
0,1172.7861
0,1174.5513
0,1175.0546
0,1175.8113
0,1176.0619
0,1176.5656
1,1176.6102
0,1176.8169
0,1177.0679
0,1177.5717
1,1181.1866
1,1192.4214
0,1193.5344
0,1194.0378
0,1194.541
0,1194.7938
0,1195.046
1,1195.4974
0,1196.5782
1,1197.0776
0,1197.5863
0,1197.8372
1,1202.196
0,1203.4573
0,1203.9628
0,1204.2134
0,1204.4657
0,1204.724
1,1206.0428
0,1206.486
0,1207.4973
0,1208.0015
0,1208.769
0,1213.2067
0,1213.9603
0,1214.2148
0,1215.2312
0,1215.4824
0,1216.74
1,1218.2878
0,1219.5449
1,1220.0103
1,1220.7357
1,1221.4117
1,1221.9772
0,1222.838
0,1223.0896
0,1223.3407
0,1223.5922
0,1225.7401
1,1225.7413
1,1226.9723
0,1226.9987
0,1227.2522
1,1227.6681
1,1228.8308
1,1229.4648
1,1229.9293
0,1230.034
0,1230.3171
0,1230.5691
0,1231.0736
0,1231.3301
0,1231.8362
1,1232.1002
0,1232.592
1,1233.0104
0,1233.601
1,1233.9618
0,1234.8661
0,1236.638
0,1237.3933
0,1237.6458
0,1237.8966
1,1240.3821
1,1242.2633
1,1242.6844
0,1244.1627
0,1244.9242
1,1246.0105
1,1258.0972
1,1259.2428
0,1259.867
0,1260.1249
0,1260.6288
0,1260.8795
0,1263.3933
0,1264.661
1,1264.8958
0,1264.9122
0,1265.6785
0,1265.9296
0,1266.4331
0,1266.9371
0,1267.6924
0,1267.9456
1,1268.071
1,1269.1785
0,1269.4666
0,1269.7292
0,1269.9799
1,1270.0956
1,1271.4769
0,1273.267
0,1273.5277
0,1274.7906
1,1277.6835
1,1277.894
0,1278.9401
0,1279.1915
1,1279.6528
1,1281.5785
1,1282.446
0,1283.4899
1,1283.8958
1,1284.0802
1,1285.1656
0,1286.0165
0,1286.5286
0,1287.0304
0,1289.0468
0,1289.2986
1,1289.3425
0,1290.0518
1,1291.6995
1,1294.5299
0,1295.3254
1,1295.7719
0,1296.8423
0,1297.5947
0,1297.846
1,1298.7325
0,1299.1147
1,1299.215
0,1299.368
0,1300.8907
0,1301.6451
0,1302.1626
0,1302.9255
1,1303.1444
0,1303.1774
0,1304.4358
1,1304.4746
0,1304.6897
0,1305.9482
0,1306.9714
1,1308.5459
0,1310.502
0,1311.0262
0,1311.7836
0,1312.0347
1,1312.1005
1,1312.7783
1,1313.3265
1,1314.1614
0,1317.8868
1,1317.8881
1,1332.3782
0,1333.2137
0,1333.466
0,1333.7184
1,1333.8116
1,1334.6287
0,1334.9833
1,1335.1804
0,1335.4897
0,1336.4958
1,1336.6439
1,1337.4779
0,1337.7538
0,1338.004
1,1339.5854
1,1339.8798
1,1341.7458
1,1343.6617
0,1344.6246
0,1344.8763
0,1345.6309
1,1346.4666
1,1346.8619
0,1347.1392
1,1347.6118
0,1347.6412
1,1348.341
0,1348.6517
0,1348.904
0,1352.4338
1,1352.919
0,1352.945
0,1353.4486
1,1353.4744
1,1355.3011
1,1355.8097
0,1356.6316
1,1357.0826
1,1357.3964
1,1357.7278
1,1358.7311
0,1359.162
1,1359.7725
1,1360.613
1,1361.3129
0,1361.472
0,1361.729
0,1362.2339
0,1363.2513
0,1364.0167
1,1373.5466
0,1374.3735
0,1374.8779
0,1375.1293
0,1375.3813
1,1377.2987
0,1377.3964
1,1377.6136
0,1378.1542
0,1378.4059
1,1378.7157
0,1379.4122
0,1380.1708
0,1380.4231
1,1380.706
0,1380.9276
0,1381.4333
0,1382.4401
0,1382.9426
1,1383.1455
0,1383.1948
1,1383.6466
0,1385.9631
0,1386.741
1,1386.8042
0,1387.7498
0,1388.0013
0,1388.2538
0,1388.5045
0,1388.7561
1,1390.0234
1,1390.9458
0,1395.5591
1,1395.7306
0,1395.8102
1,1397.1299
1,1397.9813
0,1398.5795
0,1399.0834
1,1399.6625
1,1400.1956
0,1400.5999
1,1400.8303
0,1401.1027
0,1401.3553
0,1402.869
0,1403.1206
0,1403.6249
1,1405.1083
1,1405.346
0,1406.6182
1,1406.8644
0,1406.8704
2,1407.2483
1,1422.516
0,1423.6736
0,1424.1761
0,1424.9305
1,1425.0494
0,1425.1821
1,1426.4991
0,1426.6925
0,1427.4507
0,1428.4552
0,1428.7068
0,1429.7828
1,1429.7842
1,1430.2635
0,1430.788
0,1431.0402
1,1431.0968
0,1431.7965
1,1432.231
0,1432.5497
0,1435.0679
0,1435.5696
0,1436.0718
0,1436.8306
0,1437.3342
1,1439.4797
1,1439.748
1,1441.4015
1,1442.1266
1,1443.1959
1,1455.333
0,1456.5905
0,1457.0924
0,1457.8512
0,1458.1023
0,1460.1184
1,1461.5431
0,1462.3834
1,1462.5684
0,1463.1382
1,1463.4921
0,1464.4004
0,1464.9032
0,1465.1553
0,1465.4065
0,1465.9093
0,1466.1602
1,1466.3595
0,1466.4119
0,1466.6647
0,1466.9155
0,1467.6715
0,1467.922
0,1468.1741
0,1468.4259
1,1469.8491
1,1470.0975
0,1471.7014
0,1472.2047
0,1472.9647
0,1473.7196
1,1476.26
1,1477.8641
1,1478.4938
1,1479.0652
1,1480.6848
0,1481.046
0,1481.2977
1,1481.4802
1,1481.7827
0,1482.0542
1,1482.447
1,1484.3463
0,1484.8245
0,1486.3365
1,1489.3823
0,1489.61
0,1489.8617
1,1489.922
0,1491.5997
2,1491.6002
0,1497.2068
0,1498.211
0,1498.4622
0,1498.9672
0,1499.4716
1,1499.5183
0,1500.2344
0,1500.4851
0,1501.4938
0,1504.0121
0,1504.5181
0,1505.0214
0,1505.5238
0,1506.5325
0,1507.0361
1,1507.504
0,1507.7894
0,1508.0409
1,1518.3816
1,1519.3339
0,1519.3578
0,1519.8607
1,1521.6998
1,1523.6658
0,1524.393
0,1524.6484
1,1526.6929
1,1527.7166
0,1528.201
1,1528.705
1,1529.8934
0,1531.4723
0,1532.2255
1,1532.882
0,1533.234
0,1533.9893
1,1534.5824
1,1535.065
0,1537.0125
1,1538.4497
1,1539.8663
0,1540.2891
1,1541.5995
1,1555.687
0,1556.9458
1,1557.4486
1,1558.1653
0,1558.457
1,1558.9169
0,1559.9655
1,1560.1719
0,1561.2284
1,1561.5817
0,1561.7318
0,1561.9843
1,1562.9814
0,1563.9984
0,1565.1029
1,1565.1044
1,1565.3824
0,1565.859
1,1567.3986
1,1567.6152
1,1568.2184
0,1568.6362
1,1568.6998
0,1569.3914
0,1569.6454
1,1570.0184
0,1570.1489
0,1570.4016
1,1570.4995
1,1570.9337
0,1571.1567
1,1571.3334
0,1571.4092
1,1571.8833
1,1572.4502
1,1573.1826
0,1575.1849
0,1575.4392
0,1575.6912
0,1576.6975
1,1578.7009
1,1578.9336
1,1580.3657
1,1580.916
1,1581.72
1,1583.0887
1,1583.7852
0,1584.2494
2,1585.4548
0,1591.601
1,1592.7825
0,1592.8575
1,1593.4672
0,1593.8633
1,1594.6344
0,1596.1371
0,1597.6483
0,1597.9003
0,1598.152
1,1598.9178
0,1599.67
0,1600.4246
0,1600.9264
0,1601.9309
1,1604.4669
0,1606.4673
0,1606.971
0,1607.4756
1,1607.668
0,1607.9795
0,1608.2306
0,1609.2368
0,1609.7394
0,1609.9915
0,1610.495
0,1610.7465
0,1610.9983
0,1611.5011
1,1611.5023
0,1612.2572
1,1612.2653
0,1612.5096
1,1613.5693
0,1616.5427
1,1616.7012
0,1616.794
0,1617.2977
0,1618.0995
1,1618.1008
0,1618.6019
1,1618.9985
0,1620.87
0,1621.3744
0,1621.8779
0,1623.4899
1,1623.4937
0,1623.7416
0,1625.0024
0,1626.5106
0,1627.0166
0,1627.269
1,1627.3182
0,1628.926
2,1629.5667
1,1640.8196
1,1641.9457
1,1642.9672
1,1643.2107
1,1644.2683
1,1645.5515
1,1646.6505
0,1646.8615
1,1647.417
1,1648.3174
0,1648.3755
0,1648.6273
1,1648.887
0,1649.8834
1,1650.4501
0,1650.6433
0,1651.3967
0,1652.1497
0,1652.6538
0,1652.9061
1,1654.22
1,1654.8667
0,1655.2273
1,1655.4181
0,1655.729
1,1655.7362
1,1656.285
1,1656.9835
1,1657.5419
1,1657.7682
1,1658.1106
1,1658.3837
1,1658.501
1,1659.9751
1,1660.5042
0,1660.5115
0,1660.7637
0,1661.0149
1,1661.2242
0,1661.526
0,1661.7784
1,1661.8552
1,1662.4073
0,1662.5325
1,1662.947
0,1663.0371
0,1664.076
2,1664.0767
1,1675.4584
1,1676.2302
0,1676.715
0,1677.2174
1,1677.3209
0,1677.4688
0,1677.9738
0,1679.2316
0,1680.2448
0,1682.2598
0,1682.5112
0,1683.7731
0,1684.7793
0,1685.5375
0,1685.7888
1,1688.4943
1,1689.4016
1,1689.6344
0,1689.7513
1,1690.1527
0,1690.2563
0,1690.7593
0,1691.0115
1,1691.3027
1,1691.8529
0,1692.269
1,1692.7677
1,1693.0867
0,1693.2765
0,1693.7784
0,1694.5344
0,1694.7878
0,1695.0383
0,1695.2897
1,1697.6833
0,1698.6918
0,1698.9453
0,1699.1962
1,1700.7891
0,1701.4602
0,1702.2145
1,1702.7029
0,1702.9702
0,1703.7235
0,1705.7473
0,1708.0167
1,1708.1056
0,1708.2682
0,1708.5198
0,1708.7725
1,1709.1292
0,1709.5272
0,1709.778
0,1710.0303
0,1710.5363
1,1710.7688
0,1711.0408
1,1711.8872
0,1712.0469
1,1712.435
0,1714.5591
0,1715.3145
0,1715.8201
1,1716.9529
1,1717.804
0,1718.3397
0,1719.1012
0,1719.6046
0,1721.3634
0,1721.6144
1,1721.8356
0,1721.8661
2,1722.0697
1,1735.9708
1,1737.1376
0,1737.7368
0,1738.4971
0,1738.7496
1,1739.1599
0,1740.7644
0,1743.5375
0,1744.0405
0,1745.0454
1,1745.1125
0,1745.2974
0,1746.4608
1,1746.6368
1,1747.5145
0,1747.7219
1,1747.8671
1,1748.0211
0,1748.229
0,1748.4791
1,1749.087
0,1749.4893
1,1750.5038
0,1751.0005
0,1751.5056
0,1752.7648
0,1754.4656
1,1754.4669
0,1755.4716
0,1757.7393
0,1758.2435
1,1760.4707
0,1760.5079
0,1761.0106
0,1761.5162
0,1762.8898
1,1762.8911
1,1763.6531
0,1763.897
0,1764.1488
0,1764.4015
1,1764.6573
0,1764.9072
0,1765.1588
2,1765.2023
0,1770.0001
1,1770.0013
1,1770.5251
0,1770.7642
0,1771.7692
0,1772.274
0,1772.525
0,1772.7762
0,1773.7828
0,1774.2853
0,1774.5367
0,1774.7888
0,1775.5422
0,1775.7933
0,1776.295
0,1777.0507
0,1777.8064
0,1778.5603
2,1778.5859
1,1788.4878
0,1789.7559
0,1790.0076
1,1790.2529
0,1790.2585
1,1790.8185
0,1791.0138
1,1791.2886
0,1791.5184
0,1792.022
1,1792.4695
1,1793.0056
0,1793.0302
0,1793.2809
0,1795.6213
1,1795.6228
1,1796.178
0,1796.3761
0,1796.878
0,1797.1309
0,1799.1511
1,1799.1589
0,1800.3131
1,1800.3145
0,1800.8175
1,1801.1932
0,1801.5747
0,1802.077
1,1802.1481
0,1802.5804
1,1802.6428
1,1802.9597
1,1803.3381
1,1804.2532
0,1806.3638
1,1806.5204
0,1807.1196
0,1807.88
0,1812.2212
1,1813.3032
1,1814.0707
1,1815.1831
0,1815.2441
0,1816.2518
0,1816.504
1,1816.5708
0,1816.7574
1,1816.7894
1,1817.474
0,1817.5125
0,1817.7633
1,1817.8721
0,1818.2666
1,1818.6498
1,1819.8204
0,1820.3401
0,1820.5934
0,1821.8508
1,1822.0969
0,1822.1027
2,1822.255
1,1834.8252
1,1835.3383
0,1836.0848
1,1836.5043
1,1836.9221
0,1837.0925
1,1837.6888
0,1837.8546
0,1838.6113
1,1839.0056
1,1840.3224
1,1842.948
1,1843.6897
1,1844.4224
1,1845.4464
0,1846.4761
1,1846.905
0,1846.9801
0,1847.7347
1,1848.4232
1,1849.5387
1,1854.0538
1,1854.4569
1,1856.0272
1,1856.3723
0,1856.5543
1,1857.7217
1,1858.2723
0,1858.5695
0,1861.0892
0,1861.5924
0,1862.5989
0,1862.8512
0,1864.3641
1,1866.5503
0,1867.1288
0,1867.6309
1,1867.7728
0,1868.3864
0,1868.6375
1,1868.691
0,1868.8894
1,1869.3241
0,1869.3948
0,1870.1509
0,1870.4032
0,1870.6562
0,1871.1598
0,1871.6628
0,1872.1665
1,1895.8047
1,1896.0889
0,1896.3701
0,1896.8734
0,1897.1274
1,1897.2815
0,1897.6368
0,1898.1505
1,1898.2754
0,1898.652
1,1899.805
1,1900.7555
0,1901.1783
1,1901.7509
0,1901.9344
0,1904.6089
1,1904.6102
1,1905.0813
0,1905.3666
1,1906.702
1,1907.6796
1,1908.422
1,1908.9478
0,1909.9268
1,1910.049
1,1910.5299
1,1912.4906
0,1920.0386
0,1922.0662
0,1924.8391
0,1926.3464
1,1926.8253
0,1927.1049
1,1927.2317
0,1929.3771
0,1929.8807
0,1930.132
0,1930.8892
0,1931.3959
0,1932.4036
0,1932.6555
1,1932.9366
1,1933.0787
0,1933.1599
0,1933.412
1,1933.609
0,1933.664
1,1934.108
0,1934.6731
0,1934.9249
0,1935.6792
0,1935.932
0,1936.6892
0,1937.1923
0,1937.4431
0,1937.9462
0,1938.4484
0,1939.2052
0,1939.7076
0,1940.4718
0,1940.7234
0,1941.478
0,1952.306
1,1952.3727
1,1953.3683
0,1954.3263
1,1954.6404
0,1954.8309
1,1955.4646
1,1955.9069
1,1956.6232
1,1957.8074
1,1960.2915
0,1960.7936
1,1960.9952
0,1961.0464
0,1961.554
0,1961.8047
1,1962.8237
1,1964.1079
1,1965.5072
1,1969.0563
1,1969.5134
1,1970.0183
1,1972.5741
0,1972.6622
0,1976.7246
1,1988.0336
1,1988.8235
0,1989.2881
0,1989.7917
0,1990.2975
0,1990.5491
1,1991.56
1,1992.4978
1,1993.0762
0,1994.8488
1,1995.407
0,1995.8597
0,1996.112
0,1996.6154
0,1998.1519
0,1998.9087
0,1999.1622
0,1999.9252
0,2000.1827
0,2000.435
0,2001.9541
0,2002.2059
0,2002.7151
0,2002.9686
0,2003.4753
0,2003.9788
1,2004.1285
0,2004.2322
0,2004.4833
1,2005.0985
1,2006.0524
1,2006.704
0,2007.3201
1,2007.6415
0,2007.822
1,2008.0577
0,2008.074
0,2008.325
1,2008.642
1,2009.2098
0,2010.5967
0,2011.3524
1,2012.4244
0,2012.6129
0,2012.8634
0,2013.3666
1,2013.9076
1,2015.4109
0,2018.8293
0,2019.0808
1,2019.3657
1,2020.0068
1,2020.509
1,2020.8429
1,2023.0112
0,2023.6207
1,2023.9762
0,2024.1256
1,2037.2179
0,2038.9832
0,2039.2346
0,2039.738
0,2039.9911
1,2041.542
1,2042.0493
0,2044.2748
0,2045.541
1,2046.4816
0,2046.985
1,2047.0977
0,2047.4886
2,2047.8259
0,2052.6926
1,2053.263
0,2053.449
0,2054.4568
0,2054.7092
0,2054.961
0,2055.2117
0,2055.4636
0,2056.2173
1,2056.4338
0,2056.4692
0,2056.9758
1,2057.173
1,2057.6577
0,2058.2354
0,2058.9902
0,2059.242
0,2059.4985
0,2059.7546
0,2060.2563
0,2060.7605
0,2062.0444
1,2071.1165
0,2072.377
1,2072.4788
0,2072.6335
1,2072.9458
0,2073.1384
1,2074.0752
0,2074.165
1,2074.1758
0,2074.6711
0,2075.177
1,2075.1921
0,2075.4272
0,2076.1853
1,2076.211
1,2076.8264
0,2077.4453
0,2077.9485
0,2078.2004
1,2078.395
0,2078.4546
1,2082.953
1,2084.1655
1,2087.6768
0,2089.078
1,2089.0793
1,2089.5107
0,2090.0925
1,2090.176
0,2090.3499
0,2090.602
1,2091.078
1,2091.1912
1,2092.3425
1,2092.8953
1,2094.1943
1,2094.504
0,2094.6577
0,2095.6716
1,2095.681
1,2096.6719
1,2097.3
1,2097.742
1,2098.8694
1,2100.4763
1,2101.3433
1,2103.144
1,2104.0254
1,2104.98
0,2105.0422
1,2106.426
0,2108.0657
0,2108.3167
0,2108.5676
0,2108.82
0,2109.0723
0,2109.3235
0,2110.3345
1,2110.9714
0,2111.0894
0,2111.3408
1,2112.1975
0,2112.5994
2,2113.2866
1,2123.1772
0,2124.9512
0,2125.4546
0,2125.705
1,2125.748
1,2126.8982
0,2129.25
0,2129.5007
0,2129.7576
1,2130.5986
0,2131.1057
1,2131.485
0,2131.61
1,2131.963
0,2132.1162
0,2132.3691
0,2132.6204
1,2134.2527
1,2135.0295
0,2136.4192
0,2136.9246
1,2144.1724
1,2145.1443
1,2145.4197
1,2147.2664
1,2147.6812
1,2148.2778
0,2148.4302
0,2148.9343
1,2149.0952
0,2149.5925
2,2149.593
0,2153.322
2,2153.3228
1,2164.8657
0,2165.778
1,2168.9202
0,2169.5579
0,2169.8096
1,2169.959
1,2170.3962
0,2172.8618
0,2173.3643
1,2173.5254
1,2173.8933
1,2175.2764
1,2175.6455
1,2176.4392
0,2176.5337
1,2176.6274
0,2176.785
2,2177.5151
0,2183.0488
1,2183.05
0,2183.5515
0,2184.072
0,2184.827
0,2185.0781
0,2185.5806
0,2186.084
0,2187.8484
0,2188.1006
0,2188.606
0,2189.1157
1,2191.2869
0,2191.3872
0,2191.8909
0,2192.1438
2,2192.4995
1,2198.7454
0,2200.5095
0,2201.0125
0,2201.2632
0,2201.5146
0,2204.0342
0,2205.2954
0,2206.0496
0,2206.3005
0,2206.8037
1,2212.8127
1,2213.5315
1,2213.833
0,2213.9158
1,2214.1472
0,2214.4197
0,2214.9243
0,2215.1758
0,2215.4272
1,2215.6707
0,2217.7112
0,2218.2146
0,2218.7212
0,2219.7341
0,2223.8628
0,2224.3667
0,2224.6196
0,2225.6343
0,2225.8853
0,2226.1382
1,2227.1345
1,2228.0618
0,2228.163
1,2229.5024
1,2229.89
0,2230.272
1,2230.6355
0,2230.7747
0,2231.283
1,2232.0193
0,2232.2932
1,2233.541
0,2233.8035
0,2235.3123
0,2235.5657
0,2244.8682
0,2245.6272
1,2245.7273
0,2245.879
1,2247.016
1,2247.112
0,2247.3926
1,2247.8948
1,2248.4663
1,2249.0288
0,2250.4297
0,2250.683
0,2251.187
0,2251.4387
1,2258.3252
1,2258.8113
0,2259.3323
0,2259.5854
0,2260.0881
1,2261.2966
1,2262.5964
1,2263.563
1,2264.9856
0,2265.14
0,2265.6438
0,2266.1448
0,2266.65
0,2267.1558
0,2267.4087
1,2268.2712
1,2268.9785
1,2270.113
0,2270.1934
0,2272.221
0,2272.734
1,2275.3982
1,2276.902
1,2277.4844
1,2278.1372
1,2279.63
0,2279.696
2,2281.551
1,2293.3625
1,2293.5728
0,2294.8794
0,2295.1309
0,2295.3835
0,2295.635
1,2296.892
1,2298.025
0,2298.407
1,2298.884
0,2300.4211
0,2300.9246
0,2304.2058
0,2305.7166
0,2306.725
1,2306.781
0,2306.9766
1,2307.4634
0,2307.4778
0,2307.7305
1,2307.7803
0,2308.9265
1,2308.9312
1,2309.8013
0,2310.1875
0,2311.1953
1,2311.8127
0,2311.9536
1,2312.5457
1,2313.335
0,2314.4954
0,2316.0186
0,2318.5085
1,2318.5103
1,2319.0542
0,2319.2644
1,2319.285
1,2322.103
1,2324.6028
0,2331.7144
0,2332.4768
0,2332.9832
0,2333.488
0,2334.4946
0,2334.7454
0,2334.999
0,2335.5027
0,2337.0193
0,2337.5225
0,2338.4216
2,2338.4224
1,2351.5798
1,2352.1555
1,2353.971
0,2354.209
1,2354.2644
0,2354.964
0,2355.4663
0,2355.7192
1,2355.9468
1,2356.1628
0,2356.7266
1,2356.7803
0,2356.9773
1,2357.065
1,2358.2217
1,2367.322
1,2370.2659
0,2371.522
1,2372.977
0,2374.5488
1,2375.8813
0,2376.0623
1,2376.5117
0,2376.5718
1,2377.2642
0,2378.5872
1,2380.565
1,2381.0046
1,2381.3518
0,2381.8687
1,2382.4316
0,2382.881
1,2383.118
0,2383.3838
1,2383.6562
1,2384.167
0,2384.3943
0,2384.8997
1,2385.3513
0,2385.403
0,2385.654
0,2385.9067
0,2386.4104
0,2386.6628
0,2386.9133
1,2387.1707
0,2388.4275
0,2390.196
0,2390.9602
0,2391.2112
0,2391.7163
0,2392.219
0,2394.4736
1,2395.0464
0,2397.9568
1,2399.7134
0,2399.7263
0,2401.4888
0,2401.9973
1,2402.0977
0,2402.2505
0,2403.376
0,2403.8813
0,2404.135
0,2404.3882
1,2404.3987
0,2404.6384
0,2404.8923
2,2405.7654
1,2417.0044
1,2417.3977
1,2417.8472
0,2418.2617
0,2418.5212
1,2418.9336
1,2419.4817
0,2419.7856
1,2420.5818
1,2421.366
0,2421.8018
1,2421.8877
0,2422.3047
0,2422.8083
1,2423.2483
1,2424.7048
1,2427.0427
0,2429.3628
1,2429.4988
0,2429.6133
0,2429.865
1,2429.8662
1,2430.3496
0,2430.3672
0,2431.374
0,2432.132
0,2432.8945
1,2434.073
0,2435.163
0,2436.1812
0,2436.4324
0,2436.936
0,2439.7856
1,2439.787
1,2440.249
0,2441.2942
1,2441.973
1,2442.4
1,2443.7202
0,2443.817
0,2444.572
1,2445.1313
1,2445.5212
1,2445.9321
0,2446.5933
0,2446.846
0,2447.3496
1,2447.8992
0,2448.1064
0,2448.863
0,2450.1267
1,2454.7175
0,2458.7422
1,2458.7678
1,2459.3499
2,2459.5269
0,2477.8591
0,2478.8674
1,2479.9275
0,2482.3945
0,2482.9016
1,2483.6833
1,2484.6187
1,2485.028
1,2485.467
0,2485.626
1,2485.867
0,2485.8784
0,2486.384
0,2487.1401
1,2487.2007
0,2487.3933
1,2487.4163
1,2488.05
0,2490.68
0,2491.1855
0,2491.6921
0,2491.952
1,2492.485
0,2497.61
1,2497.6113
0,2499.124
1,2499.2646
0,2500.8916
1,2501.303
1,2501.5176
0,2501.9045
1,2502.904
1,2503.4495
0,2504.4324
0,2504.6848
1,2505.0986
0,2505.4424
0,2505.6934
0,2505.9448
0,2506.4526
0,2506.9565
0,2507.4624
1,2507.718
1,2508.0657
1,2508.8765
1,2509.185
1,2510.041
0,2511.1519
1,2511.1533
2,2511.394
1,2523.9634
0,2525.7231
0,2526.2273
1,2526.3005
0,2526.4802
0,2526.7341
0,2529.254
0,2530.2605
0,2531.1082
0,2531.611
0,2532.114
0,2532.616
0,2533.6196
0,2535.3257
1,2535.3271
1,2535.8496
0,2536.5864
1,2536.7166
1,2537.5706
0,2537.8484
0,2538.1016
1,2538.8337
0,2538.861
1,2539.3994
1,2539.9333
1,2541.3154
1,2542.134
0,2542.6418
0,2543.1458
0,2543.6533
0,2543.9055
1,2546.9075
0,2548.1646
0,2548.4148
1,2549.2664
1,2550.7173
1,2551.3794
1,2551.8413
1,2552.6887
0,2555.2095
1,2556.178
0,2556.2166
0,2556.9705
0,2557.4731
1,2558.1335
1,2558.5505
0,2558.7322
0,2559.236
0,2559.994
0,2564.0164
1,2564.8027
0,2565.026
0,2565.7834
0,2566.3113
1,2566.313
1,2566.9624
0,2567.8228
0,2568.0745
0,2568.8298
0,2569.0808
1,2569.0857
0,2570.0881
1,2570.2688
0,2570.3398
0,2573.3628
0,2573.616
0,2573.8691
0,2574.3745
0,2575.6335
0,2575.8857
0,2576.641
0,2577.399
0,2577.902
0,2578.1555
2,2578.4006
1,2588.7866
0,2590.0432
1,2590.4502
1,2590.9004
0,2591.0513
0,2591.303
0,2591.5544
1,2592.6326
0,2593.8264
1,2594.151
1,2594.928
0,2595.5894
0,2597.6025
0,2598.3596
0,2598.8618
1,2599.7937
1,2604.4988
0,2604.6514
0,2604.9033
0,2605.154
1,2605.4407
1,2608.411
1,2609.585
0,2609.6724
0,2609.9243
0,2610.1777
1,2610.885
1,2612.0847
1,2612.6516
0,2614.2136
0,2615.221
1,2617.2317
0,2617.4822
1,2617.6023
0,2617.9868
1,2618.2007
0,2618.2383
1,2618.5344
1,2619.5842
1,2621.7144
0,2624.031
0,2624.5354
0,2625.7905
1,2625.9812
0,2626.0442
0,2626.7998
0,2627.0522
0,2627.3032
0,2628.3103
1,2628.8674
1,2630.435
1,2632.022
0,2632.592
0,2632.8425
1,2632.8564
0,2633.0952
0,2633.3464
1,2633.5393
0,2633.599
0,2637.1833
1,2637.284
0,2637.6887
0,2638.4443
1,2640.2688
1,2642.0684
1,2652.7693
0,2654.0288
1,2654.5186
0,2654.5347
0,2654.7876
0,2655.0396
0,2655.2898
1,2655.3022
0,2655.5435
0,2659.5725
0,2660.0757
0,2660.5798
0,2661.0833
0,2661.3342
0,2662.4385
1,2662.4404
1,2663.1306
1,2663.5193
0,2664.199
0,2665.2073
1,2665.2544
1,2665.9714
1,2667.271
0,2668.7349
0,2669.2397
0,2669.4907
1,2672.6934
1,2673.0452
0,2673.453
0,2674.2107
1,2674.9773
1,2676.22
1,2676.6528
1,2676.9001
1,2678.5542
0,2679.5156
0,2680.524
1,2681.0269
0,2681.2776
0,2681.5295
1,2681.706
0,2681.7808
1,2683.4602
0,2684.0464
0,2684.2983
0,2684.8018
0,2685.055
0,2685.5574
1,2686.2356
0,2686.3137
0,2687.0732
1,2687.4705
0,2689.3403
0,2690.6028
0,2690.853
0,2693.7993
1,2693.8005
0,2694.5562
1,2705.6711
1,2707.4111
0,2707.9326
0,2708.185
1,2708.5151
1,2708.9202
1,2709.3374
1,2710.4617
1,2710.656
1,2711.979
0,2712.7185
1,2713.2197
0,2713.2234
1,2714.1926
0,2714.2334
0,2714.483
1,2714.519
1,2714.8184
0,2714.9858
1,2719.0146
0,2719.2634
0,2719.7678
1,2720.588
1,2721.2207
0,2722.0325
0,2722.536
0,2723.04
0,2723.2915
0,2724.0464
0,2724.8022
0,2725.0535
0,2725.306
1,2727.6135
1,2729.21
1,2729.7046
1,2731.5935
0,2731.896
0,2732.3982
1,2732.8647
0,2732.902
0,2733.1528
0,2733.909
2,2734.6877
0,2740.8162
1,2740.818
0,2741.8254
1,2742.3542
0,2743.0828
0,2743.838
0,2744.847
0,2745.3503
0,2745.6033
0,2746.1072
0,2746.6123
0,2747.6208
1,2748.1274
0,2748.6282
0,2749.133
1,2749.1543
0,2749.6357
0,2750.1396
0,2750.8965
0,2751.1477
0,2751.4001
1,2751.688
0,2751.9023
1,2753.27
0,2753.83
0,2754.842
0,2755.0947
0,2755.599
1,2755.6099
0,2755.8516
0,2756.358
0,2757.1191
1,2757.344
0,2758.1323
0,2758.3843
1,2758.7117
0,2759.8987
0,2760.6558
1,2761.3215
2,2761.4607
1,2775.2908
0,2776.8005
1,2776.8728
1,2777.506
1,2777.7063
1,2778.6206
0,2779.0725
1,2779.4233
1,2780.2048
0,2780.3315
0,2780.587
1,2780.9226
0,2781.0925
1,2781.205
1,2782.0056
1,2782.554
1,2784.0608
1,2787.7869
1,2787.924
0,2788.7947
0,2789.045
1,2790.3545
1,2791.5374
1,2792.0227
0,2792.3342
1,2793.4536
1,2806.1414
0,2807.4028
1,2808.1047
1,2808.3872
1,2809.3228
1,2810.0715
0,2810.1765
1,2810.8723
1,2811.7397
1,2811.9036
1,2812.557
1,2813.2803
0,2816.1052
1,2816.107
1,2816.6877
0,2818.1265
1,2818.272
0,2818.8862
0,2820.9055
0,2821.1584
0,2821.409
0,2822.4163
0,2822.9197
0,2823.4246
1,2823.648
0,2823.6758
0,2824.1785
0,2824.43
1,2824.9717
0,2825.1863
0,2825.69
0,2825.944
1,2826.2244
1,2826.9062
1,2827.263
1,2827.713
1,2828.3032
1,2829.0723
0,2829.485
0,2830.753
0,2831.5088
1,2841.488
0,2842.2026
0,2842.7068
0,2842.9587
0,2845.474
0,2845.7249
0,2846.2285
1,2846.832
0,2847.9956
0,2848.2476
1,2848.6714
0,2850.2615
0,2850.7683
0,2851.0254
1,2851.4553
0,2852.0347
0,2852.7883
0,2853.04
0,2853.291
0,2853.544
1,2856.9553
1,2859.5232
1,2861.207
1,2861.3733
1,2862.3093
1,2862.6904
0,2862.882
0,2863.64
1,2863.7068
0,2864.395
1,2865.1064
0,2866.4116
0,2866.665
0,2866.9163
1,2869.6794
1,2870.2688
1,2870.6487
1,2871.3235
1,2871.5063
0,2875.2197
1,2875.4915
0,2875.7263
0,2876.4824
0,2876.7349
1,2876.8699
0,2876.9866
0,2877.4922
0,2878.33
2,2878.3306
0,2883.2632
1,2884.2563
0,2884.5217
0,2884.7747
1,2885.6248
0,2886.797
0,2887.5562
0,2888.0603
0,2888.3123
0,2889.571
0,2889.8225
0,2890.3264
0,2893.107
0,2894.621
0,2895.3745
0,2895.879
0,2896.3823
0,2896.633
0,2897.438
1,2897.4397
0,2898.7036
0,2899.461
0,2899.9673
1,2900.105
0,2900.7268
0,2901.23
0,2901.735
1,2901.8416
0,2902.9937
0,2903.2488
0,2903.7517
0,2904.0027
1,2904.0078
0,2904.5063
1,2904.708
0,2904.757
1,2905.1777
1,2905.802
0,2906.0173
0,2906.5203
0,2907.025
2,2907.0886
0,2917.469
1,2917.4775
0,2918.2266
1,2919.024
0,2919.4858
1,2919.7234
0,2920.2407
1,2920.6924
1,2920.8901
1,2921.9932
0,2923.5208
0,2924.023
1,2927.414
0,2930.0916
1,2930.2239
0,2932.0796
1,2932.081
1,2932.5942
0,2933.0957
0,2933.3477
0,2933.6086
1,2934.0083
1,2934.5251
0,2935.6445
1,2936.1736
1,2937.1606
0,2937.6633
0,2938.167
0,2938.671
0,2939.176
1,2940.578
0,2940.8293
0,2942.0881
0,2942.3425
0,2943.1003
0,2944.6143
1,2944.7573
0,2944.8655
1,2945.8616
0,2945.8757
0,2946.3818
0,2947.3896
1,2949.1926
0,2949.4075
1,2950.6423
1,2951.9087
0,2952.1821
0,2952.9363
0,2953.9463
0,2954.2002
0,2954.7063
1,2956.2627
0,2957.5251
1,2959.6907
1,2961.7085
0,2968.8625
1,2968.943
0,2969.3662
0,2970.1204
1,2970.8977
1,2971.1267
1,2971.1914
1,2971.6257
0,2971.6304
1,2972.11
0,2972.384
0,2974.9128
0,2975.416
0,2975.92
0,2978.102
2,2978.4202
1,2987.2644
0,2989.0264
1,2990.3926
1,2990.695
0,2994.347
0,2994.851
0,2995.3638
0,2995.868
0,2996.1892
1,2996.1914
0,2996.441
0,2997.6992
0,2997.9504
0,2998.2021
1,2998.8413
1,2999.8413
0,3001.4783
0,3001.7307
0,3002.486
0,3002.9905
0,3003.4976
0,3003.7493
1,3005.855
0,3006.61
0,3007.1138
1,3007.771
1,3008.2424
1,3008.609
1,3010.6702
0,3011.4106
1,3011.5176
0,3011.661
0,3011.921
0,3012.1729
2,3012.8909
2,3017.3867
0,3031.2346
1,3031.542
1,3032.1252
0,3032.243
1,3033.49
1,3034.5254
1,3035.4106
1,3036.3933
1,3036.9084
0,3037.5269
0,3037.78
1,3037.9822
0,3040.3071
1,3040.3132
0,3041.3184
0,3041.5703
0,3041.8235
1,3044.9653
0,3046.227
0,3046.4783
1,3046.909
1,3047.6267
1,3048.7751
1,3049.1775
0,3049.7559
1,3049.8083
0,3050.766
1,3050.9927
0,3051.524
0,3052.029
1,3053.3977
0,3053.5457
0,3054.3022
0,3054.553
1,3055.2825
0,3055.3108
0,3056.315
2,3057.4724
0,3062.5762
0,3063.62
0,3064.387
0,3065.407
0,3065.659
0,3065.9092
0,3066.4128
0,3068.4443
0,3069.2043
0,3069.454
0,3070.208
0,3070.7231
0,3071.4775
1,3071.9954
0,3072.2317
0,3072.986
1,3073.0957
0,3074.1633
1,3074.2957
1,3074.788
0,3075.4282
1,3075.5215
0,3075.6821
1,3076.0942
2,3076.1606
1,3086.0618
1,3086.4092
1,3087.2256
0,3087.32
0,3087.8213
0,3088.0723
1,3088.7932
1,3089.246
0,3089.3435
1,3089.5447
0,3089.596
1,3090.077
1,3090.2588
1,3090.795
1,3091.1987
1,3092.365
0,3093.376
1,3094.2751
1,3096.06
0,3096.5642
0,3097.071
0,3097.3228
1,3097.3657
0,3097.5747
1,3097.593
1,3097.9587
1,3098.59
1,3100.344
1,3100.9233
0,3101.1035
1,3101.2793
1,3101.7341
1,3102.6262
0,3102.6387
1,3102.9373
1,3104.4783
1,3105.9277
1,3107.366
1,3107.6377
0,3107.9268
1,3109.5771
1,3110.7913
1,3124.2249
0,3126.498
0,3126.7502
0,3131.5408
0,3132.2974
0,3132.5488
1,3133.2256
0,3133.559
1,3134.7078
0,3137.5867
0,3137.8372
0,3138.0884
0,3138.3398
0,3139.0964
0,3139.5986
0,3139.848
0,3140.3525
0,3140.605
0,3141.107
1,3141.7983
1,3142.1091
1,3143.3787
1,3143.7617
1,3144.594
0,3144.6343
1,3144.9297
1,3145.1943
1,3145.4612
0,3145.6436
1,3146.3613
1,3147.2166
0,3147.4067
0,3149.172
0,3149.4219
1,3151.392
1,3152.3115
1,3153.2126
1,3155.0112
1,3157.6018
1,3158.4624
1,3158.8103
1,3160.2295
0,3163.9802
0,3164.7358
0,3164.989
0,3165.24
0,3165.493
1,3166.2546
1,3166.3293
1,3166.7942
0,3167.0015
1,3167.2937
0,3168.257
1,3182.3545
1,3183.0474
1,3183.3643
0,3183.613
1,3184.7947
0,3184.8755
1,3185.0999
1,3185.3113
1,3186.0127
1,3186.5823
1,3186.882
1,3187.5168
0,3188.4163
0,3188.669
0,3188.9204
0,3189.1726
1,3189.2473
1,3191.9592
1,3193.0454
0,3193.4717
1,3193.679
1,3193.935
1,3194.881
1,3195.8806
1,3196.3525
0,3196.5037
1,3196.7776
0,3197.01
0,3197.2625
0,3197.5134
0,3197.7659
1,3197.9294
0,3198.018
1,3198.293
1,3199.2354
1,3199.6104
1,3200.7625
1,3201.0796
0,3201.5554
1,3201.8826
0,3202.31
1,3202.7979
0,3204.3298
0,3204.833
0,3205.5896
1,3209.243
1,3209.8147
1,3210.8086
1,3211.0142
1,3211.9473
0,3214.2832
0,3214.5347
1,3215.2363
0,3215.2908
1,3215.714
0,3216.044
0,3217.0532
1,3217.3845
1,3217.907
0,3222.1006
0,3222.606
0,3222.8574
1,3223.2964
0,3223.359
0,3223.6174
1,3223.9612
0,3224.1357
0,3224.3887
0,3224.6438
1,3224.7546
0,3224.8953
1,3225.6528
1,3225.8877
0,3226.1724
1,3226.4326
0,3227.1853
1,3227.1965
1,3227.6975
0,3230.2341
0,3230.485
0,3230.737
0,3231.2434
1,3231.6948
1,3232.5789
1,3236.3809
1,3250.1814
0,3251.441
0,3251.951
0,3252.7056
0,3252.958
1,3253.828
1,3253.9119
0,3256.4849
0,3256.7358
0,3256.988
0,3257.4905
0,3257.7422
1,3258.112
0,3258.248
1,3258.343
0,3259.2576
0,3259.5107
0,3259.7703
0,3260.2734
0,3260.5256
0,3260.7776
0,3261.0293
0,3261.5337
0,3261.788
0,3262.0415
0,3262.2927
1,3263.1807
0,3263.5645
0,3264.0693
1,3264.3962
0,3264.574
1,3265.0142
0,3265.0767
0,3266.5874
1,3270.1758
0,3270.9338
1,3271.787
1,3272.9666
1,3273.4807
1,3275.7974
1,3276.1792
1,3277.6318
1,3280.3804
0,3280.7888
1,3292.269
1,3292.7986
0,3293.5261
0,3294.029
0,3294.2812
0,3294.5327
0,3294.785
0,3295.0366
1,3296.2302
1,3296.9148
1,3298.0964
0,3299.324
0,3300.0847
1,3300.531
0,3301.0928
1,3301.553
0,3303.3613
0,3303.8667
1,3304.17
0,3304.371
1,3306.3452
1,3306.7131
1,3307.4307
0,3307.6025
0,3307.8538
1,3308.1626
0,3308.36
0,3308.6135
1,3308.78
1,3309.0503
0,3309.1157
1,3309.63
1,3310.896
1,3311.7192
0,3312.6667
0,3313.1736
0,3313.684
0,3317.1965
1,3317.1982
0,3317.703
1,3318.6304
1,3319.7017
1,3320.3975
1,3320.8386
1,3322.1504
1,3322.5964
1,3323.3638
0,3323.503
0,3324.5173
0,3325.0295
0,3325.2834
0,3325.5366
2,3325.5376
0,3330.4578
0,3330.7107
2,3330.9966
1,3343.998
0,3344.8113
1,3345.4656
0,3345.5657
0,3345.8162
1,3346.5168
0,3347.076
1,3347.6475
0,3348.8433
1,3348.8525
1,3349.197
0,3349.598
0,3350.099
0,3350.6016
0,3354.4749
1,3354.4766
1,3356.58
1,3358.0488
0,3360.5227
0,3360.7732
0,3361.0247
1,3361.841
1,3362.0527
0,3362.0955
0,3363.102
2,3363.1328
1,3380.5986
1,3380.7483
0,3381.9968
0,3382.252
1,3382.3982
0,3382.5056
1,3382.8813
1,3383.6958
0,3383.7693
0,3384.0269
1,3384.2993
1,3385.4834
0,3385.7974
0,3386.554
0,3386.81
1,3389.3157
1,3391.382
1,3391.6978
0,3392.3916
1,3392.6018
1,3393.6982
1,3394.7
0,3394.9165
1,3395.4155
1,3395.8647
1,3397.631
1,3398.0486
1,3402.3167
0,3403.5203
0,3404.022
0,3404.2754
0,3404.7783
1,3405.0483
0,3419.9944
0,3420.5015
0,3421.0073
1,3421.0825
0,3421.2583
1,3422.1514
1,3423.299
1,3423.9656
1,3425.7498
0,3425.7974
0,3429.3206
0,3431.381
1,3431.383
1,3431.7788
1,3432.2998
1,3432.6194
0,3432.8965
0,3433.15
1,3433.3281
0,3433.9026
1,3433.9841
1,3434.3865
1,3435.0654
1,3436.3564
0,3438.4587
1,3441.4119
1,3441.7136
1,3442.3162
0,3442.6892
1,3443.1401
1,3443.737
1,3444.255
1,3444.67
1,3445.0
1,3445.8506
0,3446.7268
1,3447.9836
0,3447.991
0,3448.2424
0,3448.4944
0,3449.5103
0,3450.0154
0,3450.2688
0,3450.773
0,3451.0254
0,3451.5308
0,3451.7815
1,3452.0188
1,3452.512
0,3453.2966
0,3456.8335
0,3457.0847
1,3460.0833
0,3460.2507
0,3464.203
0,3464.4583
0,3465.463
0,3465.9668
0,3466.219
0,3466.471
0,3466.9756
0,3467.731
0,3468.2344
0,3469.754
0,3470.283
0,3470.5352
0,3471.0376
0,3471.792
0,3472.0432
0,3472.2957
0,3473.0518
0,3474.3118
0,3475.0972
0,3475.629
0,3475.881
0,3476.6357
0,3477.3936
0,3477.645
0,3478.404
0,3479.9255
1,3479.9905
0,3480.1804
0,3480.6853
2,3481.2815
1,3491.451
0,3492.7144
0,3492.9673
0,3493.4727
0,3494.2332
0,3495.247
0,3496.258
0,3497.2654
0,3497.5193
0,3497.7703
1,3498.1401
0,3498.2783
0,3502.2517
1,3502.255
0,3503.0103
0,3503.513
1,3503.7239
0,3503.7683
0,3504.285
1,3504.8186
1,3505.4644
1,3506.6506
0,3506.835
1,3507.585
0,3509.8982
0,3510.4065
1,3512.1206
0,3512.1904
1,3512.448
1,3512.7727
0,3512.9485
1,3514.1516
0,3515.2197
0,3515.4727
1,3515.5022
1,3516.9849
1,3517.8535
0,3518.4988
0,3519.002
1,3521.067
0,3521.272
0,3522.1912
1,3522.6846
1,3524.4514
0,3524.716
0,3524.968
0,3525.4731
0,3526.2285
1,3527.1182
0,3527.4895
0,3527.7407
0,3528.2463
0,3529.005
1,3529.1846
0,3529.2573
0,3533.2852
1,3533.4673
0,3534.0425
1,3534.3901
0,3534.8037
2,3535.3828
1,3551.684
0,3552.069
1,3552.8015
1,3553.5127
0,3553.5796
1,3554.4028
0,3554.8381
1,3554.8716
0,3555.5938
1,3555.8005
1,3556.9026
0,3562.405
0,3562.6575
1,3563.479
0,3563.919
0,3564.1724
1,3564.575
0,3564.6812
0,3565.9387
0,3566.1929
0,3566.447
0,3567.2043
0,3567.7078
0,3568.2134
1,3568.3835
0,3568.9712
0,3569.7297
0,3569.9832
0,3570.235
1,3573.3247
1,3575.2893
1,3576.5173
1,3577.2417
1,3577.7502
0,3578.8804
0,3580.393
1,3581.242
0,3581.4014
1,3581.8352
0,3582.9177
0,3583.1682
0,3583.6716
0,3585.4321
1,3586.2324
0,3586.6934
0,3587.197
1,3587.6145
0,3587.9543
1,3588.3867
0,3588.9736
0,3589.2263
0,3589.7312
0,3590.2375
1,3590.4683
1,3591.4553
0,3592.0203
0,3594.5623
0,3595.3228
0,3595.5757
0,3595.8267
0,3596.0789
0,3596.3342
0,3597.8774
0,3598.3918
2,3598.5432
