0,3.025705
0,4.7886777
1,6.1295395
0,7.3882055
1,7.421713
0,7.6399713
0,7.89128
0,8.143499
0,10.155288
0,11.420315
0,11.925602
0,12.429154
0,14.459084
0,15.717708
0,15.968429
1,27.627296
0,28.885078
0,29.392616
0,29.89449
0,30.145552
0,30.396801
0,32.155758
0,33.414886
0,34.421947
0,34.673107
0,36.43334
0,37.940628
0,38.446037
0,39.815823
1,39.81654
0,40.067093
1,40.908974
0,41.07136
0,41.322273
0,41.573586
0,42.32757
0,44.590096
0,45.34311
0,46.598484
0,47.10111
0,47.353985
0,51.49438
0,53.252342
0,54.510468
1,60.892296
0,63.568913
0,66.58986
0,66.84268
0,67.34583
0,68.35238
0,68.60475
0,73.39609
0,73.64835
0,73.90044
0,74.6546
0,76.16452
0,76.41708
0,78.430275
0,78.89871
1,78.899254
0,79.14976
0,80.156525
0,80.40866
0,80.91218
0,81.163475
0,81.66556
1,82.259735
0,83.42641
0,84.93728
0,85.691895
0,85.9433
0,86.1955
0,89.9876
1,104.54345
1,105.36002
1,105.97408
1,107.20991
1,109.94508
0,110.11054
0,110.613556
0,111.618416
0,112.1209
0,112.62271
0,116.144585
0,117.32177
1,117.32233
0,118.57952
0,119.080956
0,119.33271
1,119.57822
0,120.83886
0,121.84398
0,122.84947
0,123.6024
0,124.104164
0,124.356895
1,126.18141
1,126.38065
1,128.16193
1,143.89406
0,144.92513
1,145.26064
0,145.93243
1,146.27884
0,147.43999
1,147.52878
0,147.94398
0,148.19633
0,148.44714
1,148.86092
0,149.95573
1,150.14464
0,151.21262
0,152.7346
0,152.98885
0,153.23961
0,154.89963
1,154.90024
0,155.90575
0,156.40955
1,157.34834
0,157.41895
0,158.42714
1,158.82906
0,160.44113
0,160.94339
0,161.69775
0,162.20045
1,163.61191
0,163.71204
0,163.96408
1,164.44518
0,165.22153
0,166.22769
0,168.49287
0,168.74504
0,169.24846
0,169.4989
0,172.36014
1,173.61198
0,177.64246
1,190.52844
1,191.97827
0,192.29123
0,192.79318
0,193.05511
1,194.36624
0,195.31702
1,195.37961
1,195.64674
0,196.32349
1,196.91344
1,197.5726
0,197.83484
0,198.0866
0,198.3372
1,198.67941
0,199.34647
0,200.1035
0,200.35397
1,202.47784
0,203.62498
0,204.12843
0,204.63757
0,205.1515
1,205.39252
0,205.40831
0,206.1627
1,207.0957
1,207.73215
1,208.49667
0,208.85751
1,208.89702
0,209.10844
0,209.3603
1,210.21567
0,213.17998
1,215.83691
1,218.79674
1,219.91365
0,221.1181
1,224.99785
0,228.16725
0,228.92148
0,229.42322
0,231.02444
1,231.0251
1,231.58038
2,232.2792
0,236.99985
1,237.00061
0,238.2574
0,238.76176
0,239.01466
0,239.2656
1,258.44693
0,258.5209
1,259.29733
0,259.52597
0,260.78915
1,260.93042
0,262.29797
1,262.682
0,262.7999
1,262.88193
1,263.1473
1,267.56836
1,267.9469
0,268.0707
0,269.0775
0,270.8398
1,271.0253
0,272.60037
1,272.88153
0,273.85706
0,274.36148
0,274.86588
0,278.66937
0,279.92807
0,280.6839
1,282.5319
0,283.19962
0,283.45154
0,283.95325
0,285.48584
1,285.4865
1,285.7986
1,287.43237
0,287.499
0,287.751
0,288.7573
1,288.99774
1,289.64706
0,292.0222
0,292.2745
0,292.5257
1,301.6901
1,302.5645
0,302.95145
0,303.45276
0,303.7044
0,303.95648
1,305.29877
0,305.4635
1,305.9158
1,306.26227
1,306.65915
0,306.97827
0,307.9855
0,308.99268
0,309.495
0,310.75354
0,311.25494
0,311.7571
1,311.85028
0,312.0082
0,312.25977
0,313.57748
1,313.57822
1,314.63272
0,315.08728
1,315.51553
0,316.34442
1,316.8814
0,319.3629
0,319.61356
0,320.1154
1,322.88486
1,323.24887
0,324.14203
0,324.39355
1,325.083
1,326.51486
0,327.16095
1,327.21494
0,328.16553
1,328.48193
1,329.6764
1,329.89932
0,329.92484
0,330.42685
1,332.00494
1,332.27017
0,332.51
0,333.26453
2,333.73196
0,346.64377
1,347.14206
0,347.14993
0,347.65247
1,348.20584
0,348.9112
1,348.98254
1,349.9071
1,351.46713
0,351.9354
0,352.18817
1,352.93408
0,358.73453
0,358.99048
1,359.56653
0,359.99835
1,360.06616
0,360.24875
0,360.50043
0,361.0033
1,361.88318
0,362.2618
0,362.5129
1,363.2491
0,363.26727
0,364.7772
0,365.7826
1,366.4867
0,366.5362
1,367.23474
0,368.54874
0,369.554
0,369.8085
0,370.31003
0,372.13205
1,373.11765
0,373.13904
1,384.31894
1,386.0185
0,386.07996
0,386.33228
0,386.58325
0,386.8345
0,387.08658
1,388.0187
1,389.1464
1,389.3014
0,389.34882
1,390.33423
0,390.8575
0,391.612
0,391.8629
0,392.8688
0,393.87198
1,393.88678
1,394.1022
0,396.13864
0,397.14386
0,398.40225
1,399.18393
1,400.6692
0,401.42712
0,402.6859
0,406.5051
1,406.50583
0,407.76614
0,408.01752
0,408.77264
1,409.20035
1,423.08643
0,424.34354
0,424.84573
0,425.6005
1,425.8345
0,425.85153
0,429.62747
1,429.7699
1,430.7745
0,431.38806
0,431.6403
0,431.8918
0,432.14322
0,432.89734
1,433.37607
0,433.40115
0,433.65155
0,434.66168
0,434.9136
0,435.1652
0,435.66782
1,435.70132
0,435.91974
1,437.45102
1,438.19052
0,438.43747
0,438.6896
1,439.16827
0,439.4417
0,440.95395
1,444.1503
1,444.41843
1,446.37186
1,447.07263
1,449.12067
1,449.8108
1,450.8026
0,450.9527
0,451.45538
0,451.95795
0,453.55585
1,453.5565
2,454.0202
1,467.85803
0,469.119
0,469.37152
1,469.5947
0,469.64276
0,470.90326
1,471.00247
1,471.5039
0,471.65854
1,471.80292
0,472.16016
1,473.22147
1,474.23712
0,474.6832
0,474.9347
1,475.0297
0,475.43716
1,476.05792
1,479.40402
0,479.9063
0,480.40817
0,480.66034
1,480.93713
1,481.50354
1,482.9376
1,486.03717
1,487.73776
1,488.44513
0,494.2958
0,494.79938
1,497.0555
1,497.41174
2,497.9205
1,514.5869
1,515.7211
0,518.50024
1,519.03723
0,519.7583
1,519.92004
0,520.0091
0,521.76855
1,521.85394
0,522.0202
0,522.5231
1,522.60767
1,523.7727
1,524.5865
1,525.6045
0,525.79767
1,526.4873
1,526.97186
1,528.0038
1,529.02655
1,534.34656
1,535.51227
1,538.7103
0,539.9645
0,540.72144
1,540.83856
0,541.72876
0,542.7354
0,544.24554
0,545.502
0,546.0346
1,546.03534
0,546.7914
0,547.5451
0,547.79675
0,548.04877
0,548.5527
0,550.0606
0,550.3119
0,550.5635
1,553.8731
0,555.1024
0,555.3537
0,555.6054
1,558.20856
1,559.1392
0,559.4679
0,559.7192
1,560.08844
1,561.45526
0,564.50195
0,565.25635
0,565.7598
0,566.86475
2,566.8653
1,584.473
0,584.8656
0,585.3692
0,585.62134
1,587.35565
0,587.38324
1,588.1191
1,588.6384
1,589.22284
0,589.39923
0,589.65125
1,590.6057
0,592.94904
1,592.94977
1,593.3566
0,593.95636
0,594.2087
1,595.6389
0,596.21985
1,597.0851
1,599.1392
1,600.2733
0,601.75226
0,603.7644
1,608.0035
0,608.2922
0,608.7959
1,611.29755
1,612.03894
0,612.5561
0,612.80835
1,613.0894
1,613.3232
0,614.31836
1,614.5235
1,615.64087
0,616.07947
0,616.3313
0,616.5837
1,618.2899
0,619.00543
1,619.4278
1,619.8233
1,620.63904
1,620.8928
1,622.8238
0,623.0366
0,623.53937
0,624.0433
0,625.3987
2,625.3992
0,642.0466
0,642.299
0,642.55145
1,642.72314
1,643.23944
1,644.441
1,645.59064
0,645.8212
0,646.3241
0,647.58234
0,647.83466
1,647.9857
0,648.3379
0,649.53625
1,649.53705
1,649.90643
1,650.791
0,650.7936
0,651.29626
0,651.5472
1,651.7239
1,652.225
1,653.591
0,654.0605
0,654.5632
0,655.3215
1,658.1195
1,658.6142
1,659.99255
1,662.0415
0,663.4028
0,664.1565
1,664.1915
1,665.26013
1,676.46216
0,677.96814
0,678.22003
0,678.97394
0,679.225
0,681.48816
0,684.52124
0,685.5294
0,686.0332
1,686.3941
0,686.53613
1,687.0351
0,688.1083
1,688.10925
2,688.6382
1,699.74884
0,701.0081
0,701.5103
0,702.0211
0,702.27167
0,702.52405
0,707.0566
1,707.923
0,709.07074
0,709.5737
0,709.8252
0,710.12976
0,710.6337
1,710.8531
1,711.7222
0,712.1448
0,712.39594
1,712.4371
0,714.9202
0,717.9404
0,720.5067
1,720.50757
0,721.7646
0,722.02124
1,722.12775
0,723.784
0,724.28534
1,724.30994
0,725.0426
1,725.7266
0,726.29913
0,726.80145
0,727.8212
2,728.6014
0,733.5081
1,733.5093
0,734.76886
0,735.5253
0,735.77576
1,736.394
0,737.7935
0,740.0574
0,740.8203
1,741.22723
0,742.0768
1,742.92584
0,745.60486
0,745.85736
0,746.10974
0,746.3603
0,747.1198
0,748.1287
0,749.10065
1,749.10144
0,750.11017
0,750.6131
0,750.8661
0,752.6331
0,755.903
0,757.67365
0,757.92456
0,768.58044
0,769.33417
0,770.0893
1,770.5274
0,770.5921
0,770.8438
1,770.97687
1,771.4145
0,771.5995
1,771.68195
0,772.1127
1,772.8611
0,772.8672
0,773.1197
1,773.84814
1,774.6323
1,775.4281
1,778.4152
1,778.64453
1,780.81
0,782.44293
0,782.94543
1,784.97815
0,785.2085
0,785.46533
0,785.96747
1,787.21185
0,787.2298
0,787.732
0,787.98413
0,788.7365
0,788.98816
0,789.4924
0,789.74347
1,789.99426
1,790.6599
0,790.99866
1,791.3933
0,792.0061
0,792.25775
1,792.9302
0,793.7697
0,794.2732
0,794.77686
0,795.0283
1,798.2309
1,798.74396
0,799.4895
0,799.7407
1,800.2105
1,801.83044
1,803.8451
0,804.52106
1,816.6634
0,817.9204
1,818.3437
0,818.4249
0,818.93097
0,819.1819
0,819.43274
0,823.45715
0,823.96265
0,824.7171
0,824.9681
0,825.4725
0,826.0369
1,826.0379
0,826.2896
0,827.2954
0,828.0495
0,828.3009
0,830.06226
1,830.07733
1,830.83295
0,831.8243
1,832.06195
0,834.34204
0,834.59344
0,845.5283
1,846.5788
1,847.3036
1,847.41437
0,847.5441
1,847.92816
1,848.72974
1,849.76276
1,849.9136
1,850.1115
0,850.5628
1,851.1117
0,851.8225
1,853.46814
0,856.3505
0,856.60254
1,857.8724
0,858.8772
1,859.02966
0,861.14124
0,861.89746
1,861.9626
0,862.40186
1,862.83405
0,862.9088
0,863.8992
0,864.40314
0,865.1581
0,865.6605
0,865.91223
1,866.4964
1,867.212
1,867.4791
0,868.432
1,868.8961
0,869.43866
1,874.246
0,875.18445
1,875.8644
1,877.0022
1,877.4621
0,878.7049
0,879.20685
1,881.3141
0,881.9742
0,882.22675
0,882.72797
2,882.80566
0,890.5014
1,891.4167
1,892.04663
0,893.5217
0,893.7735
0,896.0364
0,896.53864
0,896.79144
0,897.294
0,897.79767
0,898.05035
