0,3.043933
0,4.551114
0,5.3081064
0,5.5605645
1,6.916864
1,7.622878
0,8.1772175
0,8.683056
1,8.881823
0,9.186577
0,9.438604
0,10.695712
0,12.458696
0,12.711146
0,13.215866
0,16.167368
1,16.16799
0,17.42821
0,17.680109
1,18.07724
1,18.546333
1,32.012383
0,33.270264
0,33.522926
1,40.8301
0,47.634247
0,47.886345
1,48.892597
0,49.396206
0,51.410286
0,52.417263
0,52.921528
0,58.224716
1,58.225235
0,64.549805
1,65.42936
0,65.80763
0,67.82674
0,68.83171
0,69.33766
0,69.587944
0,70.090614
0,70.594406
0,71.60121
0,73.11363
1,73.71569
1,74.323364
0,74.62529
0,76.63919
0,76.89138
0,77.39522
0,77.89831
0,78.73552
1,78.91483
1,92.8994
0,94.16015
0,94.41292
0,97.435555
1,97.54766
0,97.68736
1,99.06592
0,104.229454
0,104.480446
0,105.74079
0,107.25104
0,108.00476
1,108.16518
0,109.26798
0,110.78053
0,113.2993
0,114.55799
0,115.059746
0,115.312065
0,118.51723
1,118.83173
0,119.020035
0,121.03957
1,124.274635
0,125.32032
1,125.47038
1,129.76532
0,130.10495
1,130.27052
0,132.11902
0,132.62251
0,133.63254
1,134.45834
0,135.39702
0,135.6476
0,135.90024
0,136.4029
0,136.65433
0,137.91264
0,138.16444
1,139.04701
0,139.1716
0,139.67583
0,140.68312
0,140.93399
0,141.18674
0,141.43988
0,141.94301
0,142.95174
0,145.98112
0,146.2325
0,146.4846
0,147.23958
1,163.18518
1,166.95113
1,170.03363
0,173.26875
0,173.51903
0,175.02715
1,175.48256
0,175.78143
0,176.79005
0,177.04231
0,177.5475
0,178.80664
0,179.0589
0,182.08334
0,182.58696
0,182.83763
0,183.0903
1,185.4388
0,186.95183
1,187.20233
0,190.98505
0,191.23926
1,191.28294
0,191.74295
0,194.76727
0,196.29485
1,196.29771
0,196.7997
2,197.14552
1,210.5688
0,211.82716
0,212.07846
0,212.83432
0,213.84175
0,214.84702
1,214.93222
0,216.35773
0,216.61046
1,216.6163
0,217.1168
0,223.16844
0,223.42009
0,224.68422
0,225.18729
1,225.53465
0,225.9444
0,226.1975
0,227.4573
0,227.71039
0,228.21431
0,231.9958
0,232.24887
1,240.55003
0,241.80812
0,243.82632
0,245.59198
1,246.5163
0,247.60739
1,247.78545
0,247.86044
0,248.86969
0,249.62349
0,250.37665
0,251.88919
0,252.39227
0,252.64374
1,259.01624
0,259.19662
0,259.44794
0,260.7102
0,261.46484
0,262.2184
1,262.60287
0,262.9719
0,263.47824
0,263.9808
0,264.48285
1,264.66843
0,267.51285
0,267.76578
0,268.01782
0,268.52097
1,270.54886
0,284.88364
0,285.38657
1,285.71884
0,286.1422
1,286.37106
0,286.3946
1,287.45685
1,288.16696
0,288.41318
1,289.06723
0,289.92484
0,291.1894
1,291.40167
1,291.98566
1,292.28433
0,293.4545
0,294.71335
0,295.21848
0,296.95398
1,296.95447
1,298.11
0,298.2121
0,298.71588
0,298.96707
0,299.4701
0,299.7226
1,300.71786
0,301.23123
0,301.73557
0,302.99426
0,303.24567
0,303.49762
0,304.0015
0,305.7865
0,307.04645
0,307.2983
1,308.20184
0,313.83926
0,316.61362
0,321.65112
0,322.40445
1,322.4318
0,322.65787
0,323.16248
0,323.41498
1,324.06042
0,325.93127
0,326.43652
0,327.44443
0,327.9466
0,328.1994
0,328.45035
0,329.71204
0,329.96466
0,330.21548
0,330.46753
0,330.71942
0,331.7303
0,331.98163
0,332.23453
0,332.9938
0,333.24606
0,334.0008
1,334.11755
0,334.2518
0,337.52505
1,338.9342
0,339.0389
0,339.29004
1,340.53543
0,340.5527
0,341.30637
0,341.81018
1,343.46762
0,346.594
0,347.35117
0,347.6042
0,347.8564
0,348.36133
0,349.62238
0,350.87985
1,350.88046
1,362.38803
0,363.64566
0,364.15152
0,364.90427
0,365.15643
0,366.6714
1,367.61737
1,367.76828
0,367.92932
0,369.1882
0,369.44086
0,370.19806
1,370.69437
0,377.0048
0,377.25647
0,377.75983
0,378.01178
0,378.51453
1,378.6049
0,379.01718
0,379.27048
0,379.5236
1,379.5851
0,380.76694
1,380.85284
0,381.77817
0,382.03
0,383.03934
1,383.85312
0,384.2982
0,385.56174
0,386.31967
0,386.57077
0,387.3263
0,387.8283
0,388.07925
0,390.97076
0,391.97815
0,392.23126
1,392.46896
0,392.4819
1,394.171
1,394.56973
0,395.25003
1,395.58334
0,396.25784
0,397.26462
1,397.27002
0,397.51584
0,398.77417
1,400.64032
1,416.52356
0,417.78128
0,419.03915
1,419.08725
0,420.54742
1,421.1707
1,422.30435
0,422.56247
0,422.81415
0,423.0655
0,430.36768
0,431.37692
1,431.49026
0,431.87912
0,432.38187
1,432.4882
0,432.88446
0,433.38657
0,433.63995
0,433.89255
0,434.39728
0,434.65
0,434.90054
0,435.1523
1,435.2549
0,436.41162
0,437.67374
0,437.9252
0,438.6816
0,438.93173
1,439.35043
1,441.02396
1,443.05557
1,444.02057
1,444.93765
0,446.31027
1,446.55457
0,446.56207
0,449.9586
0,450.4621
0,450.966
0,452.22552
1,452.4383
0,453.73547
0,454.2394
0,455.24988
0,459.0969
0,473.82257
0,474.5765
0,474.8282
1,475.30402
1,475.82172
1,477.87296
1,478.2548
1,479.25446
1,479.80508
0,480.37314
0,480.8819
0,481.8917
0,483.03067
0,484.29028
1,484.41782
0,484.79257
0,488.07135
0,488.57532
0,488.82663
1,489.06824
0,489.07852
0,489.33228
0,489.8348
0,492.6302
0,493.38705
0,493.639
1,493.73895
0,496.9147
0,497.41922
1,497.55576
1,499.48843
1,500.10477
1,501.85623
1,502.17252
0,502.96475
1,503.1567
1,503.88837
0,504.72516
0,504.97595
0,505.2274
0,505.47958
0,506.73804
1,507.3782
0,507.74777
0,507.99908
1,508.7501
1,509.25464
0,509.51074
0,509.76205
0,510.01273
0,510.76944
1,513.5904
0,516.5621
0,518.5794
0,518.8299
1,532.7246
1,533.5877
0,533.98474
1,534.45496
0,535.24493
1,535.4567
1,535.97314
0,536.25494
1,536.73785
0,536.7589
1,537.372
1,537.8735
1,540.8676
0,542.1283
0,542.37976
0,544.14746
1,544.173
1,544.6381
0,544.904
0,545.91113
0,546.1627
0,546.91626
0,548.2242
1,548.22473
0,549.48267
0,549.7357
0,549.987
0,550.2377
1,551.52246
0,552.2534
0,552.75616
0,554.51886
0,554.77155
0,555.0244
0,555.2761
1,556.14105
1,558.3489
0,559.3599
0,559.86224
1,560.1858
1,560.65967
1,561.6918
0,562.6381
0,563.1421
0,563.3945
0,563.9002
0,564.40283
1,564.4236
1,569.3343
0,573.6421
1,573.64264
1,574.2677
2,574.4888
1,578.1595
0,578.9149
0,579.4185
0,580.6814
0,580.9319
0,581.6871
0,582.6949
0,583.1999
0,583.7053
0,589.0546
1,611.36005
0,612.6182
0,612.87006
1,613.0249
0,613.1216
1,614.7746
1,615.7075
0,615.8951
1,616.12415
0,616.39795
0,616.64795
0,618.00684
1,618.0075
0,619.51654
1,619.8612
1,621.57416
0,621.78064
1,622.54364
0,623.2938
1,623.7074
0,625.3063
0,626.5652
0,627.821
1,628.7601
0,629.0805
0,630.7565
0,631.26447
1,631.52545
0,632.0176
0,632.77216
0,633.02405
1,633.723
0,635.2899
1,635.87463
0,636.29675
0,636.8
0,637.0532
0,638.0591
1,641.0568
0,641.8124
0,642.0639
1,642.6788
1,643.9747
1,644.7922
1,645.3828
0,646.09766
1,646.8629
0,647.60925
1,661.8106
0,663.07007
0,663.5725
0,663.8237
0,664.0761
0,664.3287
0,664.58014
1,665.7695
0,667.5974
0,668.60406
1,668.63794
0,668.8552
0,669.359
0,670.3748
0,670.6269
1,670.8594
1,671.8944
0,674.9101
0,675.41364
0,675.6662
0,675.9189
0,676.42365
1,678.1932
0,679.4524
0,679.7057
1,680.7748
0,682.22766
0,682.73206
1,684.9207
0,685.2504
0,685.7538
0,687.03723
1,687.03766
1,687.7918
0,687.79443
2,687.8067
1,698.1754
0,699.4356
0,699.9409
0,700.44464
0,700.6962
0,702.46344
0,703.7224
0,704.7306
0,706.7429
0,708.7559
0,709.0087
0,709.5121
0,709.7635
0,710.0147
0,710.2666
0,710.5173
0,710.76935
0,711.0209
0,712.27997
1,712.6447
1,713.27515
1,716.6946
1,717.4534
0,717.9534
0,718.4582
0,719.2138
0,719.4665
1,721.4586
0,721.4801
0,721.9855
0,722.23987
0,723.24756
0,726.27295
0,727.78265
0,728.0351
0,728.28723
0,729.043
0,729.2947
0,729.54755
1,729.6134
0,729.7995
0,731.4903
1,731.4908
1,732.2621
0,732.7526
1,734.1263
1,734.659
1,735.30945
0,738.2977
0,738.5493
0,738.8025
1,745.32965
0,746.5856
0,747.0885
0,747.59204
1,748.7599
1,749.25977
0,749.8639
1,750.30963
0,750.61926
1,750.94385
0,751.12085
0,751.6236
0,754.63165
1,754.6323
0,755.89276
0,756.1455
1,756.27716
1,758.39215
1,760.05994
0,760.17596
1,761.2758
1,762.15985
1,762.9928
0,763.45337
1,764.6307
0,764.712
0,765.4691
0,766.72906
0,767.98914
0,768.2403
0,768.49225
0,768.74677
0,768.9986
0,769.25104
0,770.00446
1,770.1292
0,770.25555
0,770.5073
1,771.3963
2,771.6898
0,775.9944
1,775.995
1,777.2455
0,777.25366
0,777.5068
0,777.7596
0,778.01294
1,778.0445
1,778.8825
1,779.60925
0,782.80444
0,783.05493
0,783.55817
1,803.5932
0,804.1423
0,804.6445
0,804.8969
0,805.15137
1,805.344
1,806.29474
0,806.66425
1,807.6602
0,808.4298
0,808.9317
0,809.1844
1,809.52625
1,811.1039
1,811.9111
0,812.36395
0,812.61554
0,813.6219
1,814.6113
0,815.1361
0,815.3894
1,815.84424
0,815.89417
1,816.19324
0,817.40686
1,817.54675
1,817.9463
0,818.4158
1,818.77783
0,818.9191
0,819.673
1,819.92566
1,820.42645
0,820.4292
0,821.9432
0,822.1944
1,822.2713
1,822.80225
0,822.9478
1,824.3105
0,825.5694
0,825.823
1,826.6107
0,827.0839
0,827.58716
0,828.34406
1,828.84515
0,830.3608
1,830.44666
0,831.62177
0,831.87494
0,832.8805
1,836.31714
0,837.57477
0,837.825
1,837.9614
1,839.61163
0,841.35077
0,844.1184
1,848.54846
0,849.15924
1,849.9002
0,849.91327
0,850.1642
0,850.41797
0,851.93085
0,852.18414
1,852.54785
1,852.9451
1,854.29456
0,855.4592
0,856.2129
0,856.4649
0,856.9701
1,859.4806
1,872.4332
0,873.69434
0,873.9474
1,874.0223
1,875.8953
0,875.9604
0,877.4751
0,877.9799
1,878.295
0,880.5025
1,880.99567
0,881.2579
0,881.50903
1,882.11194
0,882.7661
0,883.524
1,883.84515
0,884.2803
0,885.03455
0,885.2877
0,885.79004
1,887.7126
0,888.69434
0,888.945
1,889.2953
1,890.5488
0,890.9629
1,891.67834
0,891.7182
1,893.30615
0,893.73785
0,893.98944
1,894.13495
0,894.4928
0,897.2686
2,898.37897
0,903.8865
1,903.9601
0,905.1477
0,905.4005
0,906.6648
1,907.348
0,909.43494
0,910.44275
1,915.1466
1,931.33234
1,931.69635
0,933.09424
0,933.84784
0,934.0988
0,937.12476
0,937.88153
0,938.13275
0,938.63495
0,938.88794
0,939.138
0,939.38916
0,942.916
0,943.16705
0,943.41943
0,943.67017
0,944.4267
0,944.9315
0,945.1828
0,945.68524
0,946.6944
0,947.1996
0,947.4514
0,947.703
1,947.7796
1,947.91864
0,949.30054
1,949.3012
0,950.5612
1,950.5816
0,951.0649
1,951.1152
0,951.31573
0,951.5686
1,952.93054
0,955.1018
0,955.3529
1,957.8289
1,959.61615
1,962.21423
0,974.42303
1,974.481
0,974.92694
0,975.4303
0,975.6825
0,975.93536
1,976.2146
1,978.2307
0,979.7166
0,980.9796
0,981.48206
1,983.1976
0,983.4496
0,983.95184
1,984.16284
0,984.4543
0,985.2098
0,985.46045
0,986.2153
0,986.46747
1,987.01544
0,988.99207
0,990.0023
0,990.25555
0,990.76086
0,991.26465
1,992.9291
1,995.48004
1,996.49976
0,997.7161
0,998.22003
0,998.47107
0,1002.4986
0,1003.5054
0,1004.0094
0,1004.26086
0,1005.51807
0,1005.7705
0,1006.69464
2,1006.69495
1,1020.2325
0,1021.4957
0,1021.9996
0,1022.7558
1,1022.92114
0,1023.0071
0,1024.263
1,1025.7009
0,1026.7795
1,1027.5765
0,1033.0963
0,1033.349
1,1033.515
0,1033.6013
0,1033.854
0,1034.6111
0,1034.8643
1,1035.3574
0,1035.8744
1,1036.0791
0,1036.378
0,1036.6311
1,1040.821
1,1042.7642
1,1043.1483
1,1053.6995
1,1055.9996
1,1056.8325
1,1058.0472
0,1058.9893
1,1059.7141
1,1060.6819
1,1061.3484
0,1061.507
0,1061.7576
1,1062.3903
1,1065.6128
1,1068.047
1,1068.9471
1,1069.3656
0,1069.9011
1,1070.682
1,1071.4823
0,1072.6725
0,1073.1755
1,1074.1348
1,1074.3491
2,1074.6029
1,1086.0514
0,1087.3104
0,1087.8151
0,1088.5712
0,1088.8237
0,1091.8485
1,1091.9994
0,1092.6056
0,1093.3607
1,1094.0099
0,1094.1146
0,1095.3735
0,1095.8783
0,1096.1283
0,1096.8817
0,1097.8889
0,1099.1455
0,1099.3967
0,1100.89
1,1100.8906
0,1101.394
1,1101.6669
1,1102.1484
0,1102.1681
0,1102.6721
0,1103.4279
1,1104.1312
1,1104.6991
0,1105.443
0,1105.6943
0,1105.9471
1,1106.3168
0,1106.9563
0,1107.207
1,1107.7288
0,1109.987
0,1110.2395
0,1110.4911
0,1112.7582
0,1113.262
1,1116.4218
1,1127.2865
1,1127.5511
1,1128.5002
0,1129.0747
0,1129.5789
0,1129.8331
1,1129.9683
0,1130.0845
1,1131.4178
1,1132.0419
0,1132.0974
0,1132.8573
1,1133.518
0,1133.8698
0,1134.122
0,1136.3958
0,1136.6486
0,1136.9016
0,1138.742
0,1139.7506
0,1140.0017
0,1140.5074
0,1141.2635
0,1141.5157
1,1142.2826
1,1144.6997
0,1144.7853
0,1145.541
0,1146.2986
0,1146.5518
0,1149.0006
1,1149.0013
0,1149.5024
1,1150.002
0,1150.2592
0,1150.5115
1,1150.8334
1,1151.4513
1,1152.2491
1,1153.6158
1,1154.4417
0,1155.8038
0,1156.0564
0,1157.309
0,1157.562
0,1157.8137
1,1158.2826
2,1158.2982
0,1163.3896
1,1163.4003
1,1164.6348
0,1164.6501
0,1164.9032
0,1165.1556
0,1165.4077
0,1167.4214
1,1167.8829
0,1167.9255
1,1169.1687
1,1169.9432
0,1170.1932
0,1172.4604
1,1172.935
0,1174.2231
0,1174.7251
0,1174.9778
0,1175.23
0,1175.9858
0,1177.2451
0,1178.0027
0,1178.7578
1,1179.1527
0,1179.261
0,1179.7688
1,1180.1349
0,1184.0753
0,1184.3291
0,1185.337
1,1188.8159
1,1189.1346
1,1202.9708
0,1204.2318
0,1204.7358
1,1204.7366
0,1204.989
0,1205.2418
1,1205.4674
1,1206.302
1,1207.4005
0,1207.508
1,1208.3169
0,1208.5172
1,1209.2682
0,1209.2732
0,1209.5258
1,1209.7517
1,1213.3665
0,1214.3644
1,1216.3225
1,1217.1168
1,1217.5688
0,1217.6353
0,1218.1389
0,1218.6416
1,1219.0
0,1219.1455
0,1219.6511
0,1220.154
0,1220.4055
0,1221.916
0,1223.0631
1,1223.0638
0,1224.5756
1,1224.7345
0,1225.0786
0,1225.3306
2,1225.3837
1,1232.588
1,1234.225
1,1235.434
0,1235.6111
1,1236.2174
0,1236.3673
1,1237.5354
1,1238.419
1,1239.4015
1,1240.2571
1,1244.1006
0,1245.3231
1,1245.9017
0,1246.079
1,1247.2516
0,1248.3461
1,1248.5692
0,1248.8508
0,1249.3567
1,1249.8002
1,1251.0002
0,1251.1421
0,1251.8989
1,1252.8019
1,1253.564
0,1253.9121
0,1254.1643
1,1254.4584
0,1255.6757
0,1255.927
0,1256.4318
0,1256.6827
0,1256.9338
1,1257.1562
0,1257.4432
1,1257.4911
0,1257.6951
0,1258.4294
0,1258.9312
0,1260.1871
0,1260.4395
1,1260.669
0,1260.6912
0,1261.4491
1,1263.1357
0,1263.2197
0,1265.2352
0,1265.7377
0,1265.991
1,1269.1536
1,1272.4576
1,1273.6484
0,1273.7136
1,1274.1688
0,1274.2162
0,1274.9703
0,1275.2224
0,1275.9801
0,1277.238
0,1277.4888
0,1278.2444
0,1278.7458
0,1278.9983
0,1279.2499
0,1279.5028
0,1281.0101
0,1281.5139
0,1282.0178
0,1282.2692
1,1283.0688
1,1284.7863
0,1286.3053
0,1287.0646
0,1287.3164
0,1288.8269
0,1289.0789
1,1302.9028
0,1304.1638
1,1304.4099
0,1304.9174
1,1305.6698
0,1306.4272
1,1306.5532
0,1306.6793
0,1307.435
1,1307.4529
1,1308.3694
0,1309.2004
1,1309.3024
1,1309.6361
0,1310.2096
0,1311.4669
0,1311.9697
1,1316.7863
1,1318.5659
1,1318.824
1,1321.5708
1,1322.5193
0,1322.808
0,1323.0597
1,1324.6382
1,1326.0363
1,1327.0039
0,1327.0867
1,1327.8699
0,1328.3457
1,1329.3489
0,1330.109
1,1330.5074
0,1330.8632
1,1331.3347
0,1331.3688
1,1331.521
0,1332.1233
2,1332.8005
0,1337.66
0,1338.9191
0,1339.4214
1,1340.2703
0,1342.6987
0,1343.2024
0,1343.4547
1,1343.8032
0,1343.9598
0,1344.2115
1,1348.0441
0,1353.8619
1,1353.8629
0,1354.6196
1,1355.0536
0,1355.123
0,1355.626
0,1356.3844
1,1356.6215
0,1358.9026
0,1359.4067
0,1360.9183
0,1361.1707
1,1362.082
0,1362.5854
0,1363.3411
0,1364.097
0,1364.3479
0,1365.1003
0,1365.8557
1,1382.0886
1,1382.5697
0,1383.1312
1,1383.2539
0,1384.3926
1,1384.7205
1,1384.8718
0,1385.1488
1,1386.2043
1,1387.155
0,1387.1693
0,1387.6746
1,1387.7715
0,1388.1791
1,1388.32
0,1392.5481
1,1392.5491
1,1392.8727
0,1393.555
1,1395.2766
1,1396.6877
1,1397.9413
0,1398.6064
0,1399.1101
1,1400.6869
1,1407.2728
0,1407.9241
0,1408.1753
1,1408.1836
1,1409.3204
1,1409.7394
0,1410.8318
1,1411.1542
0,1411.8387
0,1412.0941
0,1412.8501
1,1413.489
1,1414.3538
0,1415.1193
0,1415.3706
0,1416.1274
0,1416.6309
0,1416.8826
0,1417.8916
1,1420.2065
1,1420.6375
0,1420.7103
1,1421.6222
1,1422.6218
0,1436.7529
0,1437.2543
0,1437.7596
0,1438.264
1,1440.4806
0,1442.0426
0,1442.7999
0,1443.0519
0,1443.8075
0,1444.3113
0,1445.8206
0,1446.0725
0,1446.5752
0,1446.8271
0,1447.3307
0,1447.5833
0,1447.8353
0,1448.0878
0,1448.5918
1,1449.221
1,1450.5553
0,1451.1116
1,1451.1897
0,1452.371
0,1452.8767
1,1455.7861
0,1457.0443
1,1457.1218
0,1457.2958
1,1458.1886
1,1458.6387
1,1459.956
0,1463.348
0,1463.8514
0,1464.8643
0,1465.369
0,1466.0476
2,1466.0481
1,1477.7382
1,1478.5759
0,1478.9979
0,1479.2494
0,1479.502
1,1479.6881
1,1479.9271
1,1480.4069
1,1481.5553
1,1482.4581
0,1482.7823
0,1483.0355
1,1483.5249
1,1487.557
1,1489.1573
0,1490.1139
0,1490.3645
1,1492.7083
1,1494.8243
0,1495.6544
1,1497.6235
0,1499.1849
0,1501.7056
0,1502.2084
0,1503.7224
0,1504.9795
1,1505.5157
0,1506.7278
2,1506.728
1,1519.2845
0,1521.046
0,1521.5507
0,1521.8031
0,1523.314
0,1524.8257
0,1525.3307
0,1526.8419
0,1527.6008
0,1528.1033
0,1528.3568
0,1528.608
0,1529.112
1,1529.4788
1,1529.7561
0,1529.8691
0,1530.1224
0,1530.3749
0,1532.6416
0,1532.891
0,1533.143
1,1538.1512
1,1539.0739
0,1539.4108
1,1540.0078
1,1540.406
1,1541.4412
1,1541.9977
0,1543.6969
0,1544.4556
0,1544.7083
1,1553.7363
1,1554.6399
0,1554.9983
0,1555.501
0,1555.7535
0,1556.0062
1,1556.4407
1,1557.4241
1,1557.9069
1,1558.9745
0,1559.5323
1,1559.7401
1,1561.7015
1,1562.395
1,1564.8419
0,1565.8324
1,1566.6094
0,1573.894
0,1574.1455
0,1574.6486
0,1575.1523
0,1575.6565
1,1575.811
0,1576.4115
0,1576.6642
0,1577.1672
0,1577.6691
0,1577.9241
1,1578.1003
0,1578.1765
0,1578.679
0,1578.9313
0,1579.6885
2,1580.1232
1,1587.6774
1,1588.2764
0,1588.9381
0,1589.4421
0,1589.9452
1,1590.474
1,1592.1239
0,1592.7137
1,1592.7732
1,1593.2399
0,1593.472
0,1593.9755
0,1594.2278
1,1594.3235
0,1594.4792
1,1596.2406
0,1598.1783
1,1598.54
0,1599.4352
1,1600.1581
1,1601.4913
1,1602.8768
0,1603.4668
0,1604.2234
1,1605.065
0,1606.323
0,1606.5745
0,1606.8262
0,1607.0785
1,1607.7743
1,1609.0266
0,1609.0924
0,1610.8594
0,1611.3634
0,1611.6162
0,1611.8684
0,1612.1216
0,1612.3733
1,1615.9697
1,1616.963
0,1617.2257
1,1618.4578
1,1618.7548
1,1620.4918
0,1620.4968
0,1621.001
1,1621.1259
1,1622.037
0,1622.26
0,1622.5118
0,1623.7714
0,1624.5308
1,1624.9788
1,1625.4778
0,1625.5388
2,1626.3585
0,1630.9349
1,1631.1085
0,1632.1965
0,1633.2053
0,1634.218
0,1634.7214
1,1634.9114
0,1635.4762
0,1635.9806
0,1636.2323
0,1636.9915
0,1637.4963
1,1637.5209
0,1637.9996
0,1638.5035
2,1638.5934
1,1650.9257
0,1652.053
0,1652.5592
1,1653.9758
1,1654.341
1,1654.7014
1,1655.592
1,1656.5411
0,1656.8429
0,1657.0941
0,1657.5979
1,1657.6082
1,1658.0255
1,1659.5098
1,1660.61
0,1662.6304
1,1662.6312
0,1663.3883
0,1663.8944
0,1664.1475
1,1665.8425
0,1666.411
0,1671.8055
1,1671.8064
0,1672.3109
0,1672.8147
1,1673.0596
0,1673.0648
0,1673.8195
1,1674.0724
0,1674.3251
0,1676.5917
0,1677.0953
0,1677.5975
0,1677.8501
0,1678.1024
0,1678.605
0,1682.6385
1,1682.6394
1,1686.1454
1,1687.5591
1,1688.3105
1,1689.2092
0,1692.2195
1,1694.536
0,1695.2357
0,1695.739
2,1697.2582
1,1714.0996
0,1715.3555
0,1715.8584
0,1716.1105
1,1716.2441
1,1717.1571
0,1717.6261
1,1717.7595
0,1718.8873
1,1718.9421
1,1719.776
0,1719.8915
0,1720.1433
1,1720.7948
0,1720.8994
1,1721.5652
0,1725.3909
1,1725.392
0,1726.9019
1,1728.2577
1,1730.0457
0,1730.687
0,1731.1917
1,1731.3768
0,1731.444
0,1731.6942
0,1731.9453
0,1733.2083
0,1733.9646
1,1734.3092
0,1734.4686
0,1735.7272
0,1737.2365
0,1737.4879
1,1737.6908
0,1738.4761
1,1738.4769
0,1738.9799
0,1739.7357
0,1740.2391
0,1740.9962
1,1741.1094
1,1742.276
1,1742.7437
1,1743.351
0,1743.769
1,1743.8094
0,1744.0198
0,1744.2723
0,1746.0349
0,1746.2872
0,1746.5394
0,1750.6094
1,1750.698
1,1753.5319
0,1754.1407
1,1754.2953
0,1754.8954
1,1755.3103
1,1755.5945
0,1756.3478
2,1756.348
0,1762.6028
1,1762.6036
1,1763.2949
0,1763.3561
0,1764.3628
0,1764.6144
0,1764.8656
0,1766.3822
0,1767.3951
0,1767.8986
0,1768.2332
1,1768.234
0,1768.4839
0,1768.7367
0,1768.9893
0,1770.2479
0,1770.499
0,1772.008
1,1772.4446
1,1773.5608
0,1775.7897
0,1776.7992
1,1780.8334
1,1809.2145
1,1810.007
1,1810.627
0,1811.732
1,1812.1279
1,1812.7279
0,1812.7389
0,1812.9904
1,1813.7451
1,1814.6132
1,1815.4458
1,1816.0619
1,1817.0464
0,1818.5707
1,1818.5718
0,1819.5776
1,1820.0624
0,1822.6036
0,1823.3583
0,1825.3774
0,1825.8821
1,1826.1671
0,1826.8881
0,1827.1411
0,1827.393
1,1827.7788
1,1828.2876
0,1828.4
1,1828.7682
0,1829.1562
1,1829.2782
1,1829.5272
0,1830.667
1,1830.9116
0,1831.1705
0,1831.673
1,1832.4775
0,1833.1864
0,1833.69
0,1834.1932
0,1836.9406
1,1837.1592
1,1837.3783
1,1838.4626
1,1839.6292
0,1839.9669
1,1840.6964
0,1840.9736
1,1841.5488
1,1842.4443
1,1853.5117
1,1855.2452
0,1855.2737
1,1855.8282
1,1856.1394
1,1856.4958
0,1856.5314
0,1857.2854
0,1857.7885
1,1858.0305
0,1858.7968
1,1858.9135
0,1859.299
1,1859.745
1,1860.3623
1,1863.199
0,1863.9552
0,1864.4601
0,1864.7123
1,1866.5714
1,1867.1615
0,1867.9923
1,1867.9962
1,1868.4948
0,1868.4976
1,1869.2614
1,1869.8397
1,1870.3446
1,1870.7592
0,1874.5452
0,1879.3369
1,1882.8501
0,1883.8785
1,1885.1893
0,1885.9427
1,1886.2622
0,1886.4464
2,1886.5784
1,1899.7493
1,1900.4124
0,1901.0061
1,1901.1957
0,1901.5103
0,1902.2651
1,1902.4286
1,1903.5482
1,1904.445
1,1905.3121
0,1905.7904
1,1906.664
1,1907.4795
0,1907.5513
0,1908.0576
1,1908.2238
1,1910.5126
1,1912.3737
0,1913.3802
0,1913.8845
1,1914.6439
1,1915.5966
0,1916.9103
0,1918.4215
0,1918.9259
0,1919.1776
2,1919.9841
1,1931.9174
0,1933.1763
0,1933.6852
0,1934.1896
0,1934.4414
0,1934.6934
1,1935.5972
1,1935.8788
0,1937.9707
0,1938.9794
0,1941.2427
0,1941.799
1,1941.7999
1,1942.0471
0,1942.3019
1,1943.5142
0,1943.5592
0,1943.812
1,1944.1133
0,1944.569
0,1945.076
0,1945.8335
0,1946.0862
1,1946.414
0,1947.3456
1,1947.7983
1,1948.4741
1,1948.8125
1,1949.243
0,1949.3607
0,1950.1155
0,1950.6199
0,1950.8705
0,1951.1218
1,1951.8966
1,1956.9148
1,1957.1296
1,1958.3226
0,1958.9014
1,1959.2985
0,1959.4049
1,1960.133
0,1960.6635
1,1963.4645
1,1963.6173
0,1963.9403
1,1973.6672
1,1974.4755
1,1975.1001
0,1975.176
1,1975.4647
0,1975.6901
1,1976.6635
0,1977.2013
1,1977.2966
1,1977.5306
0,1978.7147
1,1978.8646
0,1979.2175
1,1979.5804
0,1979.7212
1,1981.2479
0,1981.6
0,1982.6077
1,1983.6014
1,1984.4475
1,1984.8302
1,1985.5333
0,1985.6305
0,1985.8826
0,1986.3866
0,1986.6387
1,1986.7487
0,1986.8903
0,1987.3933
0,1988.6505
1,1989.936
0,1990.1643
0,1990.4155
0,1990.6661
0,1992.1783
0,1992.4307
1,1992.8785
1,1999.8461
0,2001.1029
1,2001.7476
0,2002.119
1,2002.2786
0,2003.3761
1,2003.6814
1,2004.3992
0,2005.1384
1,2005.7672
0,2006.1451
0,2006.3958
0,2006.6478
0,2007.153
1,2008.6321
0,2010.4697
0,2011.2249
1,2011.3516
0,2012.2308
1,2012.3671
0,2012.7345
1,2013.3323
0,2013.7433
1,2014.4478
0,2014.7505
1,2014.9827
1,2015.648
0,2015.7596
1,2015.7816
0,2016.2656
0,2016.5166
0,2017.0209
0,2017.2719
1,2017.6676
0,2017.7795
0,2018.2833
1,2021.4193
1,2021.658
0,2021.8135
0,2023.1552
1,2023.1562
0,2024.4126
1,2024.6501
0,2024.6644
0,2024.917
0,2025.1685
1,2025.5491
0,2025.9266
1,2026.6473
1,2027.3816
0,2027.4353
0,2028.1925
0,2028.9478
0,2029.1998
0,2029.452
1,2032.1061
0,2033.1116
0,2033.3625
1,2036.2943
0,2037.5516
0,2038.3081
0,2038.813
0,2039.0641
2,2039.9349
1,2049.3027
1,2050.2334
0,2050.5664
0,2051.068
1,2051.1
0,2051.8262
1,2052.0352
0,2052.0781
1,2052.7148
1,2053.1343
0,2056.6265
0,2057.6335
0,2058.138
0,2059.3958
0,2059.6501
0,2067.016
0,2067.2668
0,2068.5269
0,2069.5374
1,2069.6162
0,2071.0486
0,2071.2998
0,2071.5522
1,2071.6301
1,2071.8518
1,2075.0337
0,2076.1003
1,2076.938
1,2079.1323
0,2079.3765
1,2079.4744
1,2079.8987
0,2080.132
1,2080.7979
0,2081.3943
0,2081.8967
1,2081.9675
1,2082.171
0,2082.4016
1,2082.5166
1,2082.7092
1,2083.0151
1,2083.1748
1,2083.485
1,2083.6426
1,2083.9456
1,2084.1028
0,2084.1672
1,2084.408
1,2084.5642
0,2084.6726
0,2087.535
1,2088.086
0,2089.8027
0,2090.053
1,2090.6655
1,2091.916
1,2092.529
1,2093.0132
0,2093.0793
1,2093.5
0,2094.8425
1,2099.4502
0,2099.795
1,2100.5186
1,2101.7183
1,2102.7737
1,2104.366
1,2104.7776
0,2118.9644
0,2119.4692
0,2119.7205
0,2119.9724
1,2121.1865
0,2121.988
1,2122.9167
1,2123.2183
0,2123.248
1,2125.6008
0,2125.765
0,2126.2683
0,2126.52
1,2126.7546
1,2127.343
1,2127.5144
0,2127.5286
1,2127.804
1,2127.9614
0,2128.0322
1,2128.254
1,2128.406
0,2128.5356
1,2128.6882
1,2128.8364
1,2129.143
1,2129.2961
1,2130.945
0,2131.9482
1,2131.952
0,2132.2012
0,2132.453
0,2132.706
1,2132.739
0,2133.208
0,2133.4607
0,2133.7117
1,2133.7827
1,2134.1519
1,2135.1682
1,2135.812
0,2135.981
0,2136.2317
1,2136.3723
0,2136.4849
1,2136.7673
0,2136.9883
0,2137.491
0,2137.995
0,2138.246
0,2138.499
0,2138.752
1,2147.3862
0,2148.6458
1,2149.1016
1,2149.502
0,2150.9124
1,2150.9343
1,2151.3853
0,2152.1738
1,2152.4016
0,2153.1794
1,2153.3005
1,2154.1855
0,2154.4414
0,2154.9473
1,2155.154
0,2155.7021
0,2155.9526
0,2158.2236
0,2158.979
0,2159.2302
0,2159.4824
1,2160.5354
1,2162.1477
1,2164.4954
1,2165.351
1,2165.6516
1,2167.9688
0,2168.4402
0,2169.1956
0,2169.6992
2,2170.9778
0,2174.7678
0,2175.2715
1,2175.538
1,2175.8608
0,2176.0273
0,2176.5298
0,2177.0327
0,2177.5388
0,2177.7898
0,2178.0413
0,2178.2935
0,2178.7979
0,2179.805
0,2180.0574
0,2180.309
0,2180.561
0,2181.318
0,2181.5723
0,2182.0767
0,2182.5813
1,2182.6033
1,2184.6016
0,2185.35
1,2188.435
0,2189.8835
0,2192.1533
0,2192.404
0,2192.9067
0,2193.159
0,2193.9143
0,2194.166
0,2194.6692
1,2194.7883
1,2197.002
0,2198.7002
0,2198.9517
0,2200.9634
1,2202.2937
1,2214.4365
0,2215.5142
1,2215.7026
1,2215.9844
0,2216.0198
0,2216.7764
0,2217.0293
1,2217.1345
0,2220.3008
0,2221.0562
0,2221.8135
0,2222.6235
1,2222.6248
0,2223.127
0,2223.3772
0,2223.6301
0,2224.1335
0,2225.3928
0,2225.896
0,2226.1477
0,2226.4006
1,2226.8535
1,2227.804
1,2228.6873
1,2229.3525
0,2230.1797
0,2230.9365
0,2231.1897
0,2231.6948
0,2231.9475
1,2234.1165
0,2235.628
1,2236.3196
1,2236.7874
1,2237.5908
1,2238.32
0,2238.899
1,2239.42
0,2240.6602
1,2240.6687
0,2243.4348
0,2243.688
1,2243.748
0,2245.706
0,2246.4639
1,2246.8013
0,2247.7258
0,2248.0737
2,2248.074
1,2260.6526
1,2261.7612
1,2263.0166
1,2264.4539
1,2265.3535
1,2266.2546
1,2267.088
0,2269.5652
1,2269.5662
0,2270.826
0,2271.3281
1,2271.469
0,2272.0833
1,2272.388
1,2273.8535
1,2274.219
1,2274.813
0,2275.3555
1,2275.4866
0,2276.1123
0,2276.616
1,2277.003
0,2277.1238
1,2277.4873
0,2278.1306
0,2278.3833
1,2281.0024
1,2293.1013
0,2294.3582
0,2294.8628
0,2295.3647
0,2295.8682
1,2296.8213
1,2297.5696
1,2299.0312
1,2299.2546
0,2299.6501
0,2300.9102
0,2301.665
0,2302.1697
0,2302.6746
0,2302.9263
0,2303.6833
1,2303.7058
1,2303.8208
0,2303.935
0,2304.1873
1,2304.3135
0,2304.4395
1,2306.6248
0,2306.712
1,2307.1143
0,2307.216
0,2308.1458
1,2308.149
1,2309.0127
1,2309.5203
1,2309.7883
0,2309.9077
0,2310.1602
1,2310.7207
1,2310.8718
0,2310.9153
1,2312.2378
0,2313.4363
0,2313.9387
0,2314.4414
0,2314.6936
0,2315.1992
1,2317.7156
0,2318.2178
1,2318.2883
0,2318.973
0,2319.2258
1,2320.7883
1,2321.4705
1,2322.4492
1,2322.888
1,2323.673
1,2324.5054
0,2339.6
0,2340.3557
0,2340.6094
1,2342.157
1,2342.6226
1,2344.5376
1,2345.6223
1,2346.1643
1,2346.4543
0,2346.913
0,2347.415
1,2347.44
0,2348.6748
1,2349.605
0,2349.6812
0,2350.4368
0,2353.7126
0,2353.9644
0,2354.2146
0,2354.7156
1,2355.088
0,2355.724
0,2355.9753
0,2357.0527
0,2357.5583
0,2357.8105
0,2358.5664
1,2358.9727
1,2359.8257
0,2360.3284
1,2360.5076
0,2360.8325
1,2360.978
0,2361.3354
1,2361.571
0,2363.0984
0,2363.8513
0,2367.404
1,2372.3962
1,2373.873
0,2374.159
0,2374.6614
1,2375.2083
0,2375.6675
1,2375.794
0,2376.928
0,2377.4326
0,2377.6853
0,2378.694
0,2378.945
0,2379.4497
0,2379.9521
0,2380.2031
1,2389.1616
0,2390.4146
1,2390.574
0,2390.667
0,2391.673
1,2391.9072
1,2392.423
0,2392.9314
1,2393.207
1,2394.1887
1,2395.2903
0,2395.7053
1,2395.7722
0,2395.9595
0,2400.5002
1,2400.5017
1,2401.073
1,2403.2761
1,2403.8394
1,2404.5576
1,2405.0557
0,2405.2878
0,2405.5396
0,2406.0422
0,2406.9287
1,2406.9297
1,2407.6118
1,2408.225
0,2408.446
2,2409.1746
0,2425.6047
0,2426.3604
0,2426.6113
1,2427.851
1,2429.706
1,2430.2236
1,2430.9585
1,2431.7925
0,2431.9011
0,2432.1516
0,2432.654
0,2432.9072
1,2432.9248
0,2433.413
1,2433.9685
1,2434.59
0,2434.6697
0,2434.9211
1,2435.1123
0,2435.1724
1,2435.7083
1,2436.4897
1,2437.1748
1,2437.958
0,2438.4487
0,2438.701
0,2439.7102
1,2440.6394
1,2443.786
0,2445.0452
1,2445.0771
1,2446.3774
1,2446.7751
0,2448.8198
1,2449.2903
0,2449.323
0,2451.0881
0,2453.3892
2,2453.3894
1,2466.0933
1,2467.1418
0,2467.3518
0,2467.854
0,2468.356
1,2468.541
1,2468.7734
1,2469.5574
0,2469.867
1,2470.0906
1,2471.125
1,2471.991
0,2472.1313
1,2472.8743
0,2472.8896
1,2473.207
0,2473.3936
0,2473.6448
1,2474.6125
0,2477.756
1,2477.7573
0,2478.7656
0,2479.0183
1,2480.6096
1,2482.408
1,2483.7087
1,2484.1108
0,2484.3071
0,2485.3184
0,2485.8208
0,2486.0735
0,2486.8298
0,2487.0823
0,2487.838
0,2488.845
0,2489.469
1,2489.4702
1,2490.0396
0,2490.2256
0,2490.4766
2,2490.5276
0,2499.6553
0,2499.9077
1,2500.275
1,2502.1248
0,2502.1794
1,2502.775
0,2503.4392
0,2503.6914
1,2503.8923
0,2503.9446
0,2504.196
0,2504.4468
0,2505.622
1,2506.0269
0,2506.6274
0,2506.878
1,2509.1482
0,2510.399
1,2510.4753
0,2510.652
0,2511.1558
1,2511.3591
0,2511.6616
0,2511.9126
0,2512.4153
1,2512.5913
0,2512.92
1,2512.9927
0,2513.4248
1,2513.9434
1,2514.0935
1,2514.8247
1,2515.8396
0,2515.9456
0,2516.1995
0,2518.7236
1,2519.2131
0,2519.2305
1,2519.4358
1,2520.755
1,2521.1594
2,2521.3748
1,2535.679
0,2536.9417
1,2537.1252
0,2537.4438
0,2537.6958
0,2538.2012
0,2538.4536
1,2538.9985
1,2539.8274
1,2540.111
0,2541.729
1,2541.7961
1,2542.0793
0,2542.4878
0,2543.4956
1,2546.4167
0,2547.6777
0,2548.685
0,2549.4417
0,2550.4487
1,2550.8093
1,2551.07
0,2551.7124
0,2551.9648
0,2552.7217
1,2553.3926
1,2554.5881
0,2557.9534
1,2557.9548
0,2560.9746
1,2561.4607
1,2562.8604
1,2564.326
1,2565.476
0,2566.0093
1,2566.7087
1,2566.9426
1,2567.977
1,2569.324
1,2569.8767
0,2570.0378
1,2570.577
0,2575.087
0,2587.7446
0,2588.247
0,2588.7522
0,2589.2578
1,2590.949
1,2591.643
1,2592.245
1,2592.5154
0,2593.8
1,2594.127
1,2594.428
0,2594.5552
0,2595.0823
0,2595.3352
1,2595.8105
0,2595.8381
0,2596.5955
1,2597.404
1,2597.811
0,2597.86
1,2598.3772
0,2600.125
0,2601.383
0,2603.3977
0,2605.1636
0,2607.9343
0,2608.4382
1,2608.511
1,2608.9736
0,2609.1948
0,2609.9487
0,2610.2007
0,2610.4526
0,2610.9563
1,2619.1648
0,2620.4224
1,2620.4783
0,2620.9263
1,2621.4114
1,2621.7104
0,2622.6892
1,2624.1482
0,2625.1548
1,2625.2124
0,2625.4055
0,2625.6575
1,2627.162
0,2627.1704
0,2628.1777
1,2629.447
0,2629.6978
0,2630.2021
1,2630.2292
0,2630.7043
1,2631.1128
0,2631.2083
0,2631.4592
0,2631.712
1,2631.778
1,2632.1135
0,2632.2136
1,2632.7087
1,2633.1206
0,2633.9792
1,2634.463
0,2634.7336
0,2635.996
0,2636.2473
1,2639.8628
1,2640.4617
1,2641.801
0,2642.1687
1,2642.43
1,2643.395
1,2643.7634
1,2644.3792
0,2644.6917
1,2645.1782
0,2645.4473
0,2646.2024
0,2647.4648
1,2649.1465
1,2659.8162
0,2661.0742
0,2661.5789
0,2661.834
0,2662.087
1,2663.1978
0,2663.599
0,2664.1028
0,2664.3542
0,2666.1167
0,2667.121
0,2667.9568
1,2667.958
1,2668.095
0,2668.4622
1,2669.121
0,2669.217
1,2669.5637
1,2670.011
0,2670.2217
1,2670.38
0,2670.7263
1,2670.896
0,2671.4812
0,2671.7314
1,2672.081
0,2672.236
0,2674.5044
0,2674.756
0,2675.261
1,2679.7063
0,2680.7122
0,2680.963
0,2681.2146
1,2681.9326
1,2682.4575
1,2682.698
1,2684.5747
0,2684.7373
1,2685.6973
0,2687.5127
1,2688.4316
1,2688.827
1,2689.0627
0,2689.5264
0,2689.7786
0,2690.5725
2,2690.573
0,2694.0706
1,2694.074
0,2694.5737
1,2695.0454
0,2695.0781
0,2695.329
0,2696.0874
1,2696.1978
1,2696.396
1,2696.7627
0,2697.0938
1,2698.9795
0,2699.1062
0,2699.6113
0,2700.116
1,2700.6135
0,2700.6191
0,2701.3743
0,2701.877
0,2702.1277
1,2702.5664
0,2702.886
0,2703.3901
1,2703.5808
0,2707.417
0,2707.9272
0,2708.1812
0,2708.432
0,2710.1987
0,2712.7192
0,2713.7334
1,2714.1135
1,2716.0474
0,2717.7688
0,2718.021
0,2718.2732
0,2719.0308
1,2722.5398
1,2736.983
0,2738.246
1,2738.2976
0,2738.4973
0,2739.005
1,2739.2139
1,2740.6467
1,2741.114
0,2741.7756
0,2742.5298
1,2743.4988
0,2743.5364
0,2743.788
0,2744.5437
1,2750.1975
0,2751.46
0,2751.7124
1,2752.6467
1,2753.8474
1,2755.282
1,2756.0808
0,2756.4956
1,2756.78
1,2757.2488
0,2757.7546
0,2758.7632
2,2759.9045
1,2774.5015
1,2774.9133
1,2775.2656
1,2776.3635
1,2776.8477
1,2778.5854
1,2779.3325
0,2779.3423
1,2779.7327
0,2779.8442
1,2780.0312
0,2780.0974
0,2780.8535
0,2781.8633
0,2783.3755
0,2784.379
0,2784.881
0,2786.1445
0,2786.3972
0,2786.649
0,2787.6577
0,2788.1614
0,2788.9194
1,2788.969
0,2789.1704
0,2789.673
0,2789.9265
0,2790.1797
1,2790.332
0,2790.9626
1,2790.966
1,2791.1792
0,2792.4758
0,2792.7278
0,2792.9797
0,2793.9863
1,2793.9976
1,2794.2158
1,2794.982
0,2795.2415
1,2795.3708
0,2796.5005
1,2796.6973
0,2797.2566
0,2797.5095
0,2797.7615
0,2798.7693
1,2803.9326
1,2804.1475
1,2806.083
1,2806.664
1,2807.1987
0,2807.4128
0,2807.9175
0,2808.4219
1,2809.348
0,2809.428
0,2811.4424
1,2815.0034
1,2822.8655
0,2823.126
0,2823.6284
0,2823.8813
0,2824.3828
1,2825.2664
0,2826.149
0,2827.407
1,2828.1152
0,2829.1719
0,2829.6748
1,2830.451
0,2830.9363
1,2831.4253
1,2832.3503
0,2832.6997
0,2832.951
0,2833.455
0,2833.7065
0,2834.4595
0,2834.9626
0,2835.2139
0,2836.2256
0,2839.3218
1,2840.3608
0,2840.5808
1,2840.9336
0,2841.0845
0,2841.3354
0,2842.0923
0,2842.3445
0,2843.3523
0,2843.6033
0,2843.8577
1,2843.8591
0,2844.1094
0,2844.867
0,2845.3728
0,2845.878
0,2846.1294
1,2846.6663
0,2846.8843
1,2846.899
1,2847.668
1,2848.2007
0,2848.9
1,2849.2322
0,2850.6626
0,2851.4177
0,2851.671
1,2855.3755
0,2856.6328
0,2856.8845
1,2857.7087
1,2858.0999
0,2859.4043
0,2859.9119
0,2860.417
0,2860.9204
2,2861.7354
0,2874.3457
0,2874.5977
0,2874.8499
1,2875.0845
0,2875.3547
0,2875.6064
1,2877.484
1,2877.9167
1,2879.1843
0,2879.386
0,2879.8877
0,2880.6426
0,2881.1467
0,2881.6494
0,2883.2705
1,2883.2717
0,2883.522
1,2883.785
0,2884.024
0,2884.528
1,2884.801
0,2885.031
0,2885.2837
0,2885.7874
0,2886.04
1,2886.1672
0,2886.7966
1,2886.984
0,2887.3013
0,2887.553
1,2887.8677
0,2889.0652
0,2889.3186
0,2890.0747
1,2894.9512
0,2895.675
1,2896.3667
1,2900.7827
1,2901.2832
1,2902.0735
0,2902.2908
1,2902.6675
0,2903.0452
0,2903.8003
0,2904.5547
0,2905.058
0,2906.0688
0,2906.3218
2,2906.4604
0,2906.8677
0,2907.1196
1,2907.3508
0,2907.876
0,2908.3813
0,2908.6323
0,2919.1958
1,2919.6506
1,2921.7676
1,2922.0115
0,2922.2239
0,2922.4753
1,2922.7354
1,2924.989
0,2926.497
1,2927.3513
1,2929.6177
0,2930.0217
1,2930.3176
0,2931.0396
1,2931.041
1,2931.4731
0,2931.795
1,2932.0022
1,2932.6895
1,2933.2043
0,2933.559
1,2933.936
0,2934.8142
0,2935.3206
1,2936.3186
1,2942.0063
1,2942.268
1,2942.5344
1,2943.8647
1,2944.502
0,2945.129
1,2945.2324
0,2945.3806
1,2945.387
2,2945.451
0,2952.7288
1,2952.73
1,2953.239
0,2953.988
0,2954.493
1,2956.237
0,2956.2576
0,2957.517
1,2957.914
0,2958.0212
0,2958.526
1,2959.2024
0,2959.2827
0,2959.7905
1,2959.9187
0,2960.5479
0,2961.052
0,2961.3057
1,2961.3152
0,2961.809
0,2962.061
1,2962.242
0,2962.314
1,2962.7705
1,2963.008
1,2964.2688
0,2966.8442
0,2967.8508
0,2968.1038
0,2973.646
0,2973.899
1,2975.0332
0,2975.159
0,2976.1646
0,2977.171
0,2977.9292
0,2978.4343
0,2978.9368
0,2979.1892
1,2989.6702
0,2990.2324
0,2990.7346
0,2991.49
0,2991.741
0,2994.5117
0,2995.2676
0,2996.275
0,2996.5283
0,2997.0308
0,2997.7842
0,2998.0364
0,2998.539
0,2998.7932
1,2999.1902
0,2999.2986
0,2999.549
0,2999.801
1,3000.5872
1,3000.966
0,3001.3083
1,3001.3357
1,3002.137
1,3002.952
1,3003.2378
0,3004.8362
1,3004.869
0,3005.5933
0,3006.8538
1,3011.2622
0,3011.7664
0,3012.5198
0,3013.0244
1,3013.6235
1,3014.5752
1,3015.0535
0,3016.0527
1,3016.6567
0,3018.0684
1,3018.5723
0,3018.8257
1,3021.186
0,3021.3477
0,3024.1177
1,3024.1335
0,3024.3696
0,3024.8718
1,3025.1316
0,3025.4705
2,3025.4707
1,3037.9382
0,3038.8528
0,3039.1033
1,3039.387
1,3039.9854
1,3040.821
1,3041.9705
1,3042.22
1,3042.855
0,3043.6343
1,3043.9807
1,3044.2212
0,3044.643
0,3046.407
0,3046.9133
0,3047.166
1,3047.8413
0,3047.9204
0,3048.9026
1,3048.9072
1,3049.9392
0,3050.1611
0,3050.665
1,3050.704
0,3050.9172
0,3051.168
1,3051.7375
0,3052.176
1,3052.3567
1,3053.1885
0,3054.4426
0,3054.9473
0,3055.704
0,3057.066
1,3057.8555
1,3058.22
1,3059.5203
0,3060.5955
1,3061.2036
0,3061.3518
1,3061.6057
0,3062.6128
0,3063.8735
0,3064.376
0,3064.6274
0,3065.6345
0,3065.8857
0,3066.3901
0,3066.6428
1,3066.8782
0,3066.8943
1,3067.5244
0,3067.651
2,3067.9302
1,3076.4902
0,3077.7512
0,3078.2544
0,3078.7588
0,3079.0103
0,3080.777
0,3081.5327
0,3082.2878
1,3082.3562
1,3084.4495
1,3085.4724
0,3085.5598
1,3085.838
1,3086.4038
0,3086.8208
1,3087.8538
0,3088.0823
0,3088.587
0,3089.845
1,3091.505
1,3104.4763
1,3105.1055
0,3106.2422
0,3106.494
0,3106.7468
0,3106.9988
1,3108.7227
0,3109.767
0,3110.2705
0,3110.5212
0,3110.774
0,3111.7803
0,3112.5386
1,3113.126
0,3113.543
1,3113.553
0,3113.794
1,3115.1816
1,3115.5874
1,3116.072
0,3116.4392
1,3117.089
0,3117.1929
0,3117.4456
0,3117.95
1,3118.1392
0,3118.7043
1,3118.8381
1,3119.123
1,3119.7544
0,3121.2256
0,3121.4766
1,3125.558
0,3126.8179
1,3132.127
1,3143.8398
1,3145.1733
0,3145.3225
1,3146.6384
1,3147.3555
1,3149.147
0,3150.108
0,3150.6113
0,3150.863
0,3151.6184
0,3152.375
0,3152.879
0,3155.3958
0,3156.1528
1,3156.893
0,3156.9077
1,3157.1313
0,3157.1604
0,3158.169
1,3158.1753
0,3158.6702
1,3158.83
1,3159.4277
0,3159.6768
0,3160.1821
0,3160.6865
1,3160.823
1,3161.3901
1,3162.5906
1,3163.1902
0,3163.7104
1,3163.8557
0,3166.2295
0,3170.509
0,3170.762
1,3170.766
1,3171.5085
1,3172.7422
1,3173.1128
1,3173.5051
1,3173.936
0,3174.2966
1,3174.4404
0,3174.8022
0,3175.0535
0,3175.806
0,3176.058
0,3176.3079
1,3177.539
0,3177.8213
1,3177.8992
1,3178.192
1,3178.674
0,3178.8276
1,3179.5242
0,3179.5828
0,3179.8364
1,3181.224
0,3182.1028
1,3182.2915
0,3182.6047
0,3182.855
0,3183.3599
0,3183.61
0,3183.863
0,3184.1138
0,3185.374
2,3185.9067
1,3191.6455
0,3192.1458
0,3192.65
0,3192.902
0,3193.1543
0,3193.4082
0,3193.66
0,3194.6655
0,3195.1719
0,3196.683
0,3196.9346
0,3197.1882
0,3198.1936
0,3198.4446
1,3198.5776
0,3198.697
0,3199.5586
2,3199.5588
1,3214.5405
0,3214.957
0,3215.712
0,3215.9631
1,3216.1907
0,3219.7427
0,3219.9941
0,3220.4973
0,3220.9998
0,3221.7546
0,3222.2585
1,3222.7212
0,3222.7627
1,3223.368
1,3223.9873
1,3225.0989
1,3225.3743
1,3226.0547
1,3226.6626
1,3227.3716
1,3227.7422
1,3239.7468
1,3241.7412
0,3241.7656
0,3242.2693
0,3242.5205
1,3242.7585
1,3243.3918
1,3245.126
1,3247.2896
0,3248.058
0,3248.813
0,3249.3167
0,3249.8218
1,3250.0325
0,3250.0745
0,3250.326
1,3251.1785
0,3251.334
1,3252.0469
1,3252.5593
1,3253.7256
1,3254.3848
1,3254.6382
1,3255.1597
0,3256.6287
0,3256.8804
0,3257.383
1,3261.8765
1,3262.511
1,3263.7764
1,3264.175
1,3264.6033
1,3265.1123
1,3265.5266
0,3266.1248
0,3266.3757
0,3266.8794
0,3267.6335
0,3268.3914
0,3268.895
0,3269.1465
0,3269.905
0,3270.157
2,3270.759
1,3285.9932
0,3287.2512
1,3287.623
1,3287.7422
0,3288.0098
0,3288.7642
0,3289.0176
1,3289.161
0,3289.27
1,3290.175
1,3290.9084
1,3291.5771
1,3296.626
1,3406.9524
0,3407.1624
1,3407.3618
0,3408.4233
1,3408.9143
0,3408.9255
0,3409.1802
0,3409.6846
1,3410.3147
0,3410.6921
1,3410.7476
1,3411.3318
0,3411.9507
0,3412.7075
1,3412.9106
0,3413.2124
1,3413.3223
1,3413.6892
0,3413.7212
1,3413.8418
0,3414.2256
0,3414.9824
0,3415.4883
0,3415.7385
0,3420.2058
1,3420.7488
1,3421.1997
1,3422.3904
1,3422.8486
1,3424.7502
0,3424.994
1,3425.785
0,3426.5032
0,3427.7605
1,3429.1084
0,3429.2715
1,3429.4685
0,3430.784
1,3430.8037
0,3432.2944
0,3433.0493
0,3434.561
0,3437.0803
0,3437.3337
0,3438.5906
0,3439.3467
0,3440.1042
0,3440.6057
1,3448.8867
1,3450.2698
1,3451.437
1,3452.1218
1,3453.0872
1,3453.2373
1,3453.7551
1,3453.992
0,3458.2954
1,3458.2969
1,3458.5198
0,3459.5571
0,3459.8079
1,3460.6882
1,3462.7024
1,3463.257
0,3464.088
1,3464.2222
0,3464.8438
0,3465.346
0,3465.598
1,3465.6045
0,3465.8499
1,3466.255
0,3466.3552
1,3470.9114
1,3475.3425
1,3475.4797
0,3477.0234
1,3477.0251
1,3477.304
1,3477.8042
0,3478.284
1,3478.4377
1,3478.7417
0,3479.039
1,3479.1033
0,3479.2927
0,3479.7952
1,3479.822
0,3480.0479
0,3482.3162
1,3483.0386
0,3483.0708
0,3486.2974
1,3486.622
0,3487.0544
1,3487.3066
1,3488.788
1,3489.7766
1,3490.5232
0,3490.581
0,3490.8328
1,3491.9136
0,3492.0889
0,3493.596
1,3493.8872
0,3494.8542
0,3495.105
0,3496.6177
0,3497.3726
0,3497.9675
2,3497.9678
1,3520.1743
1,3521.105
0,3521.4326
1,3522.0718
0,3522.1853
1,3522.423
0,3522.4414
1,3523.5537
1,3524.1394
0,3524.206
1,3524.7715
1,3525.2554
0,3525.4663
0,3525.7188
1,3531.3108
1,3532.5266
1,3533.3005
1,3535.5718
0,3538.663
1,3538.6643
0,3539.9214
0,3540.1729
1,3540.8223
0,3542.4387
0,3542.9436
1,3544.3389
0,3544.7043
1,3544.972
0,3545.4583
0,3545.9614
0,3546.464
0,3546.716
0,3546.969
0,3547.2202
0,3547.4958
0,3548.0002
0,3548.2522
1,3548.6064
0,3548.7573
0,3549.263
1,3549.5732
1,3550.0154
0,3550.0188
1,3550.5083
0,3550.5222
1,3551.2896
1,3551.69
0,3553.2969
0,3554.0542
0,3554.5562
0,3554.8093
0,3555.0608
1,3565.288
0,3566.0256
0,3566.2769
0,3566.528
1,3567.905
0,3569.0474
0,3569.551
0,3569.8027
0,3570.8125
0,3571.0632
1,3571.309
0,3572.8235
0,3574.5908
0,3576.6094
0,3578.627
0,3593.2874
0,3593.538
0,3594.041
0,3594.2944
0,3596.3118
0,3599.338
0,3600.346
