NEWP!Models/BPNew/playeranim.j3o!0!(25.064856, 4.0, -41.857628)
NEWBasketballAgent!Models/BPNew/carlanim.j3o!1!(-14.242507, 4.0, 16.071152)
NEWBasketballAgent!Models/BPNew/bobanim.j3o!2!(-7.358654, 4.0, -25.223267)
NEWCollabAgent!Models/BPNew/alananim.j3o!3!(10.057215, 4.0, -47.612045)
3724999$B(0.0, -3.5, 0.0)$0P$(25.064856, 4.0, -41.857628)$270.0$5$5$0.000$0.000$1A$(-14.242507, 4.0, 16.071152)$150.8413$9$9$0.000$0.000$2A$(-7.358654, 4.0, -25.223267)$117.15936$2$2$0.000$0.000$3A$(10.057215, 4.0, -47.612045)$320.95667$10$10$0.000$0.000$
1229$B(23.847914, 4.0846567, -42.563087)$0P$(25.064856, 4.0, -41.857628)$270.0$5$5$0.079$0.079$1A$(-14.242507, 4.0, 16.071152)$155.8413$9$9$0.079$0.079$2A$(-7.358654, 4.0, -25.223267)$117.15936$2$2$0.079$0.079$3A$(10.057215, 4.0, -47.612045)$325.95667$10$10$0.079$0.079$
1402$B(23.847914, 4.0846567, -42.563087)$0P$(25.064838, 4.020838, -41.857628)$270.0$5$5$0.114$0.114$1A$(-14.177657, 3.9727502, 15.8124895)$160.8413$2$2$0.000$0.000$2A$(-7.121025, 3.9727502, -25.344276)$117.15936$2$2$0.234$0.234$3A$(10.057215, 3.9727502, -47.612045)$330.95667$10$10$0.180$0.180$
1492$B(23.847897, 4.1054945, -42.563087)$0P$(25.064838, 4.020544, -41.857628)$270.0$5$5$0.086$0.086$1A$(-14.112807, 3.9455004, 15.553826)$165.8413$2$2$0.172$0.172$2A$(-6.883396, 3.9455004, -25.465286)$117.15936$2$2$0.406$0.406$3A$(10.057215, 3.9019003, -47.612045)$335.95667$10$10$0.352$0.352$
1587$B(23.847897, 4.105201, -42.563087)$0P$(25.064838, 4.020565, -41.857628)$270.0$5$5$0.176$0.176$1A$(-14.053745, 3.9511046, 15.31813)$165.8413$2$2$0.263$0.263$2A$(-6.659109, 3.9388375, -25.579601)$117.15936$2$2$0.496$0.496$3A$(10.057206, 3.8590145, -47.612045)$340.95667$10$10$0.443$0.443$
1682$B(23.847897, 4.1052217, -42.563087)$0P$(25.064838, 4.020544, -41.857628)$270.0$5$5$0.072$0.072$1A$(-13.994147, 3.9535015, 15.080204)$165.8413$2$2$0.358$0.358$2A$(-6.443496, 3.943886, -25.690191)$117.15936$2$2$0.592$0.592$3A$(10.057195, 3.8683443, -47.612045)$345.95667$10$10$0.538$0.538$
1785$B(23.847897, 4.105201, -42.563087)$0P$(25.064838, 4.020565, -41.857628)$270.0$5$5$0.166$0.166$1A$(-13.934855, 3.9558308, 14.842338)$165.8413$2$2$0.452$0.452$2A$(-6.2196274, 3.937863, -25.804262)$117.15936$2$2$0.006$0.006$3A$(10.057181, 3.872168, -47.612045)$350.95667$10$10$0.632$0.632$
1875$B(23.847897, 4.1052217, -42.563087)$0P$(25.064838, 4.020544, -41.857628)$270.0$5$5$0.067$0.067$1A$(-13.874827, 3.9548159, 14.6021185)$165.8413$2$2$0.553$0.553$2A$(-6.001784, 3.9404545, -25.915497)$117.15936$2$2$0.107$0.107$3A$(10.057168, 3.8737347, -47.612045)$355.95667$10$10$0.733$0.733$
1948$B(23.847897, 4.105201, -42.563087)$0P$(25.064838, 4.020565, -41.857628)$270.0$5$5$0.160$0.160$1A$(-13.838273, 3.9499319, 14.406154)$165.8413$2$2$0.646$0.646$2A$(-5.8188953, 3.9360485, -26.011148)$117.15936$2$2$0.200$0.200$3A$(10.057147, 3.8743763, -47.612045)$0.95666504$10$10$0.826$0.826$
2019$B(23.847897, 4.1052217, -42.563087)$0P$(25.064838, 4.020544, -41.857628)$270.0$5$5$0.033$0.033$1A$(-13.778785, 3.953059, 14.168757)$165.8413$2$2$0.039$0.039$2A$(-5.6023526, 3.940993, -26.121546)$117.15936$2$2$0.273$0.273$3A$(10.057109, 3.8746374, -47.612038)$5.956665$10$10$0.899$0.899$
2091$B(23.847897, 4.105201, -42.563087)$0P$(25.064838, 4.020565, -41.857628)$270.0$5$5$0.104$0.104$1A$(-13.719303, 3.954907, 13.93052)$165.8413$2$2$0.110$0.110$2A$(-5.382928, 3.9409657, -26.233484)$117.15936$2$2$0.344$0.344$3A$(10.057028, 3.874735, -47.61203)$10.956665$10$10$0.970$0.970$
