POS CONTEXTS:
[97.06204, 27.438074, 164.59973, 52.27077, 164.6045, 146.13843, 34.695248, 35.661934]
0.0033990918, [0.0, 0.0, 0.0, -43.382904, -4.698465, 51.918625], 3
evidence number = 18
times imitated = 5
[39.70128, 5.0625844, 158.45428, 37.853214, 158.42218, 153.58426, 8.969555, 3.085369]
0.0, [0.0, 0.0, 0.0, -39.40323, -17.329601, 43.267166], 3
evidence number = 14
times imitated = 0
[139.5581, 29.05782, 96.19241, 47.01145, 107.63573, 100.61271, 8.937512, 22.66016]
0.0, [0.0, 0.0, 0.0, -53.27901, -28.486204, -18.23478], 3
evidence number = 14
times imitated = 0
[156.0936, 31.946133, 60.239784, 31.319859, 120.805374, 77.41426, 3.2654052, 6.864625]
0.0, [0.0, 0.0, 0.0, 41.78677, 16.426464, -41.78677], 5
evidence number = 14
times imitated = 0
[158.77481, 14.716901, 132.52127, 56.388046, 133.65317, 133.66588, 17.36483, 4.9804754]
0.0, [0.0, 0.0, 0.0, 15.184365, 6.6344156, -78.18123], 5
evidence number = 14
times imitated = 0
[64.31368, 26.207314, 38.11432, 47.165348, 46.860867, 72.39324, 15.087736, 3.3555079]
6.372223, [-81.1344, 6.4491763, -12.416426, 0.0, 0.0, 0.0], 0
evidence number = 13
times imitated = 2
[18.49961, 30.835426, 153.74521, 22.55461, 128.88664, 6.9477158, 4.0583873, 5.27109]
5.9243845E-4, [0.0, 0.0, 0.0, -39.225693, 12.107655, 48.66665], 3
evidence number = 12
times imitated = 0
[103.23721, 11.901209, 47.95874, 33.97474, 47.326385, 48.6521, 4.960341, 9.075309]
0.002691388, [0.0, 0.0, 0.0, -51.43581, -17.903366, 30.660824], 3
evidence number = 12
times imitated = 0
[145.30762, 4.844992, 94.39537, 43.408653, 94.62833, 94.83114, 4.951458, 17.157782]
4.540343E-4, [0.0, 0.0, 0.0, -50.881405, -25.440031, -23.678568], 3
evidence number = 12
times imitated = 0
[132.1638, 29.627243, 67.467545, 22.554386, 65.233795, 60.03933, 6.347071, 2.7321808]
5.8349513E-4, [0.0, 0.0, 0.0, -71.32548, -27.665789, 1.0087285], 3
evidence number = 10
times imitated = 0
[69.74453, 30.603756, 146.58887, 33.3765, 145.89792, 148.05957, 6.522388, 10.570889]
4.1355267, [37.586315, 34.70172, -27.71196, 0.0, 0.0, 0.0], 2
evidence number = 10
times imitated = 0
[77.21951, 7.4008985, 12.697144, 25.619818, 13.717499, 10.309845, 5.3738546, 9.006759]
0.0, [0.0, 0.0, 0.0, 37.332207, 19.463932, -43.203857], 5
evidence number = 10
times imitated = 0
[61.295082, 7.1071486, 145.7019, 25.619818, 70.93785, 44.024933, 5.732302, 4.812892]
0.0, [0.0, 0.0, 0.0, -43.995247, 5.1895204, 50.815235], 3
evidence number = 10
times imitated = 0
[11.138477, 16.233496, 151.96075, 32.224224, 79.12039, 27.817154, 9.751035, 16.39928]
0.0030746968, [0.0, 0.0, 0.0, -60.26693, -6.909303, 32.823765], 3
evidence number = 9
times imitated = 0
[94.07745, 29.05782, 7.7311707, 47.01145, 8.209076, 7.893402, 4.9576855, 17.443678]
6.405509, [-63.942444, -23.894314, -12.163237, 0.0, 0.0, 0.0], 0
evidence number = 9
times imitated = 3
[25.070213, 23.041786, 167.4972, 40.185276, 171.42441, 172.42477, 5.130526, 12.358336]
0.0, [0.0, 0.0, 0.0, -37.159523, -18.911993, 43.928486], 3
evidence number = 9
times imitated = 0
[98.58656, 14.628414, 14.808899, 56.388046, 26.04892, 15.036011, 16.512566, 6.673976]
0.0, [0.0, 0.0, 0.0, 42.175686, 24.958838, 32.86548], -1
evidence number = 9
times imitated = 0
[87.85242, 9.602508, 177.82321, 36.507618, 178.50406, 179.7959, 5.1687713, 9.184976]
4.2079897, [42.500893, 42.44301, 15.056101, 0.0, 0.0, 0.0], -1
evidence number = 8
times imitated = 0
[26.200989, 9.656305, 116.24541, 36.48104, 127.46602, 121.8625, 5.613147, 9.560689]
0.007500011, [0.0, 0.0, 0.0, 37.4055, 16.906874, 45.687626], -1
evidence number = 8
times imitated = 0
[95.996155, 23.041786, 121.57687, 40.185276, 117.660706, 121.62662, 5.1313567, 17.571985]
6.8038225, [31.452835, 41.624134, 26.923033, 0.0, 0.0, 0.0], -1
evidence number = 8
times imitated = 0
[6.323654, 26.804672, 123.96065, 39.19671, 124.40904, 113.250595, 4.937115, 10.395762]
2.7423618, [15.5279045, 26.341295, -58.130806, 0.0, 0.0, 0.0], 2
evidence number = 8
times imitated = 0
[159.92178, 27.468208, 107.547295, 52.27077, 107.530266, 146.2135, 29.941856, 22.635012]
0.0, [0.0, 0.0, 0.0, -43.22899, -26.70472, -30.066294], 3
evidence number = 8
times imitated = 4
[25.731842, 17.151648, 13.859909, 51.626225, 14.380692, 16.36055, 17.18153, 4.718029]
2.945144, [-37.16358, -31.2886, -31.547817, 0.0, 0.0, 0.0], 0
evidence number = 7
times imitated = 2
[170.81252, 11.908042, 115.57271, 33.986355, 146.53465, 141.07837, 9.642613, 14.766903]
0.006349199, [0.0, 0.0, 0.0, -37.57088, -24.87735, -37.551773], 3
evidence number = 7
times imitated = 0
[64.98206, 5.637588, 118.1883, 29.040121, 116.43452, 78.97672, 4.599187, 5.1944976]
8.628663, [24.034199, 40.610287, 35.35552, 0.0, 0.0, 0.0], -1
evidence number = 7
times imitated = 0
[5.850891, 12.96535, 100.265396, 53.329014, 100.535385, 95.5168, 17.467371, 6.4045973]
2.47523, [13.266045, 22.22618, -64.507774, 0.0, 0.0, 0.0], 2
evidence number = 7
times imitated = 0
[89.30177, 3.6951363, 14.298401, 43.408283, 14.618622, 14.736176, 4.933999, 17.15774]
4.564452, [-53.03494, -39.972878, 6.9921837, 0.0, 0.0, 0.0], 0
evidence number = 7
times imitated = 0
[10.346855, 7.502613, 147.03368, 28.56644, 8.547356, 139.83498, 6.842641, 4.972855]
0.0, [0.0, 0.0, 0.0, -37.29079, -18.04465, 44.66456], 3
evidence number = 7
times imitated = 0
[76.60604, 13.93484, 150.54695, 56.388046, 149.41505, 149.40016, 17.36483, 4.980874]
0.0, [0.0, 0.0, 0.0, -40.051697, -20.025848, -39.92245], 3
evidence number = 7
times imitated = 0
[38.15384, 18.528292, 0.1357727, 52.22628, 0.33599854, 0.23040771, 17.456612, 5.0887656]
0.7008343, [-32.297356, -31.62296, -36.079685, 0.0, 0.0, 0.0], -1
evidence number = 6
times imitated = 0
[86.84741, 22.85825, 46.691284, 52.226437, 49.13748, 46.893738, 18.086987, 8.7236395]
0.010332215, [0.0, 0.0, 0.0, -18.098618, -8.679854, -73.221535], 5
evidence number = 6
times imitated = 1
[20.486351, 31.91267, 121.92506, 22.55464, 175.68893, 50.206253, 5.801165, 11.939217]
6.241466E-4, [0.0, 0.0, 0.0, 49.94464, -23.040487, 27.014881], 4
evidence number = 6
times imitated = 0
[33.724335, 20.419676, 129.46025, 56.035057, 140.71596, 127.21825, 9.447178, 18.079947]
0.64996755, [20.242216, 25.1104, -54.647385, 0.0, 0.0, 0.0], -1
evidence number = 6
times imitated = 0
[26.939056, 10.283871, 51.955093, 33.61351, 53.68712, 52.715683, 4.602484, 8.618625]
0.55107105, [-27.773869, -24.81028, -47.415855, 0.0, 0.0, 0.0], -1
evidence number = 6
times imitated = 0
[85.66144, 11.900446, 30.374786, 33.972786, 29.754242, 30.119324, 4.9587636, 8.97517]
0.0067378, [0.0, 0.0, 0.0, 15.721067, 11.722032, -72.5569], 5
evidence number = 6
times imitated = 0
[25.345444, 16.221916, 116.24123, 53.182697, 114.01271, 96.77913, 21.211473, 28.951265]
2.4369931, [3.590798, -6.8575134, -89.55169, 0.0, 0.0, 0.0], 2
evidence number = 6
times imitated = 0
[8.4142, 13.475194, 97.22937, 35.53702, 45.795227, 67.333084, 7.988766, 10.245621]
3.0466604, [20.3703, -2.9789557, -76.65075, 0.0, 0.0, 0.0], 2
evidence number = 6
times imitated = 0
[11.482239, 13.486023, 164.4202, 28.56644, 1.0351944, 124.42169, 15.450325, 5.9877286]
0.0, [0.0, 0.0, 0.0, -85.337814, 1.0367641, -13.625416], 3
evidence number = 6
times imitated = 0
[37.885773, 23.041786, 104.5412, 40.185276, 125.22476, 114.06442, 6.049836, 9.754996]
0.0, [0.0, 0.0, 0.0, 44.33769, 21.89861, -33.7637], 5
evidence number = 6
times imitated = 0
[38.526398, 26.804672, 168.8107, 39.19671, 167.1889, 152.78186, 7.6232023, 12.965886]
0.0, [0.0, 0.0, 0.0, -59.049725, -24.298307, -16.651966], 3
evidence number = 6
times imitated = 0
[140.16559, 27.468208, 47.634674, 52.27077, 47.62497, 76.02231, 20.283508, 11.020826]
0.13021192, [-43.419678, -38.52698, 18.053345, 0.0, 0.0, 0.0], -1
evidence number = 6
times imitated = 0
[78.048836, 10.97234, 70.52564, 25.619818, 71.58085, 23.108646, 5.402011, 5.563036]
0.0, [0.0, 0.0, 0.0, -43.83679, -12.316505, -43.846706], 5
evidence number = 6
times imitated = 0
[20.272055, 23.592133, 126.10623, 56.616272, 133.48392, 125.99106, 30.795933, 25.169714]
1.62669, [25.543694, 28.395695, -46.06061, 0.0, 0.0, 0.0], 2
evidence number = 5
times imitated = 0
[149.86157, 5.0625634, 51.787415, 37.853214, 51.729614, 51.41623, 8.969909, 5.057427]
0.0, [0.0, 0.0, 0.0, -49.54654, -24.77327, 25.680187], 3
evidence number = 5
times imitated = 0
[55.459457, 10.813864, 37.435608, 47.77523, 41.48822, 72.334045, 14.58069, 2.4875267]
5.3947963E-7, [0.0, 0.0, 0.0, 45.067825, 10.901177, -44.030994], 5
evidence number = 5
times imitated = 2
[173.33937, 20.66846, 115.75075, 52.226715, 133.87315, 116.106186, 24.551739, 20.854357]
4.21683E-4, [0.0, 0.0, 0.0, -36.23421, -18.155565, -45.610226], 5
evidence number = 5
times imitated = 0
[2.8379898, 47.513054, 115.761566, 15.608268, 111.18402, 38.315315, 4.492461, 17.883562]
4.9383893, [33.59251, 12.197715, -54.209774, 0.0, 0.0, 0.0], 2
evidence number = 5
times imitated = 0
[104.2333, 8.358042, 98.868286, 25.983505, 128.54166, 98.63901, 5.9114184, 5.0273147]
0.0, [0.0, 0.0, 0.0, -39.998714, -20.002565, 39.998722], 3
evidence number = 5
times imitated = 0
[65.88251, 8.358042, 137.21907, 25.983505, 127.545135, 174.76189, 7.354931, 2.9271414]
0.0, [0.0, 0.0, 0.0, -36.986847, -26.026302, 36.986847], 3
evidence number = 5
times imitated = 0
[7.2046204, 19.665293, 88.709885, 56.308735, 88.15349, 89.79796, 4.9259534, 17.635132]
2.8960674, [-14.140287, 0.9828271, -84.87689, 0.0, 0.0, 0.0], 2
evidence number = 5
times imitated = 1
[79.03566, 20.419676, 174.77158, 56.035057, 168.76285, 164.83408, 16.444712, 20.66534]
0.0, [0.0, 0.0, 0.0, -41.57659, -16.846813, -41.57659], 3
evidence number = 5
times imitated = 0
[63.71573, 10.285778, 15.169968, 33.61487, 16.883438, 15.922119, 4.603789, 8.619958]
0.0013608886, [0.0, 0.0, 0.0, 40.002087, 20.005934, -39.99198], 5
evidence number = 5
times imitated = 0
[57.42177, 10.871568, 10.762405, 33.966278, 11.346024, 11.006454, 4.9531126, 8.970083]
0.363309, [-40.069267, -39.8965, -20.034233, 0.0, 0.0, 0.0], -1
evidence number = 5
times imitated = 0
[13.924187, 5.640794, 169.26117, 29.040121, 149.13895, 15.612747, 2.595409, 3.034679]
0.0, [0.0, 0.0, 0.0, -44.20819, 11.59388, 44.197933], 3
evidence number = 5
times imitated = 0
[0.904129, 13.662318, 177.35266, 27.474028, 114.05456, 11.589043, 1.5939124, 13.593653]
0.24968132, [42.15349, 18.562452, -39.284058, 0.0, 0.0, 0.0], -1
evidence number = 5
times imitated = 0
[0.15849304, 9.34032, 96.65582, 54.010315, 97.77307, 100.90149, 17.593828, 5.0982933]
0.0015008321, [0.0, 0.0, 0.0, 40.8138, 20.355253, 38.830944], -1
evidence number = 5
times imitated = 0
[3.0544739, 13.082397, 91.353165, 53.29364, 91.363235, 88.24321, 17.52474, 9.075656]
0.1438412, [18.888275, 17.681438, -63.430286, 0.0, 0.0, 0.0], -1
evidence number = 5
times imitated = 0
[51.285797, 16.221916, 142.18158, 53.182697, 139.7392, 116.88829, 30.114801, 37.213528]
0.0, [0.0, 0.0, 0.0, -42.930466, -18.133446, -38.93609], 3
evidence number = 5
times imitated = 0
[135.57263, 16.221916, 133.53159, 53.182697, 136.11285, 163.47849, 42.039806, 48.629658]
0.0, [0.0, 0.0, 0.0, 3.7649684, -26.053837, -70.18118], 5
evidence number = 5
times imitated = 0
[173.82596, 6.957506, 22.449844, 34.74493, 153.6611, 30.210037, 3.4357352, 7.871887]
5.7223926, [-46.49601, 10.382395, 43.121593, 0.0, 0.0, 0.0], 0
evidence number = 5
times imitated = 0
[122.30694, 10.306415, 168.04333, 43.408974, 167.34906, 166.13632, 9.19298, 16.073864]
4.1119067E-4, [0.0, 0.0, 0.0, -61.32728, -30.131304, 8.541419], 3
evidence number = 5
times imitated = 0
[22.899475, 13.475194, 65.915695, 35.53702, 2.9499512, 13.692581, 13.757266, 14.264092]
0.0, [0.0, 0.0, 0.0, 42.55077, 33.077602, -24.371628], 5
evidence number = 5
times imitated = 0
[120.919945, 6.098073, 55.685486, 28.56644, 26.476624, 55.726532, 3.4479685, 8.607712]
0.0024509323, [0.0, 0.0, 0.0, -57.47155, -30.269892, 12.258558], 3
evidence number = 5
times imitated = 1
[44.681355, 7.5020137, 92.002045, 28.56644, 6.5309525, 92.33252, 4.6459517, 6.885201]
0.0, [0.0, 0.0, 0.0, -32.95657, -16.552256, 50.491173], 3
evidence number = 5
times imitated = 1
[152.1842, 30.92095, 2.549347, 30.683174, 130.78424, 57.31067, 11.901138, 6.2481465]
3.7454762, [-49.99765, 4.44452, 45.55783, 0.0, 0.0, 0.0], 0
evidence number = 5
times imitated = 0
[158.27193, 25.540714, 4.6176147, 36.14657, 5.281769, 2.4832458, 4.999052, 8.576566]
4.4321113, [-34.184666, -22.543724, 43.271606, 0.0, 0.0, 0.0], 0
evidence number = 5
times imitated = 0
[115.90306, 25.540714, 37.75125, 36.14657, 79.564575, 155.15868, 7.6028686, 12.248814]
0.0, [0.0, 0.0, 0.0, -1.3046082, -57.45893, 41.23647], 4
evidence number = 5
times imitated = 0
[86.45187, 27.525774, 6.2414246, 52.162567, 6.1217957, 4.7300415, 17.314894, 5.1128]
3.039439, [-47.416344, -45.0908, -7.492856, 0.0, 0.0, 0.0], 0
evidence number = 5
times imitated = 1
[138.09735, 2.8728356, 107.16813, 25.619818, 38.749794, 37.022896, 3.1381786, 4.019925]
0.0, [0.0, 0.0, 0.0, -32.79889, -4.920156, -62.280952], 5
evidence number = 5
times imitated = 0
[10.340729, 17.84036, 158.66977, 25.619818, 34.400803, 0.09816742, 6.330147, 17.661913]
0.0, [0.0, 0.0, 0.0, 57.46337, 26.76405, -15.772583], 5
evidence number = 5
times imitated = 0
[59.97104, 16.454458, 20.621216, 68.455055, 28.95462, 9.622681, 37.20535, 32.3514]
8.517027, [-45.620945, -44.678143, -9.700913, 0.0, 0.0, 0.0], 0
evidence number = 5
times imitated = 1
[177.77536, 5.0625634, 23.873627, 37.853214, 23.815826, 23.502441, 8.969909, 5.057427]
0.5731428, [-36.38067, -36.381405, 27.237928, 0.0, 0.0, 0.0], -1
evidence number = 4
times imitated = 0
[31.755852, 7.4406056, 124.29352, 36.924957, 112.731476, 3.2533722, 10.599327, 8.12514]
1.1397319, [46.827194, -5.936634, -47.23617, 0.0, 0.0, 0.0], 2
evidence number = 4
times imitated = 0
[133.5223, 20.938488, 79.64609, 52.226562, 88.623566, 79.93918, 20.058071, 13.400468]
4.1176158E-4, [0.0, 0.0, 0.0, -36.47604, -18.269892, -45.254066], 5
evidence number = 4
times imitated = 0
[147.27122, 24.045366, 155.0797, 52.2269, 179.03233, 155.4875, 28.97091, 29.765926]
4.2494276E-4, [0.0, 0.0, 0.0, -53.302246, -26.685688, 20.012066], 3
evidence number = 4
times imitated = 0
[5.4817505, 10.385377, 151.7803, 25.983505, 14.532173, 27.55597, 11.480174, 7.3575354]
0.0, [0.0, 0.0, 0.0, -22.19554, 44.44274, 33.36172], 3
evidence number = 4
times imitated = 0
[14.836121, 8.581934, 70.477554, 32.783825, 74.02513, 72.43904, 4.8227806, 8.782365]
0.0010477661, [0.0, 0.0, 0.0, -39.99573, -19.999613, 40.004654], 3
evidence number = 4
times imitated = 0
[1.3811188, 11.173182, 179.76617, 27.676405, 116.328316, 11.581467, 1.5955086, 10.876715]
1.3497328, [48.30497, -8.58328, -43.111755, 0.0, 0.0, 0.0], 2
evidence number = 4
times imitated = 0
[123.67896, 3.5926378, 20.134384, 39.64946, 47.321274, 22.764359, 2.230675, 14.1230955]
7.0242176, [-52.36048, -3.3155527, 44.323967, 0.0, 0.0, 0.0], 0
evidence number = 4
times imitated = 0
[66.63646, 14.372592, 22.640701, 35.53702, 46.224945, 29.58789, 13.757266, 14.26492]
0.0, [0.0, 0.0, 0.0, 48.857048, 1.6414789, -49.501472], 5
evidence number = 4
times imitated = 0
[121.07507, 29.05782, 19.266449, 47.01145, 18.784607, 19.10498, 4.957677, 17.443161]
0.0, [0.0, 0.0, 0.0, 14.005484, 7.43129, -78.563225], 5
evidence number = 4
times imitated = 0
[18.894287, 7.401323, 45.609055, 25.619818, 44.5887, 48.00157, 5.3738546, 9.008262]
0.0, [0.0, 0.0, 0.0, -40.0, -20.0, 40.0], 3
evidence number = 4
times imitated = 0
[57.74237, 10.974313, 50.22693, 25.619818, 51.23929, 26.444061, 5.373339, 7.5380034]
0.0, [0.0, 0.0, 0.0, -72.71356, -8.725036, -18.561405], 3
evidence number = 4
times imitated = 1
[10.186353, 13.935657, 84.1158, 56.388046, 82.9839, 82.96901, 17.36483, 4.980874]
2.13044, [0.21423292, 9.6454735, -90.14029, 0.0, 0.0, 0.0], 2
evidence number = 4
times imitated = 2
[102.92926, 15.068647, 38.671906, 32.217594, 38.58667, 13.023132, 4.997864, 5.241648]
0.0028810538, [0.0, 0.0, 0.0, -93.22388, -4.892342, -1.8837866], 3
evidence number = 3
times imitated = 0
[71.907585, 23.592133, 177.74176, 56.616272, 172.76132, 177.62234, 39.609764, 34.087914]
0.0, [0.0, 0.0, 0.0, -40.00086, -19.998281, -40.00086], 3
evidence number = 3
times imitated = 0
[159.66183, 5.5130405, 0.47994995, 37.373238, 0.50665283, 0.8411255, 8.63768, 4.5774302]
8.298526, [31.364164, 57.468994, 11.166847, 0.0, 0.0, 0.0], -1
evidence number = 3
times imitated = 0
[15.104164, 5.062928, 143.2738, 37.853214, 139.75, 56.113487, 10.318083, 2.754294]
0.0, [0.0, 0.0, 0.0, 32.92302, 52.997253, 14.079722], -1
evidence number = 3
times imitated = 0
[52.05945, 8.35805, 151.04205, 25.983505, 92.879036, 102.76249, 10.855325, 4.297108]
0.0, [0.0, 0.0, 0.0, -40.41317, 19.173574, 40.413246], 3
evidence number = 3
times imitated = 0
[9.504135, 14.894361, 142.10886, 25.983505, 0.8518982, 17.874275, 16.368095, 7.3588996]
0.0, [0.0, 0.0, 0.0, 40.008152, 30.111889, 29.879961], -1
evidence number = 3
times imitated = 0
[78.43574, 20.418108, 176.80447, 53.07133, 154.00122, 158.10175, 22.81684, 24.378897]
2.2566972, [49.88948, 46.665516, 3.445005, 0.0, 0.0, 0.0], -1
evidence number = 3
times imitated = 0
[80.39517, 8.570807, 5.338928, 32.721867, 8.971588, 7.3380737, 4.7624197, 8.721551]
2.6261325, [-44.562687, -44.77055, 10.666761, 0.0, 0.0, 0.0], 1
evidence number = 3
times imitated = 0
[59.110764, 8.581278, 26.214218, 32.78222, 29.742935, 28.172043, 4.8222957, 8.78167]
1.0208179, [-47.19232, -46.732796, -6.074882, 0.0, 0.0, 0.0], 0
evidence number = 3
times imitated = 0
[33.338623, 8.581599, 51.98076, 32.78302, 55.514114, 53.93834, 4.8226943, 8.782093]
0.021047544, [0.0, 0.0, 0.0, -39.93333, -19.957579, 40.109093], 3
evidence number = 3
times imitated = 0
[28.675247, 9.664522, 52.534912, 33.276752, 55.600433, 53.976257, 4.7461085, 8.725268]
0.001218241, [0.0, 0.0, 0.0, 40.006927, 20.006586, -39.986485], 5
evidence number = 3
times imitated = 0
[19.574997, 9.341292, 116.08096, 54.00867, 117.196594, 120.112274, 17.592167, 5.0959673]
0.0014390568, [0.0, 0.0, 0.0, -48.202713, -24.107664, -27.689625], 3
evidence number = 3
times imitated = 0
[102.124054, 15.773763, 162.163, 52.022522, 164.82724, 164.51627, 51.21075, 57.44905]
1.1895677, [41.18184, 43.273746, 15.544407, 0.0, 0.0, 0.0], -1
evidence number = 3
times imitated = 0
[108.67113, 3.6949165, 33.66989, 43.408382, 33.987488, 34.107147, 4.9340954, 17.157837]
4.6699753E-4, [0.0, 0.0, 0.0, -26.842796, -14.0246315, -59.13257], 5
evidence number = 3
times imitated = 0
[167.77744, 6.2245564, 140.4179, 43.408848, 139.76503, 140.85175, 6.404799, 17.155615]
3.991143E-4, [0.0, 0.0, 0.0, -39.99098, -19.99405, -40.01497], 5
evidence number = 3
times imitated = 0
[112.877304, 27.982203, 31.30223, 35.149487, 151.76926, 63.699387, 9.18926, 8.840841]
3.3925984, [-50.903534, 13.987165, 35.1093, 0.0, 0.0, 0.0], 0
evidence number = 3
times imitated = 0
[80.260925, 27.195576, 41.011063, 41.319523, 117.23872, 50.0847, 3.208114, 13.489287]
9.90908, [-62.114697, 13.798507, 24.086796, 0.0, 0.0, 0.0], 0
evidence number = 3
times imitated = 0
[111.580536, 26.358261, 133.0559, 43.902134, 161.24542, 141.02394, 9.456823, 20.798065]
3.1519246, [28.55682, 40.06853, 31.37465, 0.0, 0.0, 0.0], -1
evidence number = 3
times imitated = 0
[16.155151, 23.041786, 126.27182, 40.185276, 130.22241, 135.78366, 5.1289887, 9.756177]
0.0, [0.0, 0.0, 0.0, 51.895626, 21.299501, 26.804873], -1
evidence number = 3
times imitated = 0
[172.54736, 27.164436, 35.66632, 34.787857, 46.263245, 40.46234, 3.7543728, 7.886384]
3.4952388, [-39.495216, -5.60452, 54.900257, 0.0, 0.0, 0.0], 0
evidence number = 3
times imitated = 0
[172.77162, 25.540714, 19.11731, 36.14657, 12.0729065, 55.538403, 5.121719, 5.759067]
0.0, [0.0, 0.0, 0.0, -29.94308, -18.687702, -51.369213], 5
evidence number = 3
times imitated = 0
[4.843231, 14.481393, 177.04814, 25.619818, 55.06524, 15.054855, 6.2511563, 13.201785]
0.0, [0.0, 0.0, 0.0, -37.12866, 19.594416, 43.276924], 3
evidence number = 3
times imitated = 0
[74.856964, 14.72735, 20.335388, 63.963955, 29.549438, 11.392639, 25.713394, 20.147993]
5.5612035, [-50.775433, -48.00216, 1.2224098, 0.0, 0.0, 0.0], 0
evidence number = 3
times imitated = 3
[13.181827, 21.84908, 119.38055, 57.549583, 120.10598, 120.90389, 18.109247, 8.409664]
0.0, [0.0, 0.0, 0.0, -43.910866, -20.695215, -35.39392], 3
evidence number = 2
times imitated = 0
[91.00967, 23.592133, 163.15616, 56.616272, 153.13864, 163.27719, 42.596706, 37.119877]
0.0, [0.0, 0.0, 0.0, -28.287045, -14.26887, -57.444084], 5
evidence number = 2
times imitated = 0
[79.518616, 23.911633, 162.28253, 52.31539, 150.10022, 161.74588, 43.110302, 37.337223]
3.1399152, [49.84394, 47.840157, -2.3158994, 0.0, 0.0, 0.0], 2
evidence number = 2
times imitated = 0
[71.06627, 6.689525, 170.79614, 40.180367, 148.73535, 137.5213, 13.078126, 9.1192255]
0.0, [0.0, 0.0, 0.0, -42.04033, -10.721825, 47.237846], 3
evidence number = 2
times imitated = 0
[67.66583, 5.72531, 111.34918, 36.875053, 118.57825, 130.86554, 8.657458, 4.7089887]
5.3153048, [29.852829, 51.559532, 18.587637, 0.0, 0.0, 0.0], -1
evidence number = 2
times imitated = 0
[52.05052, 7.440051, 104.00943, 36.924957, 87.43945, 16.920868, 10.126407, 8.667479]
0.0, [0.0, 0.0, 0.0, 48.81798, 1.0072097, -50.174816], 5
evidence number = 2
times imitated = 0
[176.25882, 21.30055, 126.112175, 52.22676, 147.76492, 126.48678, 27.014011, 23.788622]
4.0849816E-4, [0.0, 0.0, 0.0, -42.45364, -21.263498, -36.28286], 3
evidence number = 2
times imitated = 0
[153.08707, 29.626614, 21.476837, 22.554253, 21.681152, 22.626587, 9.088875, 3.559265]
1.7941141, [-34.921722, -33.877842, 31.200436, 0.0, 0.0, 0.0], 0
evidence number = 2
times imitated = 0
[166.55847, 8.358042, 36.54312, 25.983505, 36.17285, 36.282074, 9.078185, 5.0311165]
1.5268973, [-34.515804, -34.426514, 31.05768, 0.0, 0.0, 0.0], 0
evidence number = 2
times imitated = 0
[143.83908, 8.358042, 59.262512, 25.983505, 64.33981, 59.001465, 8.086524, 5.0311165]
0.0, [0.0, 0.0, 0.0, -44.586594, -22.293297, 33.120113], 3
evidence number = 2
times imitated = 0
[95.10482, 20.419676, 169.15927, 56.035057, 151.61166, 176.49576, 19.469904, 22.704964]
0.0, [0.0, 0.0, 0.0, -31.108337, -20.184217, -48.707443], 5
evidence number = 2
times imitated = 0
[77.43318, 20.603611, 175.35512, 52.197975, 150.84337, 155.50914, 25.037073, 25.124792]
3.6141531, [50.69066, 46.26731, -3.0420291, 0.0, 0.0, 0.0], 2
evidence number = 2
times imitated = 0
[13.738419, 9.662244, 67.4863, 33.274544, 70.53845, 68.93045, 4.7448516, 8.724581]
1.14042, [-26.556679, -20.067287, -53.37603, 0.0, 0.0, 0.0], 2
evidence number = 2
times imitated = 0
[4.0884705, 9.662632, 77.13373, 33.274925, 80.18219, 78.5762, 4.7452164, 8.724956]
1.1406038, [-26.553165, -20.065622, -53.38121, 0.0, 0.0, 0.0], 2
evidence number = 2
times imitated = 0
[15.424591, 9.662824, 65.79645, 33.2751, 68.84308, 67.2381, 4.7453823, 8.725126]
0.5708034, [-27.041765, -20.376827, -52.581406, 0.0, 0.0, 0.0], -1
evidence number = 2
times imitated = 0
[179.79681, 7.445133, 115.157715, 32.214256, 151.44127, 135.88335, 10.0900955, 11.827609]
2.7873797, [19.779358, 37.868866, 42.35178, 0.0, 0.0, 0.0], -1
evidence number = 2
times imitated = 0
[54.635834, 5.638038, 128.53664, 29.040121, 123.310196, 57.360733, 3.975022, 5.124795]
2.1461678, [42.769337, -40.00081, 17.229847, 0.0, 0.0, 0.0], 1
evidence number = 2
times imitated = 0
[18.253113, 8.945356, 114.402664, 54.17271, 116.11531, 121.10164, 17.73866, 5.259434]
1.8156594, [20.81366, 30.134817, -49.05152, 0.0, 0.0, 0.0], 2
evidence number = 2
times imitated = 1
[11.94455, 9.343498, 108.47006, 54.004948, 109.58197, 112.48367, 17.58841, 5.092923]
2.8821974, [21.609497, 29.750368, -48.640137, 0.0, 0.0, 0.0], 2
evidence number = 2
times imitated = 0
[3.873932, 9.343156, 100.39635, 54.00553, 101.508865, 104.41237, 17.588999, 5.0935264]
2.3002439, [22.17561, 29.202166, -48.622223, 0.0, 0.0, 0.0], 2
evidence number = 2
times imitated = 0
[23.442032, 9.339965, 119.93613, 54.01093, 121.10623, 130.79407, 17.599045, 5.3112082]
0.0015555655, [0.0, 0.0, 0.0, -38.34723, -23.285591, -38.36718], 5
evidence number = 2
times imitated = 0
[87.36233, 16.221916, 178.25812, 53.182697, 175.75247, 150.905, 34.620697, 41.50806]
0.0, [0.0, 0.0, 0.0, -41.243958, -17.512093, -41.24395], 3
evidence number = 2
times imitated = 0
[126.25464, 16.221916, 142.84958, 53.182697, 145.45374, 173.62206, 44.98116, 51.476074]
0.0, [0.0, 0.0, 0.0, 47.73107, -4.537856, -47.73107], -1
evidence number = 2
times imitated = 0
[135.46893, 10.169619, 2.080536, 25.21935, 144.27386, 90.5585, 7.612331, 1.5957849]
0.21651506, [-3.8232434, 52.40395, 43.772804, 0.0, 0.0, 0.0], -1
evidence number = 2
times imitated = 0
[153.62968, 12.685254, 9.5364685, 25.21948, 161.00752, 102.3353, 10.471478, 1.6251936]
0.0011368234, [0.0, 0.0, 0.0, 28.07323, -19.797188, -52.129578], 5
evidence number = 2
times imitated = 0
[152.11026, 11.768427, 9.011429, 29.253147, 156.99149, 31.210464, 8.898125, 3.6582808]
3.5385618, [-46.01088, 13.555424, 40.433697, 0.0, 0.0, 0.0], 0
evidence number = 2
times imitated = 0
[10.038956, 13.482782, 78.77969, 35.53702, 9.914047, 26.55658, 13.757266, 14.264092]
0.0, [0.0, 0.0, 0.0, -43.190216, -13.62169, 43.18809], 3
evidence number = 2
times imitated = 0
[58.097763, 26.804672, 171.61794, 39.19671, 173.62453, 179.02583, 9.024439, 14.967105]
0.0, [0.0, 0.0, 0.0, -32.682384, -24.145733, -43.171883], 5
evidence number = 2
times imitated = 0
[149.72551, 25.540714, 3.9288025, 36.14657, 3.2528381, 13.117615, 4.9988265, 7.4867873]
0.0, [0.0, 0.0, 0.0, 50.15728, 19.687143, 30.155579], -1
evidence number = 2
times imitated = 0
[110.90877, 25.477446, 42.190002, 36.276634, 89.668335, 160.30084, 8.839002, 12.437683]
0.17790318, [-11.034948, 88.95102, -0.014026137, 0.0, 0.0, 0.0], -1
evidence number = 2
times imitated = 0
[106.86731, 27.525427, 14.173767, 52.16266, 14.2925415, 25.724884, 17.314953, 6.1347017]
1.527643, [-48.664066, -48.790737, -2.5451999, 0.0, 0.0, 0.0], 1
evidence number = 2
times imitated = 1
[40.25801, 7.401323, 24.24533, 25.619818, 23.224976, 26.637848, 5.3738546, 9.008262]
0.0, [0.0, 0.0, 0.0, 40.0, 20.0, -40.0], 5
evidence number = 2
times imitated = 0
[86.06221, 7.4663486, 23.409271, 25.619818, 24.429626, 17.759644, 5.3738546, 9.030719]
0.0, [0.0, 0.0, 0.0, -18.23942, -1.162426, -80.59816], 5
evidence number = 2
times imitated = 6
[25.307068, 9.983235, 4.422516, 25.619818, 5.442871, 12.10968, 5.3738546, 9.316472]
0.0, [0.0, 0.0, 0.0, 21.989399, 4.902321, 73.10828], -1
evidence number = 2
times imitated = 0
[64.1203, 7.867435, 51.283325, 25.619818, 41.73517, 41.285286, 4.8035126, 5.1636047]
0.0, [0.0, 0.0, 0.0, 53.687477, -1.6336838, 44.678837], 4
evidence number = 2
times imitated = 6
[62.82303, 16.454458, 23.473206, 68.455055, 32.34073, 7.1982117, 40.124012, 35.282703]
2.0190504, [-41.29593, -41.426373, -17.277699, 0.0, 0.0, 0.0], 1
evidence number = 2
times imitated = 1
[113.090866, 9.020372, 6.9832153, 32.215733, 7.878662, 3.710907, 5.0114775, 7.243742]
0.78164685, [-44.949455, -45.71016, 9.340389, 0.0, 0.0, 0.0], -1
evidence number = 1
times imitated = 0
[17.410824, 21.84908, 123.60954, 57.549583, 123.50145, 123.11809, 17.404856, 4.922912]
0.59998846, [26.180262, 27.109585, -46.710155, 0.0, 0.0, 0.0], -1
evidence number = 1
times imitated = 0
[2.8411732, 21.84908, 103.357544, 57.549583, 103.24841, 106.913055, 17.40476, 5.780114]
0.0, [0.0, 0.0, 0.0, 46.69384, 18.928078, 34.378086], -1
evidence number = 1
times imitated = 0
[25.550043, 23.592133, 131.38422, 56.616272, 139.19305, 131.26929, 32.24788, 26.641104]
0.6599386, [22.272406, 25.641846, -52.08575, 0.0, 0.0, 0.0], -1
evidence number = 1
times imitated = 0
[30.767893, 23.592133, 136.60208, 56.616272, 144.80438, 136.48709, 33.700012, 28.10844]
0.0, [0.0, 0.0, 0.0, -40.002247, -19.99551, -40.00224], 3
evidence number = 1
times imitated = 0
[36.28736, 23.592133, 142.12154, 56.616272, 150.7082, 142.00554, 35.2525, 29.676765]
0.0, [0.0, 0.0, 0.0, -40.00153, -19.996939, -40.001534], 5
evidence number = 1
times imitated = 0
[89.09155, 23.606737, 163.877, 56.184193, 153.49712, 163.94496, 43.638744, 38.159508]
0.44641277, [49.945213, 48.39152, -1.6632676, 0.0, 0.0, 0.0], -1
evidence number = 1
times imitated = 0
[148.74828, 6.5308833, 109.58783, 40.107224, 131.36429, 145.93427, 12.978866, 10.075622]
0.21661814, [18.573294, 41.178436, 40.24827, 0.0, 0.0, 0.0], -1
evidence number = 1
times imitated = 0
[160.16525, 5.40001, 0.44522095, 37.49323, 0.4031372, 0.08328247, 8.609923, 4.6974287]
4.670671, [30.609188, 61.739933, -7.650882, 0.0, 0.0, 0.0], 2
evidence number = 1
times imitated = 0
[159.87881, 5.0625634, 1.5278015, 37.853214, 1.4700012, 1.1566162, 8.969909, 5.057427]
1.8346106, [-42.586903, -34.40668, 23.006413, 0.0, 0.0, 0.0], 0
evidence number = 1
times imitated = 0
[1.4708252, 5.062711, 159.83585, 37.853214, 159.90805, 123.420746, 8.968905, 2.7249944]
0.0, [0.0, 0.0, 0.0, 2.7233882, 31.883118, 65.39349], -1
evidence number = 1
times imitated = 0
[10.8407135, 5.822979, 145.0004, 37.22122, 137.7604, 30.72126, 10.256561, 4.383995]
0.7798488, [49.38904, -3.1046646, -47.506294, 0.0, 0.0, 0.0], -1
evidence number = 1
times imitated = 0
[39.210045, 7.4404387, 116.842834, 36.924957, 103.74347, 4.075409, 10.44082, 8.663855]
0.3599985, [45.912598, -6.3516088, -47.735794, 0.0, 0.0, 0.0], -1
evidence number = 1
times imitated = 0
[159.72525, 29.626669, 28.115463, 22.554289, 28.318634, 29.266678, 9.088491, 3.559295]
0.5367125, [-35.12487, -34.88691, 29.98822, 0.0, 0.0, 0.0], -1
evidence number = 1
times imitated = 0
[19.8452, 32.553867, 120.72925, 22.187382, 178.051, 47.607384, 5.4177947, 12.3975525]
0.67641646, [33.018764, 9.80233, -57.17891, 0.0, 0.0, 0.0], -1
evidence number = 1
times imitated = 0
[4.0957947, 33.88944, 133.42513, 21.32022, 160.46971, 28.837418, 4.3498907, 13.497843]
2.012435, [36.306305, 6.2703075, -57.42339, 0.0, 0.0, 0.0], 2
evidence number = 1
times imitated = 0
[159.49652, 8.358042, 43.605072, 25.983505, 43.4812, 43.344025, 9.025998, 5.0311165]
0.12, [-34.832893, -34.84314, 30.32397, 0.0, 0.0, 0.0], -1
evidence number = 1
times imitated = 0
[66.91167, 8.358042, 136.18991, 25.983505, 120.76641, 171.06604, 8.485173, 2.776408]
0.0, [0.0, 0.0, 0.0, -31.375004, -37.249985, 31.375011], 4
evidence number = 1
times imitated = 0
[0.010513306, 11.153245, 145.19275, 25.983505, 6.730301, 20.965897, 12.240934, 7.3578696]
0.0, [0.0, 0.0, 0.0, 5.9205556, 41.39649, 52.682953], -1
evidence number = 1
times imitated = 0
[11.900269, 16.298605, 141.31985, 25.983505, 2.70327, 17.082863, 17.803125, 7.3592253]
0.0, [0.0, 0.0, 0.0, 47.299133, 23.678183, -29.022684], 5
evidence number = 1
times imitated = 0
[13.83522, 16.835636, 115.56575, 55.855164, 119.86253, 116.73985, 4.9515057, 17.46263]
0.0, [0.0, 0.0, 0.0, -52.547325, -26.274841, -21.177835], 3
evidence number = 1
times imitated = 0
[8.338791, 16.835636, 93.39174, 55.855164, 98.09187, 94.56706, 4.9490223, 17.463608]
0.0, [0.0, 0.0, 0.0, 58.342697, 29.168299, -12.489007], 5
evidence number = 1
times imitated = 0
[5.9247894, 16.835636, 95.80574, 55.855164, 104.06914, 97.20122, 4.930201, 17.45937]
0.0, [0.0, 0.0, 0.0, 52.77814, 26.093431, 21.128424], -1
evidence number = 1
times imitated = 0
[18.701416, 17.18198, 82.33388, 55.882084, 107.26213, 88.69792, 5.0594597, 17.387697]
0.3597209, [-6.1206746, 17.303244, -76.57608, 0.0, 0.0, 0.0], -1
evidence number = 1
times imitated = 0
[14.275375, 19.665293, 110.18988, 56.308735, 116.16055, 111.34674, 5.958555, 17.643753]
0.0, [0.0, 0.0, 0.0, -52.711575, -26.447615, -20.840801], 3
evidence number = 1
times imitated = 0
[100.06122, 20.334223, 162.83344, 55.60922, 144.27505, 179.4437, 20.573614, 23.435884]
0.44639665, [46.590324, 44.242153, 9.167523, 0.0, 0.0, 0.0], -1
evidence number = 1
times imitated = 0
[87.538864, 8.436553, 4.816208, 31.768755, 8.352646, 5.4760895, 4.631583, 8.6398735]
3.3876514, [-44.88851, -44.83635, 10.275141, 0.0, 0.0, 0.0], 0
evidence number = 1
times imitated = 0
[55.400116, 8.581357, 29.923462, 32.78242, 33.451385, 31.88092, 4.822494, 8.78187]
0.9608453, [-47.14338, -46.69917, -6.157446, 0.0, 0.0, 0.0], -1
evidence number = 1
times imitated = 0
[169.31963, 11.436853, 113.76108, 33.789143, 147.44713, 138.78546, 10.5855465, 14.402114]
0.4779277, [18.906141, 37.567135, 43.526726, 0.0, 0.0, 0.0], -1
evidence number = 1
times imitated = 0
[46.223488, 5.638521, 136.95117, 29.040121, 129.40338, 63.948402, 3.6510932, 4.8642726]
0.7147535, [30.053366, -63.493187, -6.4534554, 0.0, 0.0, 0.0], -1
evidence number = 1
times imitated = 0
[11.587776, 6.587841, 169.73003, 28.150814, 127.12669, 9.297585, 1.7309713, 4.7885857]
0.8994239, [51.360558, -6.143, -42.496445, 0.0, 0.0, 0.0], -1
evidence number = 1
times imitated = 0
[0.095321655, 9.343002, 96.6165, 54.00577, 97.72926, 100.63359, 17.589245, 5.0937777]
0.41646767, [23.152744, 26.48123, -50.366028, 0.0, 0.0, 0.0], -1
evidence number = 1
times imitated = 0
[16.809448, 9.341763, 113.319565, 54.00788, 114.4344, 117.34523, 17.591368, 5.0959477]
0.0014508744, [0.0, 0.0, 0.0, -39.986115, -20.002626, -40.011257], 5
evidence number = 1
times imitated = 0
[0.4964447, 10.116585, 95.98494, 53.96067, 99.64061, 113.11635, 17.920742, 5.6948385]
0.7770592, [5.100635, 21.735659, -73.163704, 0.0, 0.0, 0.0], -1
evidence number = 1
times imitated = 0
[0.27853394, 13.082397, 94.68617, 53.29364, 94.6476, 91.280594, 18.076418, 9.840366]
0.0, [0.0, 0.0, 0.0, 39.98905, 20.021894, 39.98905], -1
evidence number = 1
times imitated = 0
[0.71632385, 13.322382, 93.42059, 53.278786, 96.10474, 87.20105, 20.728382, 21.166296]
0.24000292, [5.8849974, 3.2742288, -90.840775, 0.0, 0.0, 0.0], -1
evidence number = 1
times imitated = 0
[32.577927, 16.221916, 123.47371, 53.182697, 121.19624, 102.75575, 22.776491, 30.379574]
0.8371709, [-1.2297283, -17.147772, -81.6225, 0.0, 0.0, 0.0], -1
evidence number = 1
times imitated = 0
[59.07386, 16.221916, 149.96964, 53.182697, 147.50323, 123.90725, 31.682945, 38.703266]
0.0, [0.0, 0.0, 0.0, -42.04608, -15.907818, -42.0461], 5
evidence number = 1
times imitated = 0
[115.34863, 16.221916, 153.75558, 53.182697, 156.37903, 174.7077, 48.018944, 54.43608]
1.9073486E-6, [0.0, 0.0, 0.0, -45.810753, -8.378496, 45.810753], 3
evidence number = 1
times imitated = 0
[80.12062, 9.602508, 170.09142, 36.507618, 173.7639, 172.06703, 5.168228, 9.184861]
0.8998393, [47.030556, 46.803368, 6.1660757, 0.0, 0.0, 0.0], -1
evidence number = 1
times imitated = 0
[16.963776, 10.439641, 107.49849, 36.174885, 115.294464, 111.4205, 5.3608875, 9.36231]
0.89936626, [21.348835, 28.90628, -49.744884, 0.0, 0.0, 0.0], -1
evidence number = 1
times imitated = 0
[7.6301117, 13.475194, 81.18506, 35.53702, 23.943176, 44.567688, 9.195452, 11.023098]
0.7704005, [6.5403314, -37.196922, -56.262745, 0.0, 0.0, 0.0], -1
evidence number = 1
times imitated = 0
[143.51146, 6.097594, 33.20111, 28.56644, 29.917114, 33.224762, 4.67949, 8.648213]
0.5993121, [-35.22703, -35.343075, 29.429897, 0.0, 0.0, 0.0], -1
evidence number = 1
times imitated = 0
[166.87251, 32.595173, 11.901367, 28.975248, 104.34627, 10.967926, 6.085206, 3.5339928]
2.8834138, [-51.959576, 4.7073493, 43.333073, 0.0, 0.0, 0.0], 0
evidence number = 1
times imitated = 0
[145.53378, 30.92095, 9.199768, 30.683174, 139.79065, 70.812836, 13.272004, 6.980605]
0.8364726, [-49.273514, -2.2735946, 48.452892, 0.0, 0.0, 0.0], -1
evidence number = 1
times imitated = 0
[133.95999, 30.92095, 20.77356, 30.683174, 151.36285, 82.386505, 13.272066, 6.9802465]
0.0, [0.0, 0.0, 0.0, -6.5967026, -43.710632, 49.692665], 4
evidence number = 1
times imitated = 0
[104.39209, 29.05782, 2.5834656, 47.01145, 2.1055603, 2.4212341, 4.9576855, 17.443678]
0.119998746, [-40.927185, -40.66571, -18.407104, 0.0, 0.0, 0.0], -1
evidence number = 1
times imitated = 0
[134.79878, 28.56268, 121.81854, 46.694004, 145.8168, 132.125, 9.253935, 23.559898]
0.6596673, [24.756796, 37.00965, 38.233555, 0.0, 0.0, 0.0], -1
evidence number = 1
times imitated = 0
[85.71903, 23.041786, 131.854, 40.185276, 127.93783, 131.90323, 5.1313567, 17.572083]
0.83986545, [38.0062, 38.373642, 23.620161, 0.0, 0.0, 0.0], -1
evidence number = 1
times imitated = 0
[16.99858, 23.041786, 159.42555, 40.185276, 163.3571, 166.53703, 5.130193, 10.955827]
0.0, [0.0, 0.0, 0.0, 10.792847, -4.715729, 84.491425], 4
evidence number = 1
times imitated = 0
[9.16864, 23.041786, 151.59561, 40.185276, 155.5318, 161.1063, 5.129846, 9.756233]
0.0, [0.0, 0.0, 0.0, 32.964516, 6.787174, 60.24831], -1
evidence number = 1
times imitated = 0
[2.436081, 26.804672, 132.72038, 39.19671, 133.16881, 120.64485, 4.9370914, 10.633749]
0.659988, [12.910043, 6.8782606, -80.2117, 0.0, 0.0, 0.0], -1
evidence number = 1
times imitated = 0
[78.89006, 31.946133, 137.44333, 31.319859, 136.75119, 138.91483, 5.0705147, 8.723735]
0.17999998, [36.93392, 36.974762, -26.091316, 0.0, 0.0, 0.0], -1
evidence number = 1
times imitated = 0
[145.95912, 25.540714, 7.6951904, 36.14657, 7.013611, 21.110504, 4.998686, 7.003816]
0.0, [0.0, 0.0, 0.0, 33.59617, 4.940043, 61.463783], -1
evidence number = 1
times imitated = 0
[148.60472, 25.540714, 5.049591, 36.14657, 4.3623047, 23.299133, 4.998567, 6.563424]
0.0, [0.0, 0.0, 0.0, 28.99482, -12.378364, 58.62682], 4
evidence number = 1
times imitated = 0
[74.428894, 27.277567, 25.004028, 49.283096, 26.028137, 33.03488, 15.40751, 3.0115163]
0.9633425, [-44.411655, -40.35772, -15.230624, 0.0, 0.0, 0.0], -1
evidence number = 1
times imitated = 0
[79.351524, 26.711039, 169.79828, 52.27077, 170.00195, 122.23342, 33.505898, 42.54789]
0.0, [0.0, 0.0, 0.0, 19.690422, 34.808487, 45.50109], -1
evidence number = 1
times imitated = 0
[86.60715, 25.98583, 175.22957, 52.076443, 175.6285, 126.73146, 32.04655, 43.79606]
0.19499119, [53.887486, 43.176525, -2.9359803, 0.0, 0.0, 0.0], -1
evidence number = 1
times imitated = 0
[24.241394, 7.401323, 40.261948, 25.619818, 39.241592, 42.654465, 5.3738546, 9.008262]
0.0, [0.0, 0.0, 0.0, 40.0, 20.0, -40.0], 5
evidence number = 1
times imitated = 0
[78.14877, 7.739242, 21.38852, 25.619818, 22.408875, 13.417175, 5.3738546, 9.067297]
0.0, [0.0, 0.0, 0.0, -46.73137, -10.061616, -43.207016], 3
evidence number = 1
times imitated = 1
[56.82312, 10.2806425, 48.400604, 25.619818, 48.980164, 27.043934, 5.107255, 5.057274]
0.0, [0.0, 0.0, 0.0, 42.37481, 16.98124, 40.643955], -1
evidence number = 1
times imitated = 0
[31.788918, 7.86128, 160.23515, 25.619818, 77.78024, 46.964783, 6.250573, 5.9023523]
0.0, [0.0, 0.0, 0.0, -19.932775, -39.85241, 40.214817], 4
evidence number = 1
times imitated = 1
[3.5430832, 15.945987, 169.11795, 25.619818, 47.136112, 6.393654, 6.2515974, 14.666042]
0.0, [0.0, 0.0, 0.0, 20.657297, 37.69544, 41.647263], -1
evidence number = 1
times imitated = 0
[17.158745, 13.935657, 91.088196, 56.388046, 89.9563, 89.94141, 17.36483, 4.980874]
0.7184796, [-3.915433, -1.8719872, -94.21258, 0.0, 0.0, 0.0], -1
evidence number = 1
times imitated = 0
[159.43683, 14.716668, 94.93317, 56.388046, 96.11905, 96.06854, 17.35862, 4.9787903]
0.0, [0.0, 0.0, 0.0, 63.71562, 31.867266, 4.4171133], -1
evidence number = 1
times imitated = 0
[97.01849, 14.61327, 13.678497, 56.504635, 25.946777, 20.001068, 16.56033, 7.3010325]
0.12000198, [-48.294655, -45.66279, 6.0425596, 0.0, 0.0, 0.0], -1
evidence number = 1
times imitated = 0
[90.32309, 14.543195, 11.315521, 57.64547, 23.36676, 23.087433, 17.613455, 9.205179]
1.287447, [-50.0812, -46.650032, 3.2687712, 0.0, 0.0, 0.0], 0
evidence number = 1
times imitated = 3
[63.85901, 16.454401, 24.509216, 68.455055, 34.803436, 7.266327, 50.896824, 46.074596]
3.8146973E-6, [0.0, 0.0, 0.0, 0.0, 0.0, 0.0], -1
evidence number = 1
times imitated = 0
total contexts =211total imitated =50

NONPOS CONTEXTS:
[92.864716, 17.500017, 3.8671265, 54.001415, 76.45155, 36.152786, 16.086903, 18.312086]
6.2596817, [-63.82193, -7.2020607, 28.976002, 0.0, 0.0, 0.0], 0
evidence number = 22
times imitated = 1
[94.90281, 2.851376, 159.06003, 21.78848, 161.30621, 163.56953, 3.2658353, 7.824958]
8.349186E-4, [0.0, 0.0, 0.0, 23.11733, -2.0536497, -74.82902], 5
evidence number = 15
times imitated = 0
[76.26659, 6.47547, 18.336752, 25.619818, 48.650177, 27.688879, 7.643466, 11.751309]
0.0, [0.0, 0.0, 0.0, 36.096203, 21.69526, 42.208538], -1
evidence number = 14
times imitated = 0
[134.4516, 14.151927, 84.36585, 30.064886, 120.852554, 105.39237, 14.9947405, 18.028517]
3.9736427E-8, [0.0, 0.0, 0.0, -39.99561, -19.997805, -40.006584], 5
evidence number = 12
times imitated = 0
[93.41608, 25.192587, 104.4541, 32.231712, 160.73384, 129.55486, 13.755964, 22.162096]
0.0028992803, [0.0, 0.0, 0.0, 11.909879, -27.932566, -60.157555], 5
evidence number = 11
times imitated = 0
[105.11731, 11.262721, 37.20303, 36.924957, 18.50668, 83.40921, 9.454831, 9.780633]
0.0, [0.0, 0.0, 0.0, 43.662766, -21.66205, -34.675182], -1
evidence number = 11
times imitated = 0
[115.746956, 1.5962898, 159.30325, 38.232075, 161.9529, 161.50021, 5.1700044, 9.52632]
3.856659E-4, [0.0, 0.0, 0.0, -42.64484, -16.872927, 40.482227], 3
evidence number = 11
times imitated = 0
[64.776825, 13.889674, 2.38797, 26.58982, 50.075134, 30.478638, 13.750751, 15.69243]
0.0, [0.0, 0.0, 0.0, 45.269783, -5.9369717, -48.793247], 5
evidence number = 11
times imitated = 0
[164.11638, 27.460972, 62.922832, 32.235447, 146.12904, 163.8602, 14.054831, 23.569576]
0.0028946176, [0.0, 0.0, 0.0, 45.542633, -18.02029, -36.437073], -1
evidence number = 10
times imitated = 0
[36.059055, 8.880097, 56.210377, 47.879, 73.74188, 39.037964, 17.642475, 6.741018]
0.00600004, [0.0, 0.0, 0.0, -39.254116, 13.043232, 47.70265], 3
evidence number = 10
times imitated = 1
[2.6365433, 59.920452, 68.86598, 15.257102, 52.505753, 32.18911, 7.9900107, 25.295424]
10.112287, [2.8896396, -22.528107, -74.58226, 0.0, 0.0, 0.0], 2
evidence number = 10
times imitated = 0
[31.999222, 17.472023, 65.18112, 55.188118, 25.218239, 74.492065, 8.511938, 18.034225]
0.0, [0.0, 0.0, 0.0, -47.615387, -0.36521846, 52.019394], 3
evidence number = 10
times imitated = 0
[171.45856, 6.475717, 98.50687, 25.619818, 135.9619, 114.99124, 7.6458864, 11.752421]
4.150127, [25.131723, 37.237675, 37.630604, 0.0, 0.0, 0.0], -1
evidence number = 10
times imitated = 0
[101.252975, 7.0174165, 9.054962, 47.879646, 25.313416, 64.254456, 17.69174, 8.14901]
5.0273223, [-52.180626, -13.543466, 34.275906, 0.0, 0.0, 0.0], 0
evidence number = 9
times imitated = 0
[179.3529, 1.5968227, 102.965576, 38.231888, 115.76117, 111.69177, 5.169949, 9.526222]
7.2485876, [-16.444887, 27.670977, 55.884136, 0.0, 0.0, 0.0], 0
evidence number = 9
times imitated = 0
[51.557617, 3.0965674, 15.88385, 54.362747, 8.46698, 10.120056, 18.875074, 6.964644]
6.652568, [-48.89836, -28.015215, 23.086428, 0.0, 0.0, 0.0], 0
evidence number = 9
times imitated = 0
[59.448395, 16.226986, 24.890045, 57.867573, 6.705658, 43.50345, 21.617128, 15.474366]
3.6142144, [-63.222057, -32.33517, 4.4427705, 0.0, 0.0, 0.0], 0
evidence number = 8
times imitated = 0
[5.10101, 18.486828, 99.19407, 57.867573, 87.08961, 64.971504, 16.427723, 5.068472]
0.0, [0.0, 0.0, 0.0, -57.670055, 2.1666975, 40.163246], 3
evidence number = 8
times imitated = 0
[8.91127, 9.650075, 178.85681, 47.36927, 153.07487, 174.97873, 30.69733, 34.801556]
0.0, [0.0, 0.0, 0.0, -40.198757, -18.062313, 41.73893], 3
evidence number = 8
times imitated = 4
[13.597977, 13.890139, 48.751526, 26.58982, 1.0643616, 20.660858, 13.750751, 15.69243]
3.7956095, [-19.081072, -39.271008, -41.64792, 0.0, 0.0, 0.0], 2
evidence number = 8
times imitated = 0
[14.193649, 7.401323, 50.309692, 25.619818, 49.289337, 52.70221, 5.3738546, 9.008262]
0.0, [0.0, 0.0, 0.0, -39.93958, -14.399554, 45.660862], 3
evidence number = 8
times imitated = 4
[142.56863, 18.116243, 14.820862, 44.362923, 130.00345, 78.84781, 16.206821, 12.081656]
11.01279, [-43.372185, 21.64728, 34.980534, 0.0, 0.0, 0.0], 0
evidence number = 7
times imitated = 1
[164.25974, 15.59845, 77.77695, 35.53702, 146.74559, 130.08023, 14.390625, 15.267244]
0.0, [0.0, 0.0, 0.0, -40.247875, -20.12661, -39.625515], 3
evidence number = 7
times imitated = 0
[47.421875, 11.985108, 135.50993, 35.48938, 55.74244, 141.33482, 7.207567, 4.0445495]
0.0, [0.0, 0.0, 0.0, 41.806038, 17.009024, -41.18494], 5
evidence number = 7
times imitated = 1
[95.73876, 6.039395, 99.4176, 47.36927, 134.92093, 104.79053, 9.896434, 13.99591]
0.0, [0.0, 0.0, 0.0, -54.56199, -29.993809, 15.444201], 3
evidence number = 7
times imitated = 1
[44.745926, 9.647427, 145.31216, 47.36927, 174.07355, 149.88565, 20.021416, 22.869024]
0.0, [0.0, 0.0, 0.0, -38.28969, -19.077795, 42.632515], 3
evidence number = 7
times imitated = 2
[146.18663, 7.882893, 89.94725, 27.716705, 124.9758, 105.57539, 9.14013, 13.834989]
0.0, [0.0, 0.0, 0.0, -39.993156, -19.996578, -40.010265], 5
evidence number = 7
times imitated = 0
[14.689961, 10.145952, 87.357574, 56.39342, 88.51965, 87.45108, 17.47045, 4.566608]
3.475395, [-26.54165, -21.862114, -51.596237, 0.0, 0.0, 0.0], 2
evidence number = 7
times imitated = 0
[87.76084, 26.411358, 59.61212, 25.983505, 83.17113, 64.60498, 24.690567, 12.76179]
0.0, [0.0, 0.0, 0.0, 40.948776, -18.814363, -40.236862], -1
evidence number = 6
times imitated = 0
[139.61588, 28.656624, 6.8650513, 25.983505, 135.47623, 120.73212, 27.153708, 15.086239]
0.0, [0.0, 0.0, 0.0, 39.81696, -21.274445, -38.9086], -1
evidence number = 6
times imitated = 0
[32.367355, 1.5955492, 110.02643, 38.232285, 97.24469, 101.30673, 5.170016, 9.526402]
3.7735584E-4, [0.0, 0.0, 0.0, 39.113514, 20.296984, 40.589504], -1
evidence number = 6
times imitated = 0
[58.267715, 34.513927, 51.385086, 29.661705, 35.608902, 31.772903, 3.5758781, 17.018272]
4.3570533, [-6.4604335, -29.949232, -63.59033, 0.0, 0.0, 0.0], 2
evidence number = 6
times imitated = 0
[11.503502, 31.8437, 165.4889, 24.410143, 22.078468, 82.02411, 8.880221, 12.580073]
2.3841972, [35.013634, -31.074432, -33.911938, 0.0, 0.0, 0.0], 2
evidence number = 6
times imitated = 0
[92.47366, 14.1588955, 35.323273, 28.08327, 78.259125, 60.460907, 14.405, 16.778215]
0.6751846, [-49.10058, -34.283295, -16.616129, 0.0, 0.0, 0.0], -1
evidence number = 6
times imitated = 0
[28.047485, 4.3550673, 59.414886, 54.21435, 50.77011, 24.236084, 17.725855, 6.208185]
0.41176245, [17.888216, 37.84376, 44.26803, 0.0, 0.0, 0.0], -1
evidence number = 6
times imitated = 0
[4.30624, 22.59707, 134.09756, 32.2272, 52.269646, 12.546646, 11.979326, 19.098446]
0.0028498638, [0.0, 0.0, 0.0, 51.645054, 22.716549, 25.638401], -1
evidence number = 5
times imitated = 0
[20.388672, 29.723045, 149.15353, 23.211887, 144.35626, 80.72707, 10.657326, 2.8628168]
2.7160928, [41.772, 17.665348, -40.562656, 0.0, 0.0, 0.0], 2
evidence number = 5
times imitated = 0
[45.027428, 24.240513, 103.364975, 25.983505, 39.71971, 16.637146, 22.592333, 10.843815]
0.0, [0.0, 0.0, 0.0, 45.45071, 17.847492, -36.7018], 5
evidence number = 5
times imitated = 0
[3.263794, 16.835636, 98.466736, 55.855164, 102.76538, 99.63995, 4.9500384, 17.461926]
1.838106, [-20.209538, -9.474081, 70.31638, 0.0, 0.0, 0.0], 0
evidence number = 5
times imitated = 0
[3.689003, 17.972158, 173.77158, 27.415834, 74.769356, 9.544792, 2.6314535, 15.176142]
0.34628654, [41.634605, 27.360401, -31.005001, 0.0, 0.0, 0.0], -1
evidence number = 5
times imitated = 0
[81.51462, 22.72971, 86.46179, 27.415834, 115.04352, 85.5827, 4.2126026, 14.568074]
0.0, [0.0, 0.0, 0.0, 37.828922, -21.306366, -40.864708], 5
evidence number = 5
times imitated = 0
[59.044846, 27.698366, 91.07806, 27.049332, 136.39606, 154.6546, 4.718828, 2.7310395]
2.7799354, [3.9739332, 58.419697, -37.60637, 0.0, 0.0, 0.0], 2
evidence number = 5
times imitated = 0
[8.61911, 6.1245856, 101.76721, 55.091854, 102.80371, 106.91904, 17.69097, 5.2404313]
1.8332155, [-19.952312, -10.026522, 70.021164, 0.0, 0.0, 0.0], 0
evidence number = 5
times imitated = 0
[118.45056, 15.59845, 31.967773, 35.53702, 100.93642, 84.27106, 14.390625, 15.267244]
0.0, [0.0, 0.0, 0.0, 2.0381513, -34.096725, -63.86513], 5
evidence number = 5
times imitated = 2
[23.475327, 1.8903446, 97.196976, 37.9748, 72.36943, 87.15297, 3.4889266, 9.310792]
0.34997657, [49.591625, 38.9926, -11.415772, 0.0, 0.0, 0.0], -1
evidence number = 5
times imitated = 0
[42.025322, 2.2223213, 140.20682, 37.44476, 71.34373, 131.33618, 3.3614554, 9.296384]
0.53513944, [58.31001, 40.530693, -1.1592928, 0.0, 0.0, 0.0], -1
evidence number = 5
times imitated = 0
[1.3710403, 9.124337, 174.84647, 35.48938, 11.819542, 165.89874, 5.5607047, 7.235465]
1.7632574, [54.851234, 0.49544376, -44.653324, 0.0, 0.0, 0.0], 2
evidence number = 5
times imitated = 1
[130.18988, 3.9357522, 47.549988, 47.36927, 114.387146, 49.54242, 4.382544, 13.037086]
0.3599988, [-48.685608, -24.556204, 26.758184, 0.0, 0.0, 0.0], -1
evidence number = 5
times imitated = 0
[8.551636, 16.634344, 174.19159, 38.025837, 150.87045, 178.96808, 22.015537, 34.176643]
5.618929, [34.812016, 32.889046, -32.298946, 0.0, 0.0, 0.0], 2
evidence number = 5
times imitated = 1
[31.239075, 7.886508, 24.950867, 27.716705, 10.0776825, 9.322723, 9.14013, 13.834989]
7.2580853, [-31.651665, -40.808075, -27.54026, 0.0, 0.0, 0.0], 1
evidence number = 5
times imitated = 2
[91.92352, 7.884628, 35.707184, 27.716705, 70.73573, 51.335327, 9.14013, 13.834989]
0.0, [0.0, 0.0, 0.0, 2.4310596, -24.357286, -73.211655], 5
evidence number = 5
times imitated = 2
[178.89973, 7.8816776, 122.643845, 27.716705, 157.6724, 138.27199, 9.14013, 13.834989]
0.0, [0.0, 0.0, 0.0, -39.993263, -19.996632, -40.0101], 5
evidence number = 5
times imitated = 0
[145.0079, 2.951302, 95.37393, 22.214207, 143.00266, 109.4234, 3.3739848, 7.839301]
0.17379087, [-29.30756, 17.789318, 52.903122, 0.0, 0.0, 0.0], -1
evidence number = 5
times imitated = 0
[23.824287, 25.105337, 133.9425, 25.03281, 2.8927307, 21.980774, 8.830191, 20.462574]
0.65713924, [31.2933, -34.265167, -34.441532, 0.0, 0.0, 0.0], -1
evidence number = 5
times imitated = 0
[117.621735, 25.105337, 40.14505, 25.03281, 96.69535, 115.76819, 8.830627, 20.462774]
0.0, [0.0, 0.0, 0.0, 40.000786, -19.998432, -40.000786], -1
evidence number = 5
times imitated = 0
[153.90512, 25.107763, 3.862854, 25.03281, 132.98936, 152.81668, 8.8318, 20.69453]
0.0, [0.0, 0.0, 0.0, 39.966152, -20.066982, -39.96686], 5
evidence number = 5
times imitated = 1
[177.4748, 25.819664, 23.808838, 25.03281, 168.01906, 175.94765, 9.588795, 21.740461]
0.0, [0.0, 0.0, 0.0, -12.361845, -29.61601, -58.02215], 5
evidence number = 5
times imitated = 0
[146.78049, 6.7649074, 2.324463, 46.834335, 13.900726, 106.45003, 11.784724, 3.344065]
11.798904, [-45.049072, 13.290383, 41.660545, 0.0, 0.0, 0.0], 0
evidence number = 5
times imitated = 2
[130.16252, 28.529808, 10.344055, 32.238785, 105.90846, 128.0314, 13.608453, 24.029526]
0.0028925336, [0.0, 0.0, 0.0, 41.597305, 19.98043, 38.422264], -1
evidence number = 4
times imitated = 0
[13.7571535, 21.27167, 120.0277, 57.867573, 121.066765, 124.59341, 17.727167, 5.257158]
0.0, [0.0, 0.0, 0.0, -36.731865, -53.6793, 9.588836], 4
evidence number = 4
times imitated = 0
[15.355826, 21.84908, 121.55454, 57.549583, 121.44697, 121.03983, 17.404957, 4.920171]
0.59998846, [26.182661, 27.10291, -46.71443, 0.0, 0.0, 0.0], -1
evidence number = 4
times imitated = 0
[152.91757, 14.227886, 18.391113, 36.924957, 63.85997, 136.6622, 9.839047, 11.170546]
0.0, [0.0, 0.0, 0.0, 21.030842, -26.964027, -52.00513], 5
evidence number = 4
times imitated = 0
[8.341003, 10.750176, 87.92447, 47.775227, 88.333954, 89.94006, 17.151772, 4.6716743]
1.7609972, [5.0492268, 12.733239, 82.21754, 0.0, 0.0, 0.0], -1
evidence number = 4
times imitated = 0
[147.80336, 22.918657, 8.677582, 35.57279, 140.59276, 107.8356, 21.150883, 11.602244]
5.3612204, [-38.102432, 28.309792, 33.587776, 0.0, 0.0, 0.0], 0
evidence number = 4
times imitated = 0
[61.586403, 27.213387, 92.82419, 27.030785, 160.70058, 79.96329, 4.9039626, 6.9082456]
2.2375484, [22.357307, 34.55844, -43.084255, 0.0, 0.0, 0.0], 2
evidence number = 4
times imitated = 0
[165.69452, 11.432107, 76.6098, 36.34223, 141.4112, 121.7117, 10.829305, 12.624475]
2.991197, [-28.8416, 23.629866, 47.528534, 0.0, 0.0, 0.0], 0
evidence number = 4
times imitated = 1
[29.099014, 3.8972578, 178.21596, 37.444283, 25.871773, 177.41026, 2.094441, 11.061042]
4.217929E-4, [0.0, 0.0, 0.0, -57.016033, -34.70534, 8.278624], 3
evidence number = 4
times imitated = 0
[33.177635, 26.86963, 97.699615, 29.159456, 29.485641, 5.8763123, 14.003105, 12.481871]
11.69224, [25.484451, -33.97308, -40.542465, 0.0, 0.0, 0.0], 2
evidence number = 4
times imitated = 1
[48.044006, 29.392662, 81.97861, 29.073729, 44.035507, 7.1374207, 8.530719, 11.15389]
5.6067166, [12.464729, -45.059685, -42.475586, 0.0, 0.0, 0.0], 1
evidence number = 4
times imitated = 0
[8.274796, 26.977518, 178.2109, 27.243338, 7.7890854, 9.347252, 17.532177, 8.341387]
1.4399362, [33.24327, -32.73067, -34.026062, 0.0, 0.0, 0.0], 2
evidence number = 4
times imitated = 0
[47.742233, 31.845148, 129.24857, 24.410143, 138.29564, 142.29895, 2.4625747, 18.791441]
0.0, [0.0, 0.0, 0.0, 35.19783, -29.715834, -35.086338], -1
evidence number = 4
times imitated = 0
[21.321915, 27.669468, 156.18906, 24.410143, 167.1106, 127.78768, 6.9459424, 29.591665]
0.0, [0.0, 0.0, 0.0, -44.137215, 12.5266, 43.33618], 3
evidence number = 4
times imitated = 0
[8.031342, 2.9174001, 121.12315, 21.747744, 78.56828, 108.125565, 3.13796, 7.678435]
2.974818, [47.96958, 24.284271, -27.746143, 0.0, 0.0, 0.0], 2
evidence number = 4
times imitated = 0
[33.817863, 2.921772, 153.31322, 21.747744, 106.151474, 139.06093, 3.432762, 7.8903937]
0.2876464, [-47.20205, -38.12495, 14.672995, 0.0, 0.0, 0.0], -1
evidence number = 4
times imitated = 0
[134.58905, 3.153465, 104.48865, 22.144459, 152.23163, 119.516754, 3.3652422, 7.819227]
0.66587114, [-44.98117, 3.20751, 51.811325, 0.0, 0.0, 0.0], -1
evidence number = 4
times imitated = 0
[72.14499, 14.154306, 22.083954, 30.064884, 58.570663, 43.110474, 14.9947405, 18.028517]
3.005739, [-67.81894, -29.723116, 2.457938, 0.0, 0.0, 0.0], 0
evidence number = 4
times imitated = 0
[33.43643, 22.989626, 162.64429, 32.22907, 80.34591, 41.422455, 12.150614, 20.07622]
0.0028963175, [0.0, 0.0, 0.0, -38.34129, -19.656208, -42.0025], 5
evidence number = 3
times imitated = 0
[38.226257, 16.580824, 51.48059, 57.867573, 16.62503, 22.810974, 19.226742, 13.010295]
0.0, [0.0, 0.0, 0.0, -41.193382, 18.274088, 40.53253], 3
evidence number = 3
times imitated = 0
[5.988098, 10.750176, 90.277374, 47.775227, 90.703705, 92.871765, 17.135166, 4.5789523]
0.39989287, [19.229448, 23.768808, 57.001747, 0.0, 0.0, 0.0], -1
evidence number = 3
times imitated = 0
[3.7099838, 29.72094, 173.25087, 23.211887, 173.22804, 159.68965, 17.932154, 8.6137705]
0.0, [0.0, 0.0, 0.0, -7.8051987, -76.689926, 15.504876], 4
evidence number = 3
times imitated = 0
[9.089897, 37.40329, 178.23816, 14.939055, 179.72131, 155.46005, 14.089251, 5.0470667]
5.1869516, [33.679657, 33.020573, -33.299767, 0.0, 0.0, 0.0], 2
evidence number = 3
times imitated = 0
[30.831394, 27.698584, 119.29422, 27.049332, 163.09784, 176.25142, 5.0009265, 6.044028]
0.0, [0.0, 0.0, 0.0, -26.722027, -46.559875, 26.718107], 4
evidence number = 3
times imitated = 0
[84.77728, 14.3733015, 4.5000916, 35.53702, 64.36394, 47.743057, 13.770572, 14.369561]
0.0, [0.0, 0.0, 0.0, 40.047096, -19.906034, -40.04687], -1
evidence number = 3
times imitated = 0
[27.180923, 10.859164, 165.13431, 35.48938, 32.07962, 175.42099, 6.149306, 6.4131565]
0.0, [0.0, 0.0, 0.0, -24.445421, -46.996426, -28.558155], 4
evidence number = 3
times imitated = 0
[33.17341, 32.050797, 86.15976, 29.32918, 7.0064697, 45.376755, 4.332354, 13.33096]
2.4969316, [-5.1934485, -49.47957, -45.326984, 0.0, 0.0, 0.0], 1
evidence number = 3
times imitated = 0
[111.870186, 2.243419, 88.94429, 22.115074, 129.82155, 95.176865, 1.6948949, 7.3115783]
0.0015971336, [0.0, 0.0, 0.0, 40.005753, 20.005833, -39.988415], 5
evidence number = 3
times imitated = 0
[130.25479, 2.2439833, 70.55156, 22.115938, 111.40132, 76.78154, 1.6953084, 7.3123975]
0.0015752034, [0.0, 0.0, 0.0, 40.00357, 20.003618, -39.99281], 5
evidence number = 3
times imitated = 0
[114.859856, 1.7558045, 121.72767, 23.203709, 141.75427, 125.820015, 2.468185, 8.367727]
5.3816004, [29.320255, 39.496223, 31.18352, 0.0, 0.0, 0.0], -1
evidence number = 3
times imitated = 0
[45.251266, 2.5737863, 111.03607, 21.827297, 57.21485, 103.40457, 1.593019, 7.048696]
5.96425, [36.265568, 44.438717, 19.295712, 0.0, 0.0, 0.0], -1
evidence number = 3
times imitated = 0
[9.93541, 2.0740595, 91.79239, 23.059927, 64.03415, 84.3551, 3.421312, 8.438635]
3.7507446, [-51.384617, -14.019781, 34.595604, 0.0, 0.0, 0.0], 0
evidence number = 3
times imitated = 0
[59.971497, 14.153763, 9.904755, 30.064884, 46.391464, 30.931274, 14.9947405, 18.028517]
0.7197201, [-58.59892, -33.113216, -8.287873, 0.0, 0.0, 0.0], -1
evidence number = 3
times imitated = 0
[169.43193, 15.097005, 8.421082, 37.979008, 56.250244, 165.1188, 4.083581, 10.453744]
9.71391, [-35.68815, 30.02376, 34.288094, 0.0, 0.0, 0.0], 0
evidence number = 3
times imitated = 4
[12.816356, 4.9232383, 66.857765, 54.21462, 65.0593, 49.603523, 17.117088, 4.856941]
0.0029697716, [0.0, 0.0, 0.0, -46.229435, -29.403088, 24.367481], 3
evidence number = 3
times imitated = 0
[136.01425, 23.589989, 2.929657, 39.012085, 91.86963, 130.0927, 11.752403, 19.35346]
5.188209, [-44.016983, 22.749538, 33.233475, 0.0, 0.0, 0.0], 0
evidence number = 2
times imitated = 0
[65.31966, 7.43969, 90.746796, 36.924957, 70.550354, 30.18695, 9.854637, 8.683926]
0.0, [0.0, 0.0, 0.0, 43.08384, -13.809546, -43.106613], 5
evidence number = 2
times imitated = 1
[88.80818, 7.0173645, 3.3917236, 47.879646, 12.866104, 51.810455, 17.691565, 8.148975]
0.5106636, [-51.68861, -27.167658, 21.143734, 0.0, 0.0, 0.0], -1
evidence number = 2
times imitated = 0
[0.42861938, 9.129167, 93.27779, 47.89638, 89.16493, 69.67566, 17.372776, 5.2614284]
0.73428607, [-0.21860106, 26.15583, 73.62557, 0.0, 0.0, 0.0], -1
evidence number = 2
times imitated = 0
[12.964142, 12.906074, 179.40182, 26.529337, 46.423405, 0.108428955, 2.6414907, 9.112607]
0.0, [0.0, 0.0, 0.0, -77.9578, 0.83065003, -21.211546], 3
evidence number = 2
times imitated = 0
[147.71529, 29.695345, 1.2255249, 25.983505, 143.36197, 129.47516, 27.83913, 15.7534275]
0.0, [0.0, 0.0, 0.0, 37.598755, -21.579205, -40.822044], 5
evidence number = 2
times imitated = 0
[12.347153, 17.005611, 112.79033, 55.394608, 67.19455, 101.00929, 5.5751815, 16.554924]
0.6586685, [-13.023249, 24.047173, 62.92958, 0.0, 0.0, 0.0], -1
evidence number = 2
times imitated = 0
[4.93779, 16.835636, 96.79274, 55.855164, 101.09099, 97.96596, 4.950336, 17.461926]
0.55493915, [-14.680833, -15.861813, 69.45735, 0.0, 0.0, 0.0], -1
evidence number = 2
times imitated = 0
[34.688572, 21.406681, 132.49838, 27.415834, 18.575924, 33.817616, 4.278319, 16.648603]
0.0, [0.0, 0.0, 0.0, 41.927017, -18.58236, -39.490627], -1
evidence number = 2
times imitated = 0
[76.0367, 23.910986, 91.52048, 27.415834, 141.93144, 85.02945, 5.249931, 12.709786]
0.0, [0.0, 0.0, 0.0, 38.5083, -23.619923, -37.871773], -1
evidence number = 2
times imitated = 0
[6.317848, 33.246033, 129.53882, 23.065578, 92.39355, 147.1358, 2.8517642, 2.7539728]
4.808962, [25.949816, 34.79171, -39.258476, 0.0, 0.0, 0.0], 2
evidence number = 2
times imitated = 0
[2.5366821, 6.587891, 90.6232, 55.091854, 93.29898, 104.5827, 18.014328, 5.818211]
0.5697702, [-10.948806, -18.98512, 70.06608, 0.0, 0.0, 0.0], -1
evidence number = 2
times imitated = 0
[10.39061, 1.5954106, 88.04762, 38.232323, 77.090164, 79.32866, 4.804869, 9.526422]
3.8037437E-4, [0.0, 0.0, 0.0, 40.002922, 20.000484, 39.99659], -1
evidence number = 2
times imitated = 0
[38.54634, 3.3125577, 154.94609, 37.44463, 60.54425, 151.0808, 2.0754144, 10.509454]
0.0022357437, [0.0, 0.0, 0.0, -50.73029, -29.439247, -19.830463], 3
evidence number = 2
times imitated = 0
[40.424133, 16.986774, 120.57745, 32.166626, 43.71489, 33.55298, 10.372218, 3.6629746]
3.798901, [43.723618, -10.160182, -46.116196, 0.0, 0.0, 0.0], 2
evidence number = 2
times imitated = 0
[44.76021, 29.853886, 83.05603, 29.15258, 37.933533, 23.318344, 6.1600623, 11.0907135]
0.6013403, [0.6640763, -52.391136, -46.944786, 0.0, 0.0, 0.0], -1
evidence number = 2
times imitated = 0
[15.620781, 28.465914, 170.4924, 26.972994, 14.121956, 16.21653, 15.087956, 8.353326]
0.40677714, [33.915863, -32.214874, -33.869263, 0.0, 0.0, 0.0], -1
evidence number = 2
times imitated = 0
[23.257477, 31.844233, 153.7344, 24.410143, 41.76198, 104.21563, 6.0450597, 14.377615]
0.0, [0.0, 0.0, 0.0, 22.588514, -67.35468, -10.056809], 4
evidence number = 2
times imitated = 0
[54.571503, 7.8858123, 1.6284485, 27.716705, 33.4001, 13.999695, 9.14013, 13.834989]
0.0, [0.0, 0.0, 0.0, 46.37111, 7.235274, -46.39362], 5
evidence number = 2
times imitated = 3
[139.48792, 3.1510406, 99.58765, 22.145536, 147.30261, 114.606415, 3.364758, 7.8198433]
0.5616431, [-39.476395, 7.4093523, 53.114246, 0.0, 0.0, 0.0], -1
evidence number = 2
times imitated = 0
[137.53284, 3.150005, 101.55028, 22.146173, 149.25493, 116.566666, 3.3649998, 7.8203945]
0.051137295, [0.0, 0.0, 0.0, 42.3188, 21.042126, -36.639072], 5
evidence number = 2
times imitated = 0
[9.629822, 4.83011, 77.73538, 23.292576, 29.83606, 59.906982, 5.361697, 9.282188]
6.626758, [-31.89682, -43.77051, -24.332668, 0.0, 0.0, 0.0], 1
evidence number = 2
times imitated = 0
[7.3130493, 7.598399, 70.34024, 23.99623, 18.56009, 46.162537, 7.887681, 10.915616]
9.070071, [-19.39788, -42.241554, -38.360565, 0.0, 0.0, 0.0], 1
evidence number = 2
times imitated = 0
[2.6509094, 9.445482, 69.409485, 24.700884, 18.273499, 43.073227, 9.674722, 12.289594]
7.5278754, [-14.558177, -41.35936, -44.082466, 0.0, 0.0, 0.0], 2
evidence number = 2
times imitated = 0
[37.4873, 25.105337, 120.27948, 25.03281, 16.555744, 35.643787, 8.830191, 20.462574]
0.0, [0.0, 0.0, 0.0, 40.000008, -19.999998, -39.999996], -1
evidence number = 2
times imitated = 0
[43.686127, 25.105337, 114.08066, 25.03281, 22.75457, 41.842613, 8.830191, 20.462574]
0.0, [0.0, 0.0, 0.0, 39.999992, -20.000004, -40.000008], 5
evidence number = 2
times imitated = 0
[62.06996, 25.105337, 95.69682, 25.03281, 41.138405, 60.226448, 8.830191, 20.462574]
0.0, [0.0, 0.0, 0.0, 40.0, -19.999998, -39.999996], -1
evidence number = 2
times imitated = 0
[155.33145, 26.729256, 6.778839, 25.03281, 145.05685, 156.74432, 10.11118, 22.351543]
0.0, [0.0, 0.0, 0.0, 51.338802, 14.143209, 34.517982], -1
evidence number = 2
times imitated = 0
[159.5217, 26.834717, 3.654663, 25.152575, 149.62253, 160.55083, 10.141227, 22.384155]
0.27268392, [-39.05095, 28.387201, 32.56185, 0.0, 0.0, 0.0], -1
evidence number = 2
times imitated = 0
[165.06497, 24.117527, 1.4971619, 28.440697, 148.3787, 164.93924, 7.5280833, 19.514635]
2.2138546, [-34.796783, 32.188957, 33.01426, 0.0, 0.0, 0.0], 0
evidence number = 2
times imitated = 0
[15.88534, 11.877731, 89.29358, 56.39342, 90.45566, 94.285706, 17.47045, 5.027542]
0.0, [0.0, 0.0, 0.0, -37.77543, -28.496256, -33.728313], 3
evidence number = 2
times imitated = 1
[160.75171, 28.208385, 25.095657, 32.237328, 135.55829, 160.1339, 13.8129635, 23.85296]
0.0028829372, [0.0, 0.0, 0.0, 81.94355, 6.3974867, 11.65896], -1
evidence number = 1
times imitated = 0
[53.406982, 16.229523, 30.982666, 57.867573, 1.4351196, 39.189056, 21.209764, 14.929906]
0.1799948, [-63.014305, -34.58712, -2.398577, 0.0, 0.0, 0.0], -1
evidence number = 1
times imitated = 0
[156.20874, 14.216034, 23.39566, 37.482327, 67.80559, 139.5112, 10.234494, 11.052216]
0.5998488, [-46.823452, 9.270049, 43.9065, 0.0, 0.0, 0.0], -1
evidence number = 1
times imitated = 0
[79.976135, 7.01727, 12.227386, 47.879646, 4.029541, 42.97792, 17.691149, 8.1489315]
0.0, [0.0, 0.0, 0.0, 12.445358, 29.18469, 58.369953], -1
evidence number = 1
times imitated = 0
[10.625946, 9.276511, 83.85632, 47.89865, 82.43616, 76.70523, 17.403864, 4.9434648]
1.4384326, [-1.2302071, 12.653131, 86.11666, 0.0, 0.0, 0.0], 0
evidence number = 1
times imitated = 0
[2.564911, 27.271471, 170.93149, 25.720778, 146.19662, 24.182953, 4.7721725, 6.410523]
0.8186709, [49.40534, -1.1859429, -49.40872, 0.0, 0.0, 0.0], -1
evidence number = 1
times imitated = 0
[21.021324, 29.722618, 148.5206, 23.211887, 145.1341, 103.33704, 12.100797, 3.571724]
0.29760018, [34.79721, 32.66234, -32.540447, 0.0, 0.0, 0.0], -1
evidence number = 1
times imitated = 0
[95.1518, 26.866116, 52.20987, 25.983505, 90.45561, 72.49272, 25.056456, 13.114602]
0.0, [0.0, 0.0, 0.0, 39.28064, -21.293394, -39.425964], 5
evidence number = 1
times imitated = 0
[84.56937, 17.47108, 12.162476, 55.188118, 68.15709, 27.858215, 16.246452, 19.182255]
0.71990514, [-62.51669, -23.063719, 14.41959, 0.0, 0.0, 0.0], -1
evidence number = 1
times imitated = 0
[5.88678, 16.835636, 95.84375, 55.855164, 100.142395, 97.01697, 4.9500384, 17.461926]
1.2256359, [-16.324282, -14.919912, 68.755806, 0.0, 0.0, 0.0], 0
evidence number = 1
times imitated = 0
[6.6481247, 21.054827, 158.19241, 27.415834, 27.864624, 5.156616, 4.592099, 16.261473]
0.0, [0.0, 0.0, 0.0, 75.14414, 10.58291, -14.272954], 5
evidence number = 1
times imitated = 0
[13.020325, 21.054827, 151.8202, 27.415834, 21.485172, 11.548828, 4.5919685, 16.263815]
0.0, [0.0, 0.0, 0.0, 88.93711, 10.677177, 0.3857146], -1
evidence number = 1
times imitated = 0
[18.947208, 21.059013, 145.92256, 27.415834, 12.783463, 18.284382, 4.533105, 16.365822]
0.0, [0.0, 0.0, 0.0, 73.49507, -5.417667, -21.087265], -1
evidence number = 1
times imitated = 0
[65.66962, 24.491852, 101.884796, 27.415834, 143.35225, 78.35609, 6.145387, 11.454984]
0.0, [0.0, 0.0, 0.0, 33.671494, -34.835194, -31.493315], 4
evidence number = 1
times imitated = 0
[68.06032, 25.280659, 97.50607, 27.325027, 153.87709, 83.510574, 6.7654486, 10.308547]
0.47955352, [19.5761, 38.33091, -42.092995, 0.0, 0.0, 0.0], -1
evidence number = 1
times imitated = 0
[52.311073, 27.698433, 97.8125, 27.049332, 143.13203, 172.32233, 4.718963, 3.4279966]
0.17926109, [-5.380745, 62.64639, -31.972862, 0.0, 0.0, 0.0], -1
evidence number = 1
times imitated = 0
[21.354076, 27.698704, 128.77214, 27.049332, 167.32104, 177.49629, 5.5797358, 6.7044797]
0.0, [0.0, 0.0, 0.0, -43.42351, -13.156791, 43.419693], 3
evidence number = 1
times imitated = 0
[17.161896, 28.060265, 132.1206, 26.796228, 159.51453, 173.39725, 5.819525, 7.755978]
0.3800972, [25.880697, 37.534996, -36.58431, 0.0, 0.0, 0.0], -1
evidence number = 1
times imitated = 0
[6.6753235, 6.587891, 99.835205, 55.091854, 100.882935, 108.15576, 17.693106, 5.421938]
1.2583451, [-12.291506, -13.77466, 73.93383, 0.0, 0.0, 0.0], 1
evidence number = 1
times imitated = 0
[164.76924, 15.308253, 78.09404, 35.595505, 146.89174, 130.01448, 14.137237, 15.07096]
0.29996622, [-10.371029, 39.871063, 49.757908, 0.0, 0.0, 0.0], -1
evidence number = 1
times imitated = 0
[173.10944, 1.5967565, 109.21019, 38.231907, 122.00508, 117.93608, 5.169953, 9.526231]
0.36036152, [-42.202686, -19.029839, 38.767475, 0.0, 0.0, 0.0], -1
evidence number = 1
times imitated = 0
[68.80133, 1.595952, 146.46689, 38.232174, 133.68085, 137.74515, 5.170019, 9.526362]
3.7832514E-4, [0.0, 0.0, 0.0, 23.574795, 21.940561, 54.484642], -1
evidence number = 1
times imitated = 0
[28.12056, 1.8901688, 101.84363, 37.974712, 65.79059, 91.79529, 3.5480673, 9.31065]
4.5370247E-4, [0.0, 0.0, 0.0, -36.502705, -18.241558, -45.255737], 5
evidence number = 1
times imitated = 0
[28.409142, 4.104863, 173.4887, 37.20552, 36.03247, 171.86311, 2.7091367, 10.503292]
0.24035437, [58.07105, 6.0346594, -35.89429, 0.0, 0.0, 0.0], -1
evidence number = 1
times imitated = 0
[6.9138412, 9.961984, 177.4686, 35.48938, 14.982254, 167.18964, 5.89982, 6.9334483]
0.83988124, [50.920998, -1.4071347, -47.671867, 0.0, 0.0, 0.0], -1
evidence number = 1
times imitated = 0
[16.48854, 24.086603, 156.60684, 27.736052, 17.006248, 16.539856, 19.182394, 7.397457]
0.8999857, [32.679287, -33.84367, -33.477047, 0.0, 0.0, 0.0], -1
evidence number = 1
times imitated = 0
[47.80543, 31.738304, 129.19456, 24.410143, 169.05739, 144.92055, 3.0560455, 20.097017]
0.0, [0.0, 0.0, 0.0, 35.3395, -29.309309, -35.35119], 5
evidence number = 1
times imitated = 0
[44.815334, 31.233774, 132.23956, 24.410143, 179.77132, 143.96292, 3.8752432, 21.359293]
0.0, [0.0, 0.0, 0.0, 32.45654, -34.919445, -32.62402], 4
evidence number = 1
times imitated = 0
[7.612091, 9.947049, 177.81245, 47.06935, 151.78084, 173.95738, 30.43023, 36.068993]
0.29999897, [35.01493, 33.01405, -31.97102, 0.0, 0.0, 0.0], -1
evidence number = 1
times imitated = 0
[42.913803, 2.2416105, 157.92722, 22.112097, 161.09943, 164.16919, 1.6935054, 7.3087616]
1.0641985, [50.35231, -14.301745, -35.345943, 0.0, 0.0, 0.0], 2
evidence number = 1
times imitated = 0
[127.60538, 2.1298735, 69.11978, 22.179665, 104.50113, 74.426056, 1.6413411, 7.35887]
0.18101601, [-52.937717, 2.3748307, 44.687454, 0.0, 0.0, 0.0], -1
evidence number = 1
times imitated = 0
[107.52432, 1.7910097, 61.023926, 22.46975, 65.13684, 61.67453, 1.5892617, 7.6025743]
1.1188657, [-53.925194, -15.421584, 30.653221, 0.0, 0.0, 0.0], 0
evidence number = 1
times imitated = 0
[41.459473, 7.8862834, 14.734039, 27.716705, 20.29451, 0.894104, 9.14013, 13.834989]
0.8341898, [-30.969433, -37.342255, -31.688313, 0.0, 0.0, 0.0], -1
evidence number = 1
times imitated = 0
[173.129, 7.8814416, 130.61188, 27.716705, 165.64041, 146.24002, 9.14013, 13.834989]
0.0, [0.0, 0.0, 0.0, -47.937336, -23.968668, -28.093994], 3
evidence number = 1
times imitated = 0
[167.3605, 7.1151276, 134.10886, 27.184855, 169.27966, 149.19376, 8.377715, 13.171348]
0.7789638, [27.733665, 37.181248, 35.085087, 0.0, 0.0, 0.0], -1
evidence number = 1
times imitated = 0
[40.58834, 2.9221544, 160.09103, 21.747744, 112.92588, 145.83875, 3.4331012, 7.8903937]
0.0, [0.0, 0.0, 0.0, -43.1149, -20.863337, -36.021763], 3
evidence number = 1
times imitated = 0
[126.72122, 1.9583064, 94.42569, 22.0807, 126.87436, 102.296265, 2.4014077, 7.4534745]
1.3400854, [9.945783, 51.002163, 39.052055, 0.0, 0.0, 0.0], -1
evidence number = 1
times imitated = 0
[21.361649, 13.890089, 40.989944, 26.58982, 6.69722, 12.899277, 13.750751, 15.69243]
0.5999921, [-22.180588, -38.39162, -39.427795, 0.0, 0.0, 0.0], -1
evidence number = 1
times imitated = 0
[63.258026, 14.154123, 13.195068, 30.064884, 49.681778, 34.22159, 14.9947405, 18.028517]
2.4639559, [-68.19624, -31.66204, 0.14171763, 0.0, 0.0, 0.0], 0
evidence number = 1
times imitated = 0
[69.337555, 14.153554, 19.26886, 30.064884, 55.75557, 40.29538, 14.9947405, 18.028517]
0.0, [0.0, 0.0, 0.0, 40.011093, 20.005547, 39.98336], -1
evidence number = 1
times imitated = 0
[179.23209, 13.265807, 128.25748, 29.615112, 164.83572, 148.94241, 14.171136, 17.33175]
0.8972486, [21.850182, 36.930244, 41.219574, 0.0, 0.0, 0.0], -1
evidence number = 1
times imitated = 0
[156.7431, 6.475717, 91.68649, 25.619818, 129.14153, 108.17087, 7.6458864, 11.752421]
0.5983431, [25.573475, 38.024326, 36.402203, 0.0, 0.0, 0.0], -1
evidence number = 1
times imitated = 0
[68.28943, 25.105337, 89.477356, 25.03281, 47.357872, 66.445915, 8.830191, 20.462574]
0.0, [0.0, 0.0, 0.0, 39.999996, -20.0, -40.0], 5
evidence number = 1
times imitated = 1
[165.61932, 26.36739, 5.5506287, 25.03281, 153.53275, 167.39124, 9.863603, 22.05969]
0.0, [0.0, 0.0, 0.0, 45.982533, 16.241137, 37.776333], -1
evidence number = 1
times imitated = 0
[18.601912, 10.244583, 91.301575, 56.39342, 92.46365, 91.397064, 17.47045, 4.5660863]
0.23993355, [-23.314873, -21.973442, -54.71169, 0.0, 0.0, 0.0], -1
evidence number = 1
times imitated = 0
[19.077612, 13.238064, 93.01126, 56.36028, 93.520355, 99.11505, 17.333157, 4.9856677]
1.4273942, [2.1394825, 14.348483, -83.51203, 0.0, 0.0, 0.0], 2
evidence number = 1
times imitated = 0
total contexts =170total imitated =38

POS IMITATED
5,RELROT:97.06204 MEDIST:27.438074 GOALROT:164.59973 GOALDIST:52.27077 OPPROT:164.6045;146.13843; OPPDIST34.695248;35.661934;
Change = goal dist: 0.0 opp dist: 0.0 me dist: 0.0
goal rot: -36.84513 opp rot: -3.9904094 me rot: 44.094524,3,
2,RELROT:64.31368 MEDIST:26.207314 GOALROT:38.11432 GOALDIST:47.165348 OPPROT:46.860867;72.39324; OPPDIST15.087736;3.3555079;
Change = goal dist: -59.774353 opp dist: 4.7513185 me dist: -9.147585
goal rot: 0.0 opp rot: 0.0 me rot: 0.0,0,
3,RELROT:94.07745 MEDIST:29.05782 GOALROT:7.7311707 GOALDIST:47.01145 OPPROT:8.209076;7.893402; OPPDIST4.9576855;17.443678;
Change = goal dist: -59.98813 opp dist: -22.416647 me dist: -11.41104
goal rot: 0.0 opp rot: 0.0 me rot: 0.0,0,
4,RELROT:159.92178 MEDIST:27.468208 GOALROT:107.547295 GOALDIST:52.27077 OPPROT:107.530266;146.2135; OPPDIST29.941856;22.635012;
Change = goal dist: 0.0 opp dist: 0.0 me dist: 0.0
goal rot: -43.00895 opp rot: -26.568792 me rot: -29.913254,3,
2,RELROT:25.731842 MEDIST:17.151648 GOALROT:13.859909 GOALDIST:51.626225 OPPROT:14.380692;16.36055; OPPDIST17.18153;4.718029;
Change = goal dist: -37.16358 opp dist: -31.2886 me dist: -31.547817
goal rot: 0.0 opp rot: 0.0 me rot: 0.0,0,
1,RELROT:86.84741 MEDIST:22.85825 GOALROT:46.691284 GOALDIST:52.226437 OPPROT:49.13748;46.893738; OPPDIST18.086987;8.7236395;
Change = goal dist: 0.0 opp dist: 0.0 me dist: 0.0
goal rot: -13.350956 opp rot: -6.4029393 me rot: -54.01393,5,
2,RELROT:55.459457 MEDIST:10.813864 GOALROT:37.435608 GOALDIST:47.77523 OPPROT:41.48822;72.334045; OPPDIST14.58069;2.4875267;
Change = goal dist: 0.0 opp dist: 0.0 me dist: 0.0
goal rot: 45.067825 opp rot: 10.901177 me rot: -44.030994,5,
1,RELROT:7.2046204 MEDIST:19.665293 GOALROT:88.709885 GOALDIST:56.308735 OPPROT:88.15349;89.79796; OPPDIST4.9259534;17.635132;
Change = goal dist: -14.073471 opp dist: 0.97818303 me dist: -84.47582
goal rot: 0.0 opp rot: 0.0 me rot: 0.0,2,
1,RELROT:120.919945 MEDIST:6.098073 GOALROT:55.685486 GOALDIST:28.56644 OPPROT:26.476624;55.726532; OPPDIST3.4479685;8.607712;
Change = goal dist: 0.0 opp dist: 0.0 me dist: 0.0
goal rot: -39.570957 opp rot: -20.841766 me rot: 8.440401,3,
1,RELROT:44.681355 MEDIST:7.5020137 GOALROT:92.002045 GOALDIST:28.56644 OPPROT:6.5309525;92.33252; OPPDIST4.6459517;6.885201;
Change = goal dist: 0.0 opp dist: 0.0 me dist: 0.0
goal rot: -32.95657 opp rot: -16.552256 me rot: 50.491173,3,
1,RELROT:86.45187 MEDIST:27.525774 GOALROT:6.2414246 GOALDIST:52.162567 OPPROT:6.1217957;4.7300415; OPPDIST17.314894;5.1128;
Change = goal dist: -47.416344 opp dist: -45.0908 me dist: -7.492856
goal rot: 0.0 opp rot: 0.0 me rot: 0.0,0,
1,RELROT:59.97104 MEDIST:16.454458 GOALROT:20.621216 GOALDIST:68.455055 OPPROT:28.95462;9.622681; OPPDIST37.20535;32.3514;
Change = goal dist: -45.620945 opp dist: -44.678143 me dist: -9.700913
goal rot: 0.0 opp rot: 0.0 me rot: 0.0,0,
1,RELROT:57.74237 MEDIST:10.974313 GOALROT:50.22693 GOALDIST:25.619818 OPPROT:51.23929;26.444061; OPPDIST5.373339;7.5380034;
Change = goal dist: 0.0 opp dist: 0.0 me dist: 0.0
goal rot: -60.58625 opp rot: -7.2698574 me rot: -15.465698,3,
2,RELROT:10.186353 MEDIST:13.935657 GOALROT:84.1158 GOALDIST:56.388046 OPPROT:82.9839;82.96901; OPPDIST17.36483;4.980874;
Change = goal dist: 0.21423292 opp dist: 9.6454735 me dist: -90.14029
goal rot: 0.0 opp rot: 0.0 me rot: 0.0,2,
3,RELROT:74.856964 MEDIST:14.72735 GOALROT:20.335388 GOALDIST:63.963955 OPPROT:29.549438;11.392639; OPPDIST25.713394;20.147993;
Change = goal dist: -50.55897 opp dist: -47.797523 me dist: 1.2171986
goal rot: 0.0 opp rot: 0.0 me rot: 0.0,0,
1,RELROT:18.253113 MEDIST:8.945356 GOALROT:114.402664 GOALDIST:54.17271 OPPROT:116.11531;121.10164; OPPDIST17.73866;5.259434;
Change = goal dist: 20.81366 opp dist: 30.134817 me dist: -49.05152
goal rot: 0.0 opp rot: 0.0 me rot: 0.0,2,
1,RELROT:106.86731 MEDIST:27.525427 GOALROT:14.173767 GOALDIST:52.16266 OPPROT:14.2925415;25.724884; OPPDIST17.314953;6.1347017;
Change = goal dist: -48.664062 opp dist: -48.790733 me dist: -2.5451996
goal rot: 0.0 opp rot: 0.0 me rot: 0.0,1,
6,RELROT:86.06221 MEDIST:7.4663486 GOALROT:23.409271 GOALDIST:25.619818 OPPROT:24.429626;17.759644; OPPDIST5.3738546;9.030719;
Change = goal dist: 0.0 opp dist: 0.0 me dist: 0.0
goal rot: -17.826408 opp rot: -1.1361041 me rot: -78.7731,5,
6,RELROT:64.1203 MEDIST:7.867435 GOALROT:51.283325 GOALDIST:25.619818 OPPROT:41.73517;41.285286; OPPDIST4.8035126;5.1636047;
Change = goal dist: 0.0 opp dist: 0.0 me dist: 0.0
goal rot: 53.687477 opp rot: -1.6336838 me rot: 44.678837,4,
1,RELROT:62.82303 MEDIST:16.454458 GOALROT:23.473206 GOALDIST:68.455055 OPPROT:32.34073;7.1982117; OPPDIST40.124012;35.282703;
Change = goal dist: -41.29593 opp dist: -41.426373 me dist: -17.277699
goal rot: 0.0 opp rot: 0.0 me rot: 0.0,1,
1,RELROT:78.14877 MEDIST:7.739242 GOALROT:21.38852 GOALDIST:25.619818 OPPROT:22.408875;13.417175; OPPDIST5.3738546;9.067297;
Change = goal dist: 0.0 opp dist: 0.0 me dist: 0.0
goal rot: -46.73137 opp rot: -10.061616 me rot: -43.207016,3,
1,RELROT:31.788918 MEDIST:7.86128 GOALROT:160.23515 GOALDIST:25.619818 OPPROT:77.78024;46.964783; OPPDIST6.250573;5.9023523;
Change = goal dist: 0.0 opp dist: 0.0 me dist: 0.0
goal rot: -19.932775 opp rot: -39.85241 me rot: 40.214817,4,
3,RELROT:90.32309 MEDIST:14.543195 GOALROT:11.315521 GOALDIST:57.64547 OPPROT:23.36676;23.087433; OPPDIST17.613455;9.205179;
Change = goal dist: -50.0812 opp dist: -46.650032 me dist: 3.2687712
goal rot: 0.0 opp rot: 0.0 me rot: 0.0,0,

NONPOS IMITATED
1,RELROT:92.864716 MEDIST:17.500017 GOALROT:3.8671265 GOALDIST:54.001415 OPPROT:76.45155;36.152786; OPPDIST16.086903;18.312086;
Change = goal dist: -58.27971 opp dist: -6.576642 me dist: 26.459759
goal rot: 0.0 opp rot: 0.0 me rot: 0.0,0,
1,RELROT:36.059055 MEDIST:8.880097 GOALROT:56.210377 GOALDIST:47.879 OPPROT:73.74188;39.037964; OPPDIST17.642475;6.741018;
Change = goal dist: 0.0 opp dist: 0.0 me dist: 0.0
goal rot: -37.079327 opp rot: 12.3206005 me rot: 45.059788,3,
4,RELROT:8.91127 MEDIST:9.650075 GOALROT:178.85681 GOALDIST:47.36927 OPPROT:153.07487;174.97873; OPPDIST30.69733;34.801556;
Change = goal dist: 0.0 opp dist: 0.0 me dist: 0.0
goal rot: -40.198757 opp rot: -18.062313 me rot: 41.73893,3,
4,RELROT:14.193649 MEDIST:7.401323 GOALROT:50.309692 GOALDIST:25.619818 OPPROT:49.289337;52.70221; OPPDIST5.3738546;9.008262;
Change = goal dist: 0.0 opp dist: 0.0 me dist: 0.0
goal rot: -38.17722 opp rot: -13.764164 me rot: 43.646046,3,
1,RELROT:142.56863 MEDIST:18.116243 GOALROT:14.820862 GOALDIST:44.362923 OPPROT:130.00345;78.84781; OPPDIST16.206821;12.081656;
Change = goal dist: -43.372185 opp dist: 21.64728 me dist: 34.980534
goal rot: 0.0 opp rot: 0.0 me rot: 0.0,0,
1,RELROT:47.421875 MEDIST:11.985108 GOALROT:135.50993 GOALDIST:35.48938 OPPROT:55.74244;141.33482; OPPDIST7.207567;4.0445495;
Change = goal dist: 0.0 opp dist: 0.0 me dist: 0.0
goal rot: 40.994602 opp rot: 16.678888 me rot: -40.385563,5,
1,RELROT:95.73876 MEDIST:6.039395 GOALROT:99.4176 GOALDIST:47.36927 OPPROT:134.92093;104.79053; OPPDIST9.896434;13.99591;
Change = goal dist: 0.0 opp dist: 0.0 me dist: 0.0
goal rot: -52.92008 opp rot: -29.091217 me rot: 14.9794445,3,
2,RELROT:44.745926 MEDIST:9.647427 GOALROT:145.31216 GOALDIST:47.36927 OPPROT:174.07355;149.88565; OPPDIST20.021416;22.869024;
Change = goal dist: 0.0 opp dist: 0.0 me dist: 0.0
goal rot: -38.28969 opp rot: -19.077795 me rot: 42.632515,3,
2,RELROT:118.45056 MEDIST:15.59845 GOALROT:31.967773 GOALDIST:35.53702 OPPROT:100.93642;84.27106; OPPDIST14.390625;15.267244;
Change = goal dist: 0.0 opp dist: 0.0 me dist: 0.0
goal rot: 1.59449 opp rot: -26.67461 me rot: -49.96308,5,
1,RELROT:1.3710403 MEDIST:9.124337 GOALROT:174.84647 GOALDIST:35.48938 OPPROT:11.819542;165.89874; OPPDIST5.5607047;7.235465;
Change = goal dist: 54.595795 opp dist: 0.49313655 me dist: -44.445377
goal rot: 0.0 opp rot: 0.0 me rot: 0.0,2,
1,RELROT:8.551636 MEDIST:16.634344 GOALROT:174.19159 GOALDIST:38.025837 OPPROT:150.87045;178.96808; OPPDIST22.015537;34.176643;
Change = goal dist: 34.81201 opp dist: 32.88904 me dist: -32.298943
goal rot: 0.0 opp rot: 0.0 me rot: 0.0,2,
2,RELROT:31.239075 MEDIST:7.886508 GOALROT:24.950867 GOALDIST:27.716705 OPPROT:10.0776825;9.322723; OPPDIST9.14013;13.834989;
Change = goal dist: -31.651665 opp dist: -40.808075 me dist: -27.54026
goal rot: 0.0 opp rot: 0.0 me rot: 0.0,1,
2,RELROT:91.92352 MEDIST:7.884628 GOALROT:35.707184 GOALDIST:27.716705 OPPROT:70.73573;51.335327; OPPDIST9.14013;13.834989;
Change = goal dist: 0.0 opp dist: 0.0 me dist: 0.0
goal rot: 1.7211399 opp rot: -17.244453 me rot: -51.832336,5,
1,RELROT:153.90512 MEDIST:25.107763 GOALROT:3.862854 GOALDIST:25.03281 OPPROT:132.98936;152.81668; OPPDIST8.8318;20.69453;
Change = goal dist: 0.0 opp dist: 0.0 me dist: 0.0
goal rot: 39.966152 opp rot: -20.066982 me rot: -39.96686,5,
2,RELROT:146.78049 MEDIST:6.7649074 GOALROT:2.324463 GOALDIST:46.834335 OPPROT:13.900726;106.45003; OPPDIST11.784724;3.344065;
Change = goal dist: -45.049072 opp dist: 13.290382 me dist: 41.660545
goal rot: 0.0 opp rot: 0.0 me rot: 0.0,0,
1,RELROT:165.69452 MEDIST:11.432107 GOALROT:76.6098 GOALDIST:36.34223 OPPROT:141.4112;121.7117; OPPDIST10.829305;12.624475;
Change = goal dist: -28.8416 opp dist: 23.629866 me dist: 47.528534
goal rot: 0.0 opp rot: 0.0 me rot: 0.0,0,
1,RELROT:33.177635 MEDIST:26.86963 GOALROT:97.699615 GOALDIST:29.159456 OPPROT:29.485641;5.8763123; OPPDIST14.003105;12.481871;
Change = goal dist: 25.484451 opp dist: -33.97308 me dist: -40.542465
goal rot: 0.0 opp rot: 0.0 me rot: 0.0,2,
4,RELROT:169.43193 MEDIST:15.097005 GOALROT:8.421082 GOALDIST:37.979008 OPPROT:56.250244;165.1188; OPPDIST4.083581;10.453744;
Change = goal dist: -35.68815 opp dist: 30.02376 me dist: 34.288094
goal rot: 0.0 opp rot: 0.0 me rot: 0.0,0,
1,RELROT:65.31966 MEDIST:7.43969 GOALROT:90.746796 GOALDIST:36.924957 OPPROT:70.550354;30.18695; OPPDIST9.854637;8.683926;
Change = goal dist: 0.0 opp dist: 0.0 me dist: 0.0
goal rot: 43.08384 opp rot: -13.809547 me rot: -43.106613,5,
3,RELROT:54.571503 MEDIST:7.8858123 GOALROT:1.6284485 GOALDIST:27.716705 OPPROT:33.4001;13.999695; OPPDIST9.14013;13.834989;
Change = goal dist: 0.0 opp dist: 0.0 me dist: 0.0
goal rot: 46.37111 opp rot: 7.2352734 me rot: -46.39362,5,
1,RELROT:15.88534 MEDIST:11.877731 GOALROT:89.29358 GOALDIST:56.39342 OPPROT:90.45566;94.285706; OPPDIST17.47045;5.027542;
Change = goal dist: 0.0 opp dist: 0.0 me dist: 0.0
goal rot: -37.77543 opp rot: -28.496258 me rot: -33.728313,3,
1,RELROT:68.28943 MEDIST:25.105337 GOALROT:89.477356 GOALDIST:25.03281 OPPROT:47.357872;66.445915; OPPDIST8.830191;20.462574;
Change = goal dist: 0.0 opp dist: 0.0 me dist: 0.0
goal rot: 39.999996 opp rot: -20.0 me rot: -40.0,5,

