POS CONTEXTS:
[125.7939, 24.176592, 35.96848, 6.3800483, 108.96436, 64.38441, 11.033576, 4.4113846]
0.0012993852, [0.0, 0.0, 0.0, 27.136517, 1.5066682, -71.35681], 5
evidence number = 19
times imitated = 0
[86.99817, 28.91669, 26.563873, 31.08944, 26.516724, 27.125458, 4.73993, 8.825033]
4.3613486, [-77.33169, -18.42852, -4.2397923, 0.0, 0.0, 0.0], 0
evidence number = 18
times imitated = 0
[133.66257, 6.9434085, 29.328323, 14.28116, 15.325643, 31.662354, 3.4862185, 9.018143]
0.0013275043, [0.0, 0.0, 0.0, 33.45584, 15.376578, -51.167583], 5
evidence number = 17
times imitated = 1
[25.219547, 5.036349, 99.72075, 35.995193, 68.68364, 80.09932, 7.1070275, 10.320855]
0.0, [0.0, 0.0, 0.0, -65.774445, -32.16914, 2.0564234], 3
evidence number = 14
times imitated = 0
[172.81784, 14.379323, 57.03232, 21.272846, 115.00845, 150.59282, 6.170976, 6.5143175]
3.1058593, [-29.81888, 28.988686, 41.192432, 0.0, 0.0, 0.0], 0
evidence number = 14
times imitated = 0
[71.93863, 6.857719, 59.325073, 21.63383, 120.619804, 79.15344, 3.9333851, 7.320735]
4.384076, [-42.478977, 46.595997, 10.925031, 0.0, 0.0, 0.0], 0
evidence number = 13
times imitated = 0
[45.72203, 13.023545, 35.20012, 26.828884, 36.195038, 32.83223, 4.408192, 8.355169]
3.1525915, [-43.570446, -17.63696, -38.79259, 0.0, 0.0, 0.0], 0
evidence number = 13
times imitated = 0
[87.6106, 14.365388, 25.642334, 38.949272, 55.414738, 64.502396, 10.916202, 4.7166643]
4.290966, [-68.21162, 11.665874, 20.122509, 0.0, 0.0, 0.0], 0
evidence number = 13
times imitated = 1
[25.084248, 16.685955, 156.88095, 38.00932, 156.6212, 106.104385, 39.541603, 20.874033]
3.9257016E-4, [0.0, 0.0, 0.0, -44.282196, 5.30145, 50.41635], 3
evidence number = 13
times imitated = 0
[114.47749, 32.154335, 36.409973, 34.774517, 94.02692, 54.45334, 4.2222376, 9.121155]
0.0021283077, [0.0, 0.0, 0.0, 29.676542, 11.859293, -58.46417], 5
evidence number = 13
times imitated = 0
[173.68326, 27.560232, 57.773865, 33.187443, 61.24063, 59.512146, 4.7117085, 8.683952]
3.437232, [-31.574308, -9.288395, 59.13729, 0.0, 0.0, 0.0], 0
evidence number = 12
times imitated = 0
[154.25607, 24.561157, 49.315735, 42.174335, 129.36833, 74.020996, 8.113848, 14.286615]
5.9508953, [-46.589287, 5.7082233, 47.702488, 0.0, 0.0, 0.0], 0
evidence number = 12
times imitated = 1
[167.46002, 17.39412, 43.52556, 42.640247, 155.35738, 68.450386, 10.212282, 9.335114]
3.9948862, [-38.116688, 17.838802, 44.04451, 0.0, 0.0, 0.0], 0
evidence number = 11
times imitated = 0
[143.88017, 12.372483, 141.44028, 52.27089, 140.3534, 142.35767, 6.357779, 17.813572]
0.0, [0.0, 0.0, 0.0, -16.369787, -8.79263, -74.837585], 5
evidence number = 11
times imitated = 0
[151.2405, 18.325241, 43.808624, 18.614939, 61.36783, 71.78232, 3.4882169, 8.052402]
0.0, [0.0, 0.0, 0.0, 24.72627, 3.6876981, -71.58604], 5
evidence number = 11
times imitated = 0
[40.466343, 1.9697125, 47.191875, 29.79338, 47.07595, 96.361176, 8.626728, 2.2587323]
7.4330246E-4, [0.0, 0.0, 0.0, -36.686386, -15.814757, 47.49886], 3
evidence number = 11
times imitated = 0
[28.907509, 3.9917662, 146.15683, 29.795635, 144.45221, 99.9727, 5.1697874, 2.534424]
7.557002E-4, [0.0, 0.0, 0.0, -72.660324, 18.992512, -8.347168], 3
evidence number = 11
times imitated = 0
[122.1512, 10.890457, 30.059174, 56.146908, 34.157013, 29.825012, 4.921146, 17.512379]
0.0, [0.0, 0.0, 0.0, 27.160612, 13.803146, -59.036236], 5
evidence number = 11
times imitated = 1
[70.227394, 13.036465, 38.971966, 36.785236, 36.101894, 39.420975, 9.047398, 5.03718]
0.0, [0.0, 0.0, 0.0, 42.450592, 21.351837, -36.197575], 5
evidence number = 10
times imitated = 0
[15.389986, 8.269256, 124.09859, 36.785236, 121.222, 62.090042, 9.047627, 6.2074533]
0.0, [0.0, 0.0, 0.0, -72.61225, -18.035234, 9.352518], 3
evidence number = 9
times imitated = 0
[27.217178, 4.3953466, 178.26184, 37.947834, 13.28376, 174.11676, 6.346907, 10.42962]
0.0, [0.0, 0.0, 0.0, -64.79445, -29.2559, -5.949647], 3
evidence number = 9
times imitated = 0
[8.104019, 5.622661, 83.553665, 35.995193, 42.73613, 60.767075, 7.7932553, 10.698344]
0.0, [0.0, 0.0, 0.0, -37.919964, -11.823895, 50.256138], 3
evidence number = 9
times imitated = 0
[50.805298, 9.32274, 124.60574, 52.27089, 123.9202, 123.68802, 5.103463, 17.813625]
0.0, [0.0, 0.0, 0.0, -44.722664, -22.361332, -32.916], 3
evidence number = 9
times imitated = 1
[136.5251, 6.9427533, 90.87694, 14.284163, 136.28133, 104.956665, 5.84888, 9.319275]
0.0013254756, [0.0, 0.0, 0.0, -62.318645, -34.890602, -2.79075], 3
evidence number = 9
times imitated = 0
[70.65152, 17.683817, 45.694214, 17.36293, 61.64514, 48.83853, 2.7593215, 8.154058]
5.5239267, [-35.638638, 43.323048, -21.038311, 0.0, 0.0, 0.0], 0
evidence number = 9
times imitated = 0
[114.510315, 1.9693736, 26.795227, 29.791138, 26.911102, 29.13208, 8.624429, 4.696991]
6.8212976, [-47.62766, 0.14764884, 52.22469, 0.0, 0.0, 0.0], 0
evidence number = 9
times imitated = 0
[61.605133, 17.778633, 51.43576, 52.128006, 65.130035, 83.973114, 24.588095, 9.0085]
4.9272676, [-58.778404, 1.2524532, -39.969143, 0.0, 0.0, 0.0], 0
evidence number = 9
times imitated = 1
[165.01439, 10.890457, 72.92236, 56.146908, 93.64313, 79.84726, 4.8600707, 17.21979]
0.0, [0.0, 0.0, 0.0, -39.501987, -20.996035, -39.501987], 3
evidence number = 9
times imitated = 0
[86.797516, 24.588314, 13.33432, 67.86692, 21.60794, 14.859283, 3.7944694, 16.273514]
0.0, [0.0, 0.0, 0.0, 36.58159, 17.995079, -45.423332], 5
evidence number = 9
times imitated = 0
[159.1526, 10.128371, 57.136078, 42.677887, 79.13861, 147.93614, 13.07929, 7.0108533]
3.2982798, [-34.413662, 19.3559, 46.230434, 0.0, 0.0, 0.0], 0
evidence number = 8
times imitated = 0
[15.151642, 23.734495, 108.448975, 6.560122, 33.12442, 105.783325, 10.66192, 3.7137764]
5.2055025, [39.598923, 3.9969847, -56.404083, 0.0, 0.0, 0.0], 2
evidence number = 8
times imitated = 0
[154.6707, 8.135548, 85.18466, 18.5076, 145.39673, 124.52478, 5.964945, 9.482741]
0.0014285761, [0.0, 0.0, 0.0, -57.056553, -37.95446, -4.9889836], 3
evidence number = 8
times imitated = 0
[165.1734, 19.835974, 40.36264, 22.43124, 38.98044, 39.835907, 3.5348423, 9.068256]
0.0013545832, [0.0, 0.0, 0.0, 19.22633, 10.244825, -70.52885], 5
evidence number = 8
times imitated = 0
[48.66944, 4.8858647, 154.25961, 52.212852, 125.31779, 154.67697, 31.97568, 17.807417]
0.0, [0.0, 0.0, 0.0, -40.19778, -19.605, -40.197216], 3
evidence number = 8
times imitated = 0
[10.125519, 8.876188, 71.316895, 53.981358, 62.15384, 72.387115, 5.7898784, 17.350435]
0.0, [0.0, 0.0, 0.0, -37.13842, -18.72234, 44.139244], 3
evidence number = 8
times imitated = 0
[143.4353, 5.017741, 7.8809814, 35.58907, 11.607086, 7.0375366, 8.610554, 4.8011823]
6.0392585, [-46.5424, -19.779255, 33.678345, 0.0, 0.0, 0.0], 0
evidence number = 8
times imitated = 1
[151.3794, 29.07657, 37.817352, 31.567045, 37.811737, 37.261475, 5.0171423, 9.071165]
0.0, [0.0, 0.0, 0.0, 17.145475, 9.372345, -73.48218], 5
evidence number = 8
times imitated = 0
[165.43532, 17.778633, 175.60469, 52.128006, 145.78984, 120.1429, 54.150383, 39.328735]
0.0, [0.0, 0.0, 0.0, -47.666733, 28.087421, -24.245842], 3
evidence number = 8
times imitated = 1
[32.850525, 24.570948, 99.79496, 34.808674, 124.001884, 111.834236, 6.07387, 9.698503]
0.0, [0.0, 0.0, 0.0, -38.339466, -23.321066, 38.339466], 3
evidence number = 8
times imitated = 0
[169.86104, 15.734822, 59.814392, 47.102184, 107.7207, 67.42047, 4.405927, 15.776818]
6.3720484, [-33.503006, 15.34506, 51.151936, 0.0, 0.0, 0.0], 0
evidence number = 8
times imitated = 0
[140.73949, 13.630424, 56.526413, 49.360737, 78.73097, 59.588974, 4.174692, 16.640259]
7.0690856, [-32.8296, 6.9492908, 60.22111, 0.0, 0.0, 0.0], 0
evidence number = 8
times imitated = 0
[104.64947, 3.354969, 160.16534, 59.41535, 125.7214, 136.21698, 24.56801, 36.1465]
0.0, [0.0, 0.0, 0.0, -43.103825, -7.400988, 49.495186], 3
evidence number = 8
times imitated = 0
[171.82542, 8.135751, 51.672287, 18.50621, 82.480515, 83.5804, 3.8368127, 9.041975]
0.0013394468, [0.0, 0.0, 0.0, -39.081196, -26.521635, -34.397175], 3
evidence number = 7
times imitated = 0
[115.32976, 13.836348, 34.428467, 27.944908, 55.849136, 89.11171, 4.6711197, 10.689673]
0.002682495, [0.0, 0.0, 0.0, 25.506857, -14.183816, -60.309326], 5
evidence number = 7
times imitated = 0
[95.766945, 19.83786, 29.044312, 22.429354, 30.414886, 29.567505, 3.5328083, 9.0665]
0.0011755751, [0.0, 0.0, 0.0, 40.00062, 19.999012, -40.00037], 5
evidence number = 7
times imitated = 0
[153.8404, 17.77174, 59.740128, 28.026909, 133.94202, 113.770035, 7.176409, 8.789011]
5.692343, [-37.50312, 19.882456, 42.61442, 0.0, 0.0, 0.0], 0
evidence number = 7
times imitated = 0
[94.76831, 17.502743, 118.14856, 55.585133, 90.7811, 116.36273, 43.115, 40.739655]
0.0021643979, [0.0, 0.0, 0.0, -39.99801, -19.997953, -40.00404], 5
evidence number = 7
times imitated = 0
[160.75537, 20.385162, 33.59471, 39.849575, 31.933563, 32.636826, 25.673847, 4.9726195]
4.435274E-4, [0.0, 0.0, 0.0, 13.987019, 8.659358, -77.35362], 5
evidence number = 7
times imitated = 0
[143.09201, 20.38534, 89.745056, 39.848934, 87.77611, 114.79471, 39.094296, 6.6912656]
4.0696375E-4, [0.0, 0.0, 0.0, -56.196373, -36.528767, 7.274862], 3
evidence number = 7
times imitated = 0
[100.393616, 16.686357, 85.507324, 38.009686, 84.69693, 104.732895, 39.532578, 6.6463094]
7.027201, [16.605814, 45.91633, 37.477856, 0.0, 0.0, 0.0], -1
evidence number = 7
times imitated = 0
[163.49608, 27.146872, 49.982666, 33.39709, 130.31084, 80.091736, 4.850288, 9.894281]
2.58395, [-41.83871, 15.330116, 42.83117, 0.0, 0.0, 0.0], 0
evidence number = 7
times imitated = 0
[79.59833, 1.9695663, 8.081329, 29.792353, 7.964813, 5.7481384, 8.625643, 4.697081]
7.6396123E-4, [0.0, 0.0, 0.0, 34.71565, 19.793262, 45.491085], -1
evidence number = 7
times imitated = 0
[149.73723, 17.778633, 139.56786, 52.128006, 165.87129, 167.79509, 42.558273, 27.584435]
0.0, [0.0, 0.0, 0.0, -40.178017, -19.643967, -40.178017], 3
evidence number = 7
times imitated = 0
[68.969124, 24.570948, 63.67636, 34.808674, 67.782196, 65.89612, 5.093257, 9.090722]
0.0, [0.0, 0.0, 0.0, -33.911987, -18.473919, 47.614098], 3
evidence number = 7
times imitated = 0
[57.284454, 21.600517, 60.803802, 52.901855, 64.65958, 60.84915, 4.888159, 17.143217]
0.0, [0.0, 0.0, 0.0, -42.11095, -21.089697, -36.79935], 3
evidence number = 7
times imitated = 0
[118.95056, 22.80617, 125.90613, 53.886623, 126.753265, 148.3659, 25.482704, 36.851933]
0.0, [0.0, 0.0, 0.0, -38.26529, -23.46942, -38.26529], 3
evidence number = 7
times imitated = 2
[85.99436, 23.388073, 15.199036, 72.92327, 15.684479, 15.304749, 4.9718127, 17.454645]
3.103349, [-45.923946, -37.790035, 16.286016, 0.0, 0.0, 0.0], 0
evidence number = 7
times imitated = 0
[40.6081, 4.3052998, 78.2435, 31.660095, 84.9259, 95.1263, 8.384345, 4.388524]
2.017804, [22.989956, 37.009632, -40.000412, 0.0, 0.0, 0.0], 2
evidence number = 6
times imitated = 0
[40.54451, 12.181738, 78.09914, 52.169544, 77.39891, 70.79039, 23.327442, 8.303005]
6.168774, [-27.80214, -4.3066144, -67.89124, 0.0, 0.0, 0.0], 2
evidence number = 6
times imitated = 0
[26.080452, 10.356311, 98.11485, 12.348868, 99.798584, 105.25336, 3.5078702, 8.895524]
7.047849, [13.315111, 45.70677, -40.978115, 0.0, 0.0, 0.0], 2
evidence number = 6
times imitated = 0
[22.574501, 14.5459385, 146.738, 12.349742, 99.974785, 153.87454, 4.779116, 8.896302]
8.002011E-4, [0.0, 0.0, 0.0, -48.779846, -24.38885, 26.831308], 3
evidence number = 6
times imitated = 0
[3.998291, 24.180979, 93.78285, 6.3806844, 20.822845, 87.88118, 11.037955, 3.5676613]
0.42760214, [24.103086, -15.76482, -60.1321, 0.0, 0.0, 0.0], -1
evidence number = 6
times imitated = 0
[118.22203, 9.518005, 25.726837, 18.502617, 26.955902, 26.130127, 3.5127487, 9.015037]
3.8414147, [-45.04477, -23.93879, 31.016436, 0.0, 0.0, 0.0], 0
evidence number = 6
times imitated = 0
[148.65848, 8.1604, 27.83609, 18.504877, 26.629364, 40.868774, 3.5121741, 8.680312]
0.0016835242, [0.0, 0.0, 0.0, 30.525604, 8.599034, -60.875362], 5
evidence number = 6
times imitated = 0
[37.74115, 6.566513, 52.4209, 37.947834, 51.59897, 52.65735, 5.077548, 8.929953]
7.858386, [-71.07592, -0.75456184, -28.169521, 0.0, 0.0, 0.0], 0
evidence number = 6
times imitated = 0
[177.93826, 20.415716, 57.903168, 22.433506, 83.83649, 66.88403, 3.1476762, 8.088391]
0.0013013274, [0.0, 0.0, 0.0, -40.497036, -24.162281, -35.340683], 3
evidence number = 6
times imitated = 0
[142.28754, 7.177702, 54.637115, 33.77769, 57.857574, 56.301178, 4.750128, 8.757794]
6.403125, [-38.72354, -5.2752233, 56.00123, 0.0, 0.0, 0.0], 0
evidence number = 6
times imitated = 0
[124.090485, 5.0363164, 47.124573, 35.995193, 46.567596, 49.41687, 4.988458, 9.083136]
2.656565, [-38.115837, -27.708536, 34.175625, 0.0, 0.0, 0.0], 0
evidence number = 6
times imitated = 0
[165.11343, 9.981472, 65.78421, 17.141703, 127.108185, 159.42961, 6.178665, 3.33189]
0.0010720333, [0.0, 0.0, 0.0, -35.472332, -50.903576, -13.624096], 4
evidence number = 6
times imitated = 0
[110.749664, 3.7679958, 37.58252, 25.206707, 39.137756, 37.12555, 8.715815, 5.072824]
7.4241734, [-50.44761, -12.720304, 36.832085, 0.0, 0.0, 0.0], 0
evidence number = 6
times imitated = 0
[119.93304, 20.55737, 26.269958, 25.821535, 17.654877, 105.77388, 6.814541, 2.5704029]
0.6997579, [-60.039665, -18.88421, 21.076122, 0.0, 0.0, 0.0], -1
evidence number = 6
times imitated = 0
[82.05908, 8.185242, 3.3197021, 53.981358, 6.4792786, 2.2494812, 5.2346597, 17.350435]
9.048029, [-47.339485, -18.832163, 33.82835, 0.0, 0.0, 0.0], 0
evidence number = 6
times imitated = 0
[148.8068, 4.79422, 27.40271, 23.556145, 21.33641, 18.623917, 3.0836444, 6.808579]
4.364443, [-41.90651, -17.02456, 41.06893, 0.0, 0.0, 0.0], 0
evidence number = 6
times imitated = 0
[153.99615, 5.707214, 2.9570312, 23.556145, 136.38113, 130.47018, 1.9829942, 7.6955867]
0.0, [0.0, 0.0, 0.0, 35.75952, -54.682816, -9.557659], 4
evidence number = 6
times imitated = 0
[114.51024, 9.627397, 73.81445, 35.826675, 105.074005, 140.65958, 8.697413, 6.705717]
0.0, [0.0, 0.0, 0.0, -32.407497, -36.01928, 31.573223], 4
evidence number = 6
times imitated = 1
[151.81099, 10.501343, 44.2101, 46.57941, 101.60277, 67.46422, 6.8645825, 16.549158]
6.101936, [-45.82361, -2.4675117, 51.708878, 0.0, 0.0, 0.0], 0
evidence number = 6
times imitated = 0
[164.24007, 36.962265, 54.357178, 29.453342, 53.819733, 56.61566, 5.0166464, 8.861639]
3.3024256, [-31.861914, -19.654503, 48.483585, 0.0, 0.0, 0.0], 0
evidence number = 6
times imitated = 0
[120.10145, 24.570948, 12.544037, 34.808674, 16.658936, 14.754089, 5.0950265, 9.090285]
0.0, [0.0, 0.0, 0.0, 38.773838, 17.94905, 43.27711], -1
evidence number = 6
times imitated = 0
[50.4768, 32.156944, 58.606384, 34.770992, 59.319946, 59.196625, 5.068794, 8.999785]
3.5662384, [-12.071783, 10.668808, -77.25941, 0.0, 0.0, 0.0], 2
evidence number = 6
times imitated = 0
[73.89549, 18.842041, 54.84462, 51.950497, 57.20793, 55.44481, 4.6945233, 17.178637]
3.6343563, [-63.67557, -33.55309, 2.771343, 0.0, 0.0, 0.0], 0
evidence number = 6
times imitated = 0
[14.010498, 21.600517, 17.529846, 52.901855, 21.38562, 17.575195, 4.888159, 17.143217]
0.0, [0.0, 0.0, 0.0, 34.650604, 17.23858, 48.110817], -1
evidence number = 6
times imitated = 0
[155.77148, 3.354969, 100.25562, 59.41535, 113.785805, 105.77891, 6.9883432, 19.587564]
2.9330258, [-38.543686, -16.911688, 44.54463, 0.0, 0.0, 0.0], 0
evidence number = 6
times imitated = 0
[14.469849, 27.513517, 32.848022, 72.920044, 32.557495, 33.59659, 4.9654098, 18.235147]
0.006069733, [0.0, 0.0, 0.0, -28.125572, -14.104909, 57.769524], 3
evidence number = 6
times imitated = 0
[21.088554, 2.2914376, 113.071625, 32.311436, 119.575836, 126.506805, 9.452745, 5.574097]
0.45457017, [15.27728, 39.17219, -45.55053, 0.0, 0.0, 0.0], -1
evidence number = 5
times imitated = 0
[8.785156, 11.49985, 42.724976, 33.90708, 43.29126, 34.985535, 8.628504, 4.0012245]
3.4606752, [-29.696768, -13.700487, -56.602745, 0.0, 0.0, 0.0], 2
evidence number = 5
times imitated = 0
[3.370224, 12.099445, 105.822136, 36.785236, 102.94555, 106.536736, 9.047627, 5.0588846]
0.0, [0.0, 0.0, 0.0, 41.73799, 20.868996, 37.393013], -1
evidence number = 5
times imitated = 0
[49.574844, 4.0613756, 31.702805, 49.717537, 30.523514, 20.82051, 17.457666, 5.9155474]
7.8848977, [-50.985996, -22.725523, 26.288473, 0.0, 0.0, 0.0], 0
evidence number = 5
times imitated = 0
[99.1436, 12.629712, 131.66652, 52.169544, 130.63765, 119.6154, 27.63904, 14.775502]
0.0, [0.0, 0.0, 0.0, -37.41605, -16.714285, -45.869663], 5
evidence number = 5
times imitated = 0
[161.57614, 14.351986, 44.971497, 11.307556, 128.25438, 58.449432, 2.6784039, 5.7574215]
5.5383315, [-20.27273, 31.260391, 48.466877, 0.0, 0.0, 0.0], 0
evidence number = 5
times imitated = 0
[144.6864, 11.628364, 38.93976, 15.0943775, 70.23245, 43.804657, 2.4820483, 7.856564]
6.7068906, [-43.532715, -3.8861792, 52.58111, 0.0, 0.0, 0.0], 0
evidence number = 5
times imitated = 0
[147.42847, 13.76604, 66.58826, 27.986204, 128.11932, 141.1661, 6.1486325, 14.778381]
0.01971542, [0.0, 0.0, 0.0, -35.066628, -29.887789, -35.045586], 3
evidence number = 5
times imitated = 0
[148.58505, 9.792758, 69.87694, 29.44683, 162.67229, 141.2649, 9.429039, 11.090251]
2.0220008, [-17.199648, 41.99017, 40.81018, 0.0, 0.0, 0.0], 0
evidence number = 5
times imitated = 0
[151.67482, 9.885984, 55.927307, 31.80964, 87.07843, 68.998535, 3.917603, 7.579498]
5.871555, [-20.654577, 33.850777, 45.494644, 0.0, 0.0, 0.0], 0
evidence number = 5
times imitated = 0
[71.18298, 5.0363164, 5.7829285, 35.995193, 6.3276978, 3.481964, 4.987792, 9.083352]
0.0, [0.0, 0.0, 0.0, 38.97439, 19.91, 41.11561], -1
evidence number = 5
times imitated = 0
[148.7492, 9.982023, 19.633636, 17.139908, 22.555878, 18.569672, 8.526484, 3.5657148]
0.76778406, [-39.0845, -39.03924, 21.876259, 0.0, 0.0, 0.0], -1
evidence number = 5
times imitated = 0
[168.43695, 25.99056, 22.764587, 32.330746, 102.51725, 126.730415, 5.9698033, 4.129201]
4.491895, [-39.64063, 21.13908, 39.220295, 0.0, 0.0, 0.0], 0
evidence number = 5
times imitated = 0
[6.183655, 17.506887, 29.5784, 55.58617, 16.021637, 28.39441, 20.656748, 28.108877]
0.6586236, [-31.238886, -33.14658, -35.614532, 0.0, 0.0, 0.0], -1
evidence number = 5
times imitated = 0
[168.09206, 4.823003, 34.003784, 35.826675, 48.99765, 56.841064, 8.526888, 4.6716175]
0.36955002, [-38.974834, -37.25938, 23.765785, 0.0, 0.0, 0.0], -1
evidence number = 5
times imitated = 0
[138.07458, 25.457329, 47.826843, 19.45912, 107.41324, 85.4819, 3.0645497, 7.3344393]
0.0017467499, [0.0, 0.0, 0.0, -38.78188, -34.534245, 26.68388], 3
evidence number = 5
times imitated = 0
[111.83844, 25.619173, 74.01636, 19.460882, 178.20929, 149.78667, 7.451981, 9.6031475]
0.0017531395, [0.0, 0.0, 0.0, -32.078545, -35.82884, 32.092617], 4
evidence number = 5
times imitated = 0
[145.87357, 15.27556, 149.06888, 51.90096, 136.03748, 142.27505, 9.123798, 19.34735]
0.47996622, [35.15045, 31.841976, 33.007572, 0.0, 0.0, 0.0], -1
evidence number = 5
times imitated = 0
[165.8497, 15.375864, 167.76657, 52.02269, 147.01193, 143.62561, 23.199602, 29.647034]
0.47846368, [-44.4349, 20.122261, -35.44284, 0.0, 0.0, 0.0], -1
evidence number = 5
times imitated = 0
[63.130108, 18.325241, 44.301758, 18.614939, 45.677795, 44.3768, 3.540994, 9.000765]
3.283848, [-46.822643, -26.990091, -26.18726, 0.0, 0.0, 0.0], 0
evidence number = 5
times imitated = 0
[158.56256, 40.882465, 53.273438, 26.890022, 61.719727, 56.83377, 4.4960856, 8.507129]
9.769067E-4, [0.0, 0.0, 0.0, -39.720383, -20.563847, -39.71577], 3
evidence number = 5
times imitated = 0
[171.14957, 36.963604, 78.97266, 29.45403, 95.76248, 94.535095, 4.738052, 8.369244]
0.00151283, [0.0, 0.0, 0.0, -46.871216, -31.615765, -21.513025], 3
evidence number = 5
times imitated = 0
[171.74615, 32.11035, 69.015015, 31.103891, 105.96878, 85.60339, 4.5173373, 7.9510255]
3.6161468, [-20.557716, 28.699715, 50.742573, 0.0, 0.0, 0.0], 0
evidence number = 5
times imitated = 0
[171.47101, 25.755556, 57.983337, 34.161114, 60.852448, 59.415405, 4.7444634, 8.702623]
1.4198563, [-30.770948, -16.040945, 53.188103, 0.0, 0.0, 0.0], 0
evidence number = 5
times imitated = 0
[167.18402, 24.570948, 60.170486, 34.808674, 56.055588, 57.960434, 5.0950265, 9.090285]
4.080358, [-36.2767, 13.41325, 50.31005, 0.0, 0.0, 0.0], 0
evidence number = 5
times imitated = 0
[24.558844, 28.503426, 95.99631, 34.210255, 100.0676, 98.33652, 4.990153, 8.968571]
2.5264776, [9.693118, 27.308151, -62.99873, 0.0, 0.0, 0.0], 2
evidence number = 5
times imitated = 0
[69.52542, 21.600517, 73.04477, 52.901855, 76.90958, 73.09012, 4.8861384, 17.143217]
0.0, [0.0, 0.0, 0.0, -40.0, -20.0, -40.0], 3
evidence number = 5
times imitated = 0
[55.293915, 22.80617, 62.24948, 53.886623, 67.20999, 63.795837, 6.1863456, 18.080967]
2.2917278, [-35.628933, -21.457981, -42.91309, 0.0, 0.0, 0.0], 2
evidence number = 5
times imitated = 0
[169.53499, 8.362302, 77.93677, 56.739098, 83.078674, 93.2265, 4.8130994, 17.674658]
2.2427416, [-19.36236, 4.126596, 76.51104, 0.0, 0.0, 0.0], 0
evidence number = 5
times imitated = 0
[146.29033, 5.9017506, 61.2742, 57.79406, 85.59511, 73.51367, 4.3887997, 18.22521]
2.3037522, [-33.22312, -0.116390176, 66.660484, 0.0, 0.0, 0.0], 0
evidence number = 5
times imitated = 0
[158.2251, 3.354969, 146.25903, 59.41535, 173.5228, 161.24554, 12.980449, 25.284588]
0.0, [0.0, 0.0, 0.0, -47.77324, -27.722687, -24.504076], 3
evidence number = 5
times imitated = 0
[2.2360907, 24.510666, 66.949554, 67.86692, 65.13925, 66.54413, 4.6752453, 17.14911]
1.2162777, [-20.146986, -16.366745, -63.486267, 0.0, 0.0, 0.0], 2
evidence number = 5
times imitated = 0
[60.54715, 27.489502, 13.236145, 72.91521, 4.143463, 1.9699402, 31.57722, 45.874138]
0.0058654575, [0.0, 0.0, 0.0, 18.14848, 25.635895, -56.215622], 5
evidence number = 5
times imitated = 0
[27.067635, 1.6187617, 175.95728, 32.551228, 178.13809, 179.8952, 9.123, 5.120275]
0.0, [0.0, 0.0, 0.0, -36.802864, -21.064842, 42.13229], 3
evidence number = 4
times imitated = 0
[10.249054, 13.136464, 25.592346, 33.90708, 28.281006, 23.505035, 7.515342, 2.6391172]
0.0, [0.0, 0.0, 0.0, 59.16885, 32.097984, -8.733159], 5
evidence number = 4
times imitated = 0
[14.933197, 14.041292, 34.40039, 36.785236, 31.523804, 29.522156, 9.047627, 4.9272413]
2.6838698, [-33.53956, -31.910164, -34.550278, 0.0, 0.0, 0.0], 2
evidence number = 4
times imitated = 0
[135.15106, 17.836948, 25.900208, 36.785236, 42.69873, 63.82715, 9.633171, 3.7515597]
0.0, [0.0, 0.0, 0.0, 21.133976, -9.246533, -69.61949], 5
evidence number = 4
times imitated = 0
[7.109497, 4.060333, 24.896912, 49.718548, 27.455902, 54.333923, 17.417984, 6.420911]
0.0041258126, [0.0, 0.0, 0.0, -1.2913446, -34.723095, 63.98556], 4
evidence number = 4
times imitated = 0
[37.318615, 5.62271, 112.771255, 35.995193, 54.138927, 89.98128, 7.6099873, 10.699734]
0.0, [0.0, 0.0, 0.0, -33.877357, -20.503777, -45.618862], 5
evidence number = 4
times imitated = 0
[163.29105, 29.032366, 17.325256, 26.411871, 81.7187, 149.24463, 3.9769015, 2.3741488]
0.4123428, [-50.252617, 7.0414023, 42.705986, 0.0, 0.0, 0.0], -1
evidence number = 4
times imitated = 0
[13.063629, 13.2795725, 37.223053, 54.096825, 34.591705, 37.766876, 6.0856466, 17.001627]
0.0, [0.0, 0.0, 0.0, 52.27471, 26.100742, 21.624554], -1
evidence number = 4
times imitated = 0
[33.48755, 17.505993, 56.87915, 55.585945, 33.391083, 55.356598, 22.568552, 34.084225]
0.0023036925, [0.0, 0.0, 0.0, -40.20014, -19.591248, -40.20861], 5
evidence number = 4
times imitated = 1
[170.83289, 7.630728, 37.405746, 18.210783, 138.52959, 46.549057, 2.6794868, 6.401429]
0.0010306304, [0.0, 0.0, 0.0, -29.255686, -18.72813, -52.016186], 5
evidence number = 4
times imitated = 0
[172.13477, 5.707214, 21.095642, 23.556145, 125.10417, 162.4988, 3.9392002, 7.860106]
0.0, [0.0, 0.0, 0.0, -7.4651456, -40.323822, -52.21103], 5
evidence number = 4
times imitated = 0
[20.345108, 3.395372, 70.00264, 50.618587, 77.68599, 71.40599, 4.34153, 16.847528]
9.909686, [-20.066397, 31.573093, 48.36051, 0.0, 0.0, 0.0], 0
evidence number = 4
times imitated = 0
[6.7048492, 8.11109, 81.99666, 52.27089, 81.30861, 81.07893, 5.1038475, 17.813625]
5.141744, [-33.707844, -11.662328, -54.629826, 0.0, 0.0, 0.0], 2
evidence number = 4
times imitated = 0
[163.14467, 18.325241, 55.7128, 18.614939, 124.13628, 136.01585, 4.683562, 8.369193]
0.0, [0.0, 0.0, 0.0, -27.645346, -44.70931, -27.645346], 4
evidence number = 4
times imitated = 0
[10.666467, 1.9697548, 98.35665, 29.794592, 97.86465, 176.91373, 7.600836, 1.8232707]
7.62105E-4, [0.0, 0.0, 0.0, -32.282566, -47.896423, 19.821012], 4
evidence number = 4
times imitated = 0
[54.205555, 4.2868266, 157.95737, 29.796822, 138.8018, 56.951736, 3.121565, 3.2288647]
7.574558E-4, [0.0, 0.0, 0.0, -9.160998, 21.78705, -69.051956], 5
evidence number = 4
times imitated = 0
[40.751842, 28.503426, 79.80331, 34.210255, 100.93075, 89.12295, 5.2094193, 8.959624]
0.0, [0.0, 0.0, 0.0, 42.77189, 14.456226, -42.77188], 5
evidence number = 4
times imitated = 0
[35.007706, 21.600517, 31.488358, 52.901855, 27.632584, 31.443008, 4.888159, 17.143217]
1.3794925, [-34.832294, -33.826843, -31.340868, 0.0, 0.0, 0.0], 0
evidence number = 4
times imitated = 0
[165.60544, 21.196884, 174.70074, 52.12385, 174.93372, 156.92285, 37.22929, 47.75126]
1.9045336, [33.60629, 36.37771, 30.016005, 0.0, 0.0, 0.0], -1
evidence number = 4
times imitated = 0
[102.40746, 3.354969, 157.92334, 59.41535, 121.93978, 131.2453, 30.506433, 41.83208]
0.0, [0.0, 0.0, 0.0, 26.318138, 27.046812, 46.635048], -1
evidence number = 4
times imitated = 0
[29.710388, 6.5389643, 175.40889, 52.062523, 129.35707, 139.69351, 37.355034, 47.36216]
5.9264197, [51.411716, 36.422977, -12.165302, 0.0, 0.0, 0.0], 2
evidence number = 4
times imitated = 0
[106.71118, 24.466204, 33.028687, 69.25966, 43.21292, 34.77896, 3.9623837, 16.528812]
1.5378028, [-47.942776, -44.506737, 7.550481, 0.0, 0.0, 0.0], 0
evidence number = 4
times imitated = 0
[66.94263, 23.518286, 2.782898, 72.92225, 2.3508606, 2.6896057, 4.970748, 17.453611]
0.004584917, [0.0, 0.0, 0.0, 38.043457, 19.138676, 42.81787], -1
evidence number = 4
times imitated = 0
[30.803467, 27.499886, 16.508606, 72.91729, 31.562256, 25.494202, 18.11966, 34.44727]
0.005227307, [0.0, 0.0, 0.0, 41.612106, 16.78046, -41.607433], 5
evidence number = 4
times imitated = 0
[22.06683, 1.6187856, 126.82707, 32.551228, 129.04195, 131.08372, 9.12555, 5.123028]
0.0, [0.0, 0.0, 0.0, 50.892014, 21.85656, 27.251429], -1
evidence number = 3
times imitated = 0
[20.325684, 7.8347116, 75.32147, 36.785236, 72.444885, 25.663422, 9.047627, 6.156214]
0.0, [0.0, 0.0, 0.0, -78.54853, 2.510053, -18.941414], 3
evidence number = 3
times imitated = 0
[13.830275, 9.86308, 94.27259, 36.785236, 91.396, 94.08878, 9.047627, 5.034537]
0.0, [0.0, 0.0, 0.0, 43.94687, -35.24338, 20.809748], 4
evidence number = 3
times imitated = 0
[150.3276, 17.836948, 41.07675, 36.785236, 69.21832, 114.99124, 10.660067, 4.433309]
0.0, [0.0, 0.0, 0.0, -29.085693, -38.145916, -32.768394], 4
evidence number = 3
times imitated = 0
[111.08061, 3.919482, 48.61888, 47.549366, 52.055557, 68.59282, 15.996018, 3.9979067]
7.544861, [-36.294647, 13.395001, 50.31035, 0.0, 0.0, 0.0], 0
evidence number = 3
times imitated = 0
[43.68152, 4.059439, 61.40213, 49.719322, 72.02582, 114.46864, 17.390635, 6.9847426]
0.003992101, [0.0, 0.0, 0.0, -36.03572, -27.864092, -36.10018], 5
evidence number = 3
times imitated = 0
[117.492676, 12.629712, 150.0156, 52.169544, 148.98495, 137.96448, 27.639585, 14.775502]
0.0, [0.0, 0.0, 0.0, -40.450645, -19.09871, -40.450645], 3
evidence number = 3
times imitated = 0
[64.372284, 6.554171, 98.27457, 12.301848, 127.51752, 110.9913, 4.3706555, 9.491065]
5.2776093, [28.739695, 49.163517, 22.09679, 0.0, 0.0, 0.0], -1
evidence number = 3
times imitated = 0
[171.36534, 23.619781, 77.15379, 6.5935426, 153.13031, 124.794266, 10.561577, 5.913937]
0.5046818, [-19.455349, 31.713903, 48.83075, 0.0, 0.0, 0.0], -1
evidence number = 3
times imitated = 0
[63.0916, 6.022451, 50.867798, 35.014465, 98.69606, 73.47052, 3.1817956, 7.4905844]
10.139318, [-27.917295, 42.033707, 30.049, 0.0, 0.0, 0.0], 0
evidence number = 3
times imitated = 0
[5.615715, 15.376663, 126.5733, 22.63018, 132.63641, 128.87967, 3.5866835, 9.11321]
0.0019582554, [0.0, 0.0, 0.0, 43.25615, 21.631033, 35.11282], -1
evidence number = 3
times imitated = 0
[31.045128, 19.844069, 93.76689, 22.423204, 95.094864, 94.27806, 3.5265849, 9.060322]
1.4946269, [10.047967, 22.02144, -67.930595, 0.0, 0.0, 0.0], 2
evidence number = 3
times imitated = 0
[175.37177, 9.981194, 55.53244, 17.142632, 116.86716, 155.9793, 6.1802764, 6.8029766]
0.0010118313, [0.0, 0.0, 0.0, 42.946907, -14.078943, -42.974148], 5
evidence number = 3
times imitated = 0
[6.2594604, 9.915955, 66.61688, 53.981358, 72.09601, 67.6871, 5.087647, 17.350435]
0.0, [0.0, 0.0, 0.0, 40.70533, 20.352665, 38.942005], -1
evidence number = 3
times imitated = 0
[6.767151, 16.559153, 32.667206, 55.031864, 23.13675, 32.621033, 11.42297, 20.249485]
1.0205953, [-32.59775, -33.383698, -34.01855, 0.0, 0.0, 0.0], 2
evidence number = 3
times imitated = 1
[67.669624, 17.504229, 91.05512, 55.58549, 65.41074, 89.26826, 33.83655, 40.74011]
0.0021608062, [0.0, 0.0, 0.0, -40.023617, -19.949434, -40.026947], 5
evidence number = 3
times imitated = 0
[143.75357, 6.611456, 21.419159, 18.210835, 96.49179, 21.513062, 2.8275437, 8.961112]
0.0010508614, [0.0, 0.0, 0.0, -28.264778, -13.880646, -57.85458], 5
evidence number = 3
times imitated = 0
[177.76657, 5.707214, 26.727448, 23.556145, 130.73598, 168.1306, 3.9392002, 7.860106]
0.0, [0.0, 0.0, 0.0, -34.91686, -30.166271, -34.91686], 3
evidence number = 3
times imitated = 0
[37.870377, 19.160814, 142.70596, 36.08407, 142.04996, 166.60437, 37.60048, 35.903717]
2.0662134, [33.848072, 34.045662, -32.106266, 0.0, 0.0, 0.0], 2
evidence number = 3
times imitated = 0
[108.732925, 28.463434, 57.87567, 21.641079, 168.20605, 120.276764, 7.6879606, 6.6709437]
3.7259529, [-27.356874, 47.852627, 24.790493, 0.0, 0.0, 0.0], 0
evidence number = 3
times imitated = 0
[156.3404, 29.07657, 42.77835, 31.567045, 59.95572, 45.982483, 3.8779008, 8.645607]
0.0, [0.0, 0.0, 0.0, -39.43817, -21.123655, -39.43817], 3
evidence number = 3
times imitated = 0
[37.36126, 6.9441867, 95.30521, 14.278163, 97.089355, 92.979614, 3.4838808, 9.015712]
0.0013315112, [0.0, 0.0, 0.0, 44.044567, 22.023119, -33.932316], 5
evidence number = 3
times imitated = 0
[123.450195, 7.9673953, 99.36574, 14.284832, 158.73041, 119.52881, 9.110472, 9.65005]
0.001311428, [0.0, 0.0, 0.0, -35.982224, -25.03296, 38.984814], 3
evidence number = 3
times imitated = 0
[7.7144165, 3.6547449, 64.65573, 47.336235, 64.27832, 64.56384, 17.514303, 4.9872537]
0.65976703, [-32.706425, -31.331596, -35.96198, 0.0, 0.0, 0.0], -1
evidence number = 3
times imitated = 0
[21.071655, 4.738435, 13.969818, 47.336235, 13.592834, 26.119934, 17.51377, 6.2103996]
0.0, [0.0, 0.0, 0.0, 63.065155, 23.931063, -13.003787], 5
evidence number = 3
times imitated = 1
[147.11348, 40.88168, 41.821625, 26.889688, 45.166718, 43.46466, 4.776267, 8.752685]
8.7762135E-4, [0.0, 0.0, 0.0, -34.15474, -19.349333, -46.49593], 5
evidence number = 3
times imitated = 0
[170.37434, 23.086502, 65.43295, 43.81428, 150.84184, 90.143036, 9.446356, 14.690734]
1.9763442E-4, [0.0, 0.0, 0.0, -38.899075, -22.198273, -38.902653], 5
evidence number = 3
times imitated = 0
[131.64484, 22.806097, 138.60388, 53.88662, 139.49033, 163.59358, 31.559954, 42.631428]
7.1082684E-7, [0.0, 0.0, 0.0, -38.900204, -22.203512, -38.896286], 3
evidence number = 3
times imitated = 0
[36.69603, 10.890457, 55.395996, 56.146908, 51.27954, 55.62787, 4.9211025, 17.512249]
1.5432643, [-25.653194, -22.462624, -51.884182, 0.0, 0.0, 0.0], 2
evidence number = 3
times imitated = 0
[51.075134, 10.890457, 41.01689, 56.146908, 36.900436, 41.248764, 4.9211025, 17.512249]
0.1992472, [-23.335531, -24.613354, -52.051117, 0.0, 0.0, 0.0], -1
evidence number = 3
times imitated = 0
[27.877106, 27.508005, 19.438171, 72.919044, 26.291931, 23.060913, 7.4175406, 21.774351]
0.006574726, [0.0, 0.0, 0.0, 41.497837, 17.011059, -41.491108], 5
evidence number = 3
times imitated = 0
[14.069458, 27.504608, 33.244324, 72.91838, 44.444977, 39.74997, 10.779999, 27.11582]
0.005895546, [0.0, 0.0, 0.0, -38.423866, -23.147104, 38.429028], 3
evidence number = 3
times imitated = 1
[4.272434, 1.6187735, 144.61932, 32.551228, 146.80197, 148.75897, 9.123607, 5.1202164]
0.0, [0.0, 0.0, 0.0, 36.34094, 13.804226, 49.85483], -1
evidence number = 2
times imitated = 0
[44.677094, 5.127112, 58.50644, 32.31011, 69.767395, 82.81799, 8.083772, 4.199926]
1.3186707, [-44.38656, -12.059881, -43.553562, 0.0, 0.0, 0.0], 0
evidence number = 2
times imitated = 0
[20.966522, 5.495955, 63.96582, 32.44896, 78.10901, 93.83185, 7.901313, 4.1037307]
1.4474418, [-43.90771, -1.9542552, -54.138035, 0.0, 0.0, 0.0], 2
evidence number = 2
times imitated = 0
[18.015411, 11.628857, 44.844086, 36.785236, 41.9675, 24.273773, 9.047627, 4.9395924]
1.7694734, [-32.607536, -33.977345, -33.415127, 0.0, 0.0, 0.0], 1
evidence number = 2
times imitated = 0
[16.851654, 4.0608516, 0.9782715, 49.718037, 2.1588745, 20.833923, 17.457415, 6.2583723]
0.0041117016, [0.0, 0.0, 0.0, 44.01567, 10.773237, 45.211094], -1
evidence number = 2
times imitated = 0
[11.414795, 4.060052, 29.18097, 49.718777, 34.09308, 62.93718, 17.37417, 6.597775]
0.0041639255, [0.0, 0.0, 0.0, -52.967255, -44.267483, 2.76526], 3
evidence number = 2
times imitated = 0
[57.52469, 4.0593433, 75.23892, 49.719563, 88.202866, 132.04918, 17.447662, 7.488085]
0.003960167, [0.0, 0.0, 0.0, -36.18038, -27.603466, -36.216156], 5
evidence number = 2
times imitated = 0
[122.374794, 12.629712, 154.8977, 52.169544, 153.86615, 142.82352, 27.63386, 14.765352]
0.0, [0.0, 0.0, 0.0, -40.144886, -19.710217, -40.144897], 5
evidence number = 2
times imitated = 0
[141.03029, 7.8921294, 42.710724, 15.47979, 41.401337, 42.31787, 3.4303312, 8.906702]
0.0010863408, [0.0, 0.0, 0.0, -40.00547, -20.000477, -39.99405], 3
evidence number = 2
times imitated = 0
[10.4066925, 24.180471, 79.38258, 6.380613, 6.418442, 73.48433, 11.03745, 3.5675385]
0.029956656, [0.0, 0.0, 0.0, 49.056705, 24.723997, 26.219296], -1
evidence number = 2
times imitated = 0
[134.97232, 13.010269, 48.44449, 15.094957, 112.014435, 59.96216, 2.4946709, 6.7629]
8.142853E-4, [0.0, 0.0, 0.0, -35.63111, -28.00301, 36.365875], 3
evidence number = 2
times imitated = 0
[153.12874, 8.136033, 32.96776, 18.505203, 34.109085, 50.741806, 3.494821, 8.679349]
0.0013632685, [0.0, 0.0, 0.0, -40.90281, -26.300442, -32.796745], 3
evidence number = 2
times imitated = 0
[30.02496, 17.595161, 102.1624, 22.631247, 115.27199, 105.15895, 3.7551324, 9.147089]
0.0018786506, [0.0, 0.0, 0.0, 49.98594, 24.773792, -25.240269], 5
evidence number = 2
times imitated = 0
[44.05519, 19.83939, 80.75641, 22.427809, 82.11676, 81.2767, 3.5312457, 9.064948]
0.0012736343, [0.0, 0.0, 0.0, 40.00145, 19.997356, -40.001198], 5
evidence number = 2
times imitated = 0
[164.88998, 17.771896, 70.79187, 28.027445, 152.50742, 124.81857, 8.604899, 8.7898655]
9.719953E-4, [0.0, 0.0, 0.0, -33.71109, -32.58406, -33.70485], 3
evidence number = 2
times imitated = 0
[145.05997, 7.184435, 50.88423, 33.942875, 74.62892, 62.310562, 3.7890909, 7.6818275]
0.28137678, [-35.084976, -25.290462, 39.624565, 0.0, 0.0, 0.0], -1
evidence number = 2
times imitated = 0
[55.074005, 5.0363164, 21.891907, 35.995193, 22.427338, 19.266235, 4.987252, 9.096351]
0.0, [0.0, 0.0, 0.0, 16.163673, 11.412791, 72.42354], -1
evidence number = 2
times imitated = 0
[12.7404785, 4.8858647, 118.33064, 52.212852, 101.259445, 118.610214, 23.118029, 8.6820545]
1.2853413, [2.1079364, -9.909128, -87.98293, 0.0, 0.0, 0.0], 2
evidence number = 2
times imitated = 0
[68.95893, 4.8858647, 174.5491, 52.212852, 138.31079, 175.02078, 43.056202, 29.838503]
0.0, [0.0, 0.0, 0.0, -39.98996, -20.020096, -39.989944], 3
evidence number = 2
times imitated = 0
[163.71045, 9.981847, 34.599182, 17.140491, 50.14456, 48.973755, 7.132035, 2.8899348]
0.0010524954, [0.0, 0.0, 0.0, -36.944572, -26.121504, -36.93393], 3
evidence number = 2
times imitated = 0
[153.05403, 3.4774613, 46.300903, 21.37653, 63.741882, 102.361786, 6.115432, 2.624854]
5.429284, [-32.510498, 23.718231, 43.77127, 0.0, 0.0, 0.0], 0
evidence number = 2
times imitated = 0
[136.07254, 23.5833, 10.042389, 25.852057, 6.7528076, 169.578, 5.6664176, 1.5933586]
0.016202053, [0.0, 0.0, 0.0, 29.330456, -41.394722, -29.274822], 4
evidence number = 2
times imitated = 0
[26.205688, 8.875712, 87.401886, 53.981358, 73.81671, 88.47211, 6.3319035, 17.350435]
0.0, [0.0, 0.0, 0.0, -46.237617, -23.118809, -30.64357], 3
evidence number = 2
times imitated = 0
[19.641846, 9.9147005, 79.98987, 53.981358, 77.09006, 81.06009, 5.51572, 17.350435]
0.0, [0.0, 0.0, 0.0, -39.368797, -19.684399, -40.946808], 5
evidence number = 2
times imitated = 0
[27.756073, 17.50512, 51.144653, 55.585724, 26.411133, 49.383087, 28.039055, 40.056824]
0.0021356111, [0.0, 0.0, 0.0, 39.80545, 20.400269, 39.794277], -1
evidence number = 2
times imitated = 0
[136.05185, 4.794762, 40.165558, 23.556145, 7.1221924, 22.999603, 2.2376304, 5.6233006]
1.874953, [-34.583378, -37.010033, 28.406584, 0.0, 0.0, 0.0], 1
evidence number = 2
times imitated = 0
[134.56766, 4.8596506, 39.305344, 23.556145, 35.52214, 14.364502, 2.1160488, 3.8250976]
0.0, [0.0, 0.0, 0.0, -42.331383, 11.228875, 46.439743], 3
evidence number = 2
times imitated = 0
[134.3988, 20.385427, 98.437706, 39.848736, 96.93951, 130.93216, 41.014706, 7.7865787]
3.6876427E-4, [0.0, 0.0, 0.0, -32.785038, -34.42824, 32.78672], 4
evidence number = 2
times imitated = 0
[144.17554, 28.23514, 30.619171, 32.37184, 66.477325, 43.216156, 3.5334117, 8.369391]
0.55215824, [-38.30809, -20.743687, 40.948223, 0.0, 0.0, 0.0], -1
evidence number = 2
times imitated = 0
[165.76616, 10.501871, 58.16707, 46.57958, 129.04826, 87.15245, 9.258244, 16.745317]
0.5695273, [-48.885925, -0.16617927, 50.94789, 0.0, 0.0, 0.0], -1
evidence number = 2
times imitated = 0
[12.908112, 8.112874, 62.37622, 52.27089, 48.92276, 57.724762, 5.5923495, 18.25014]
11.7248955, [-72.81147, 7.8275404, -19.360989, 0.0, 0.0, 0.0], 0
evidence number = 2
times imitated = 0
[150.60638, 15.27556, 153.8017, 51.90096, 137.75934, 144.16272, 11.39556, 20.332844]
0.0, [0.0, 0.0, 0.0, -50.405426, -8.473216, -41.12136], 3
evidence number = 2
times imitated = 0
[88.98691, 9.482639, 83.839836, 14.139927, 146.56793, 99.40902, 5.431059, 8.179729]
3.3207057, [6.0166283, 66.71239, 27.27098, 0.0, 0.0, 0.0], -1
evidence number = 2
times imitated = 0
[24.93068, 3.9589505, 35.277786, 47.336235, 34.900375, 35.184433, 17.514303, 4.986039]
0.0, [0.0, 0.0, 0.0, 45.60205, 22.80296, -31.594988], 5
evidence number = 2
times imitated = 1
[22.259186, 4.8794756, 47.127228, 47.336235, 63.14978, 88.283936, 17.672588, 5.388651]
0.0, [0.0, 0.0, 0.0, -47.16995, -41.90307, 10.926986], 3
evidence number = 2
times imitated = 0
[57.64, 7.642808, 64.761856, 47.336235, 85.84108, 118.39116, 18.017117, 5.3166876]
0.0, [0.0, 0.0, 0.0, -41.556686, -30.319893, -28.12342], 3
evidence number = 2
times imitated = 0
[92.22673, 17.778633, 82.05736, 52.128006, 103.27544, 129.13597, 32.691025, 17.308737]
0.0, [0.0, 0.0, 0.0, -36.480415, -27.03917, -36.480415], 3
evidence number = 2
times imitated = 0
[169.35191, 36.962475, 59.46982, 29.453457, 58.931183, 63.425323, 5.016577, 8.7686]
0.53499657, [-31.976213, -19.173817, 48.849968, 0.0, 0.0, 0.0], -1
evidence number = 2
times imitated = 0
[172.67226, 26.59047, 58.163696, 33.69625, 66.51453, 62.076416, 4.50102, 8.442926]
0.35998827, [-26.936817, -22.414028, 50.649155, 0.0, 0.0, 0.0], -1
evidence number = 2
times imitated = 0
[172.44627, 25.397758, 56.423355, 34.36511, 59.47371, 57.615036, 4.6436915, 8.640073]
0.59994674, [-27.465109, -24.378296, 48.156593, 0.0, 0.0, 0.0], -1
evidence number = 2
times imitated = 0
[168.57104, 24.570948, 58.783478, 34.808674, 54.66858, 56.573425, 5.0950265, 9.090285]
1.1990764, [-26.388824, -25.959352, 47.651825, 0.0, 0.0, 0.0], 0
evidence number = 2
times imitated = 0
[169.77634, 24.570948, 37.130844, 34.808674, 33.015945, 34.92079, 5.0950265, 9.090285]
0.0, [0.0, 0.0, 0.0, 52.68188, 26.34094, -20.977177], 5
evidence number = 2
times imitated = 0
[36.59305, 28.657833, 83.41084, 34.231823, 116.6375, 100.7003, 5.6858506, 9.103022]
0.5687909, [1.3018537, 31.959805, -66.73834, 0.0, 0.0, 0.0], -1
evidence number = 2
times imitated = 0
[151.09586, 32.152634, 42.01683, 34.776825, 129.22203, 67.77959, 4.5295525, 10.114564]
0.0021076202, [0.0, 0.0, 0.0, -35.152336, -29.696918, -35.15074], 3
evidence number = 2
times imitated = 0
[115.82712, 16.308426, 58.378815, 49.51445, 101.13013, 65.566925, 4.049922, 15.646326]
0.38972437, [-42.89216, -12.279736, 44.828106, 0.0, 0.0, 0.0], -1
evidence number = 2
times imitated = 0
[53.77884, 20.760077, 46.868134, 52.350193, 48.97171, 47.891724, 4.419969, 16.794992]
0.6599362, [-38.185402, -34.97366, -26.840937, 0.0, 0.0, 0.0], -1
evidence number = 2
times imitated = 0
[53.08792, 22.80617, 60.043488, 53.886623, 63.084015, 62.981537, 6.4541225, 18.649673]
0.78066695, [-32.704037, -29.46648, -37.829483, 0.0, 0.0, 0.0], -1
evidence number = 2
times imitated = 0
[160.81569, 8.19209, 69.452545, 56.802025, 97.97124, 87.294586, 4.55951, 17.865986]
0.56999034, [-23.21215, 5.320262, 71.46759, 0.0, 0.0, 0.0], -1
evidence number = 2
times imitated = 0
[111.9637, 24.730974, 33.16568, 69.25966, 56.07376, 36.811035, 3.262093, 15.607722]
0.0, [0.0, 0.0, 0.0, 56.956207, 21.885588, 21.158207], -1
evidence number = 2
times imitated = 0
[48.23283, 4.305294, 70.61905, 31.660095, 79.563354, 92.225586, 8.220852, 4.305263]
0.29999888, [18.07182, 35.276367, -46.65181, 0.0, 0.0, 0.0], -1
evidence number = 1
times imitated = 0
[53.69063, 4.3405466, 64.420105, 31.685953, 75.26276, 89.74161, 8.093727, 4.2499337]
0.060000412, [0.0, 0.0, 0.0, 45.74309, 9.470415, -44.78649], 5
evidence number = 1
times imitated = 0
[48.53724, 4.9077616, 59.469025, 32.108234, 67.9227, 78.7276, 8.228435, 4.2707357]
0.9596649, [-42.167618, -15.405971, -42.426414, 0.0, 0.0, 0.0], -1
evidence number = 1
times imitated = 0
[12.109985, 12.057252, 39.429077, 33.90708, 39.99649, 28.615295, 8.628613, 3.7241628]
0.9388834, [-26.702612, -27.759209, -45.538177, 0.0, 0.0, 0.0], -1
evidence number = 1
times imitated = 0
[8.204468, 13.136008, 23.54837, 33.90708, 26.998474, 28.34375, 7.183728, 2.4803228]
0.0, [0.0, 0.0, 0.0, 79.71443, 0.68152153, 19.604046], -1
evidence number = 1
times imitated = 0
[5.7053833, 14.029422, 20.928253, 34.7418, 22.763702, 25.169891, 7.645099, 3.1626482]
0.89984983, [-33.561714, -32.020412, -34.417873, 0.0, 0.0, 0.0], -1
evidence number = 1
times imitated = 0
[23.034943, 10.506646, 54.831543, 36.785236, 51.954956, 25.900177, 9.047627, 5.1029677]
0.41997293, [-32.64173, -34.423267, -32.934998, 0.0, 0.0, 0.0], -1
evidence number = 1
times imitated = 0
[11.185282, 12.099445, 98.00708, 36.785236, 95.13049, 98.72168, 9.047627, 5.0588846]
0.0, [0.0, 0.0, 0.0, 64.03775, 32.018875, 3.9433637], -1
evidence number = 1
times imitated = 0
[41.711655, 4.06125, 23.850235, 49.717667, 22.670609, 11.117996, 17.45763, 6.0822725]
1.6221759, [-43.06437, -46.144814, -10.790817, 0.0, 0.0, 0.0], 1
evidence number = 1
times imitated = 0
[33.47142, 4.0611224, 15.6210785, 49.717808, 14.441025, 1.0790253, 17.45757, 6.2499657]
0.6628888, [-40.28791, -44.838516, -14.873571, 0.0, 0.0, 0.0], -1
evidence number = 1
times imitated = 0
[18.147186, 4.059941, 35.903442, 49.718906, 41.95807, 72.51462, 17.363604, 6.481013]
0.0040417598, [0.0, 0.0, 0.0, -38.771767, -30.727144, -30.50109], 3
evidence number = 1
times imitated = 0
[16.59671, 4.0598097, 34.34311, 49.719013, 41.5437, 73.82959, 17.359968, 6.35572]
0.0040055485, [0.0, 0.0, 0.0, -33.010567, -33.837524, -33.15191], 4
evidence number = 1
times imitated = 0
[48.766754, 4.6289377, 75.68338, 49.94901, 87.69499, 128.14874, 17.500467, 6.909939]
0.9596531, [-24.132061, 32.338943, -43.528996, 0.0, 0.0, 0.0], -1
evidence number = 1
times imitated = 0
[31.910706, 6.874487, 74.20596, 50.72061, 81.17221, 109.06569, 17.853603, 5.7266526]
3.8492372, [-24.150015, 21.860487, -53.9895, 0.0, 0.0, 0.0], 2
evidence number = 1
times imitated = 0
[55.78831, 12.629712, 88.31123, 52.169544, 87.48726, 80.14644, 24.795946, 9.012141]
0.5400041, [-23.103054, -27.02823, -49.868717, 0.0, 0.0, 0.0], -1
evidence number = 1
times imitated = 0
[114.505226, 7.8918853, 16.178223, 15.478993, 14.854828, 15.787933, 3.4301713, 8.905489]
0.0010988816, [0.0, 0.0, 0.0, -23.426216, -10.636523, -65.937256], 5
evidence number = 1
times imitated = 0
[121.49112, 7.8919435, 23.166016, 15.479198, 21.846008, 22.775421, 3.4302256, 8.905679]
0.0010888204, [0.0, 0.0, 0.0, -40.007393, -20.002104, -39.9905], 3
evidence number = 1
times imitated = 0
[127.36891, 7.892003, 29.045624, 15.479392, 27.729004, 28.654175, 3.4302883, 8.906157]
0.0010916701, [0.0, 0.0, 0.0, -34.17919, -16.52912, -49.29169], 5
evidence number = 1
times imitated = 0
[20.112694, 10.91554, 104.073105, 12.348977, 105.75554, 111.211334, 3.5079818, 8.8956175]
0.2406071, [-19.794617, -10.086078, -70.1193, 0.0, 0.0, 0.0], -1
evidence number = 1
times imitated = 0
[24.803246, 15.431358, 148.69211, 12.076873, 93.506325, 155.72443, 5.2675796, 8.664925]
0.3189692, [38.29364, 22.308102, -39.398254, 0.0, 0.0, 0.0], -1
evidence number = 1
times imitated = 0
[157.23932, 11.983578, 37.33972, 13.231562, 74.23143, 41.648926, 2.0802352, 7.3785424]
10.478633, [-31.943977, 17.195904, 50.86012, 0.0, 0.0, 0.0], 0
evidence number = 1
times imitated = 0
[144.31583, 11.973918, 39.252716, 15.094532, 78.47453, 45.60013, 2.4120815, 7.5740504]
0.7804291, [-39.245712, -21.40381, 39.350475, 0.0, 0.0, 0.0], -1
evidence number = 1
times imitated = 0
[122.94103, 9.214561, 17.86444, 18.502953, 19.090302, 18.267487, 3.5126781, 9.015389]
0.42144096, [-45.00788, -43.604584, 11.387536, 0.0, 0.0, 0.0], -1
evidence number = 1
times imitated = 0
[149.45352, 7.4118605, 83.422165, 18.593351, 149.54738, 120.82027, 6.3715477, 8.966056]
0.9506784, [-5.793603, 45.042248, 49.164154, 0.0, 0.0, 0.0], -1
evidence number = 1
times imitated = 0
[52.2592, 13.834565, 28.660492, 27.940798, 29.654037, 21.751312, 5.031311, 8.722778]
1.0219942, [-34.509895, -34.65479, -30.835316, 0.0, 0.0, 0.0], 1
evidence number = 1
times imitated = 0
[58.74231, 13.834801, 22.175003, 27.941326, 23.166962, 10.566727, 5.031839, 8.614304]
0.12240345, [-33.184875, -35.309444, -31.50568, 0.0, 0.0, 0.0], -1
evidence number = 1
times imitated = 0
[150.033, 13.178896, 69.51483, 28.26899, 137.7059, 143.6405, 6.773724, 14.237009]
0.78861994, [-21.048197, 38.002007, 40.9498, 0.0, 0.0, 0.0], -1
evidence number = 1
times imitated = 0
[45.006897, 5.999967, 61.42169, 37.947834, 60.599762, 61.658142, 5.077548, 8.929953]
0.7199989, [-33.273285, -31.88126, -34.845455, 0.0, 0.0, 0.0], -1
evidence number = 1
times imitated = 0
[31.462502, 18.470474, 99.97768, 22.602507, 115.809555, 104.35713, 3.827915, 9.218659]
0.17758463, [11.76967, 25.525635, -62.704693, 0.0, 0.0, 0.0], -1
evidence number = 1
times imitated = 0
[32.01202, 19.84467, 92.800064, 22.422607, 94.12395, 93.310074, 3.525981, 9.059723]
1.7932055, [9.654117, 21.141777, -69.2041, 0.0, 0.0, 0.0], 2
evidence number = 1
times imitated = 0
[46.777386, 19.844215, 78.03471, 22.423046, 79.3618, 78.54564, 3.5264254, 9.0601635]
1.7932441, [9.6657505, 21.14927, -69.18498, 0.0, 0.0, 0.0], 2
evidence number = 1
times imitated = 0
[31.8708, 19.843857, 92.94116, 22.42342, 94.27054, 93.45273, 3.5268013, 9.060537]
0.717263, [6.9891706, 13.589109, -79.42172, 0.0, 0.0, 0.0], -1
evidence number = 1
times imitated = 0
[32.685738, 19.843113, 92.126205, 22.424145, 93.4608, 92.63924, 3.5275366, 9.061267]
0.0012413954, [0.0, 0.0, 0.0, -39.998627, -20.002302, 39.99907], 3
evidence number = 1
times imitated = 0
[152.01889, 22.17979, 52.056396, 23.546566, 127.870636, 91.64209, 5.038729, 6.9422355]
1.85563, [-31.654778, 22.295307, 46.049915, 0.0, 0.0, 0.0], 0
evidence number = 1
times imitated = 0
[161.60634, 17.771791, 67.506805, 28.027096, 148.1675, 121.5354, 8.367472, 8.789327]
0.12046221, [-42.118492, 18.293827, 39.58768, 0.0, 0.0, 0.0], -1
evidence number = 1
times imitated = 0
[120.41574, 5.0363164, 43.44983, 35.995193, 42.892853, 45.74353, 4.988458, 9.083204]
0.43763143, [-39.00305, -37.61127, 23.385677, 0.0, 0.0, 0.0], -1
evidence number = 1
times imitated = 0
[19.005127, 4.8858647, 124.59529, 52.212852, 105.34752, 124.86818, 24.282066, 9.391671]
0.11999804, [18.000696, 0.69501746, -81.30428, 0.0, 0.0, 0.0], -1
evidence number = 1
times imitated = 0
[57.102684, 4.8858647, 162.69284, 52.212852, 129.5958, 163.14066, 37.403828, 23.760666]
0.0, [0.0, 0.0, 0.0, -39.969704, -20.060568, -39.96973], 5
evidence number = 1
times imitated = 0
[61.493813, 4.8858647, 167.08398, 52.212852, 133.14075, 167.53812, 38.77058, 25.230738]
0.0, [0.0, 0.0, 0.0, -39.977074, -20.045855, -39.977074], 3
evidence number = 1
times imitated = 0
[63.87493, 4.8858647, 169.46509, 52.212852, 134.68933, 169.92584, 40.20976, 26.799072]
0.0, [0.0, 0.0, 0.0, -39.990032, -20.019922, -39.990044], 5
evidence number = 1
times imitated = 0
[75.63583, 4.8859553, 178.7729, 52.212852, 144.34753, 178.2968, 44.431202, 31.308453]
0.0, [0.0, 0.0, 0.0, -38.112286, -17.961226, -43.92649], 5
evidence number = 1
times imitated = 0
[71.74665, 4.886308, 177.34174, 52.212852, 139.89456, 177.82184, 45.718754, 32.774776]
0.0, [0.0, 0.0, 0.0, -39.98741, -20.044327, -39.96826], 3
evidence number = 1
times imitated = 0
[154.87245, 9.9819565, 25.758453, 17.140123, 32.565704, 24.983673, 7.9997954, 3.5477548]
0.0010554966, [0.0, 0.0, 0.0, -38.064274, -17.55744, -44.37829], 5
evidence number = 1
times imitated = 0
[173.52728, 8.429317, 52.21573, 18.051746, 104.95189, 149.81863, 5.7859664, 5.738804]
1.5608587, [-27.420845, 29.828691, 42.75046, 0.0, 0.0, 0.0], 0
evidence number = 1
times imitated = 0
[117.67422, 4.44824, 40.363525, 25.206707, 41.918762, 39.902344, 8.715815, 5.0725465]
0.6434258, [-38.935135, -38.306023, 22.758846, 0.0, 0.0, 0.0], -1
evidence number = 1
times imitated = 0
[69.80328, 8.185493, 8.933624, 53.981358, 5.774048, 10.003845, 5.2346597, 17.350435]
0.77959025, [-47.118324, -46.558205, 6.323474, 0.0, 0.0, 0.0], -1
evidence number = 1
times imitated = 0
[62.824707, 8.185763, 15.909393, 53.981358, 12.74939, 16.979614, 5.23457, 17.350435]
0.0, [0.0, 0.0, 0.0, 13.263777, 4.306431, 82.429794], -1
evidence number = 1
times imitated = 0
[56.588257, 8.186022, 22.143372, 53.981358, 18.981201, 23.213593, 5.2341113, 17.350435]
0.0, [0.0, 0.0, 0.0, -12.553999, -8.487821, 78.958176], 3
evidence number = 1
times imitated = 0
[52.705536, 8.18626, 26.023743, 53.981358, 22.859406, 27.093964, 5.2336526, 17.350435]
0.0, [0.0, 0.0, 0.0, 3.0954201, -0.3730941, 96.53149], 4
evidence number = 1
times imitated = 0
[14.566895, 12.427524, 76.48889, 54.096825, 78.45068, 76.85602, 5.335665, 17.161142]
1.1330718, [-10.217048, -2.263723, -87.519226, 0.0, 0.0, 0.0], 2
evidence number = 1
times imitated = 0
[6.7982483, 12.427274, 68.72226, 54.096825, 70.67856, 69.089386, 5.335634, 17.161142]
0.83997095, [-4.285965, 2.713564, -93.00047, 0.0, 0.0, 0.0], -1
evidence number = 1
times imitated = 0
[19.594055, 14.036761, 24.899689, 54.36821, 20.238037, 25.50467, 7.051291, 16.945248]
0.29999727, [-33.193233, -33.62578, -33.180984, 0.0, 0.0, 0.0], -1
evidence number = 1
times imitated = 0
[18.714996, 15.00491, 21.196228, 55.03059, 14.251801, 21.18634, 8.445134, 18.059679]
1.0198163, [-33.08484, -33.70388, -33.21128, 0.0, 0.0, 0.0], 1
evidence number = 1
times imitated = 0
[137.18405, 6.6874375, 16.698303, 18.210827, 70.44141, 16.478058, 2.4828832, 9.09112]
0.76989436, [-45.80283, -35.88153, 18.315632, 0.0, 0.0, 0.0], -1
evidence number = 1
times imitated = 0
[168.50244, 8.058953, 33.71608, 18.974558, 127.3159, 41.80812, 1.9130982, 6.443885]
0.93470836, [-47.63655, 0.8471978, 51.516254, 0.0, 0.0, 0.0], -1
evidence number = 1
times imitated = 0
[133.6238, 4.795017, 42.597565, 23.556145, 7.142578, 20.041656, 2.059735, 5.1083922]
0.29962227, [-35.135765, -38.54031, 26.323927, 0.0, 0.0, 0.0], -1
evidence number = 1
times imitated = 0
[179.36963, 4.7596717, 42.80641, 35.826675, 60.123123, 74.48723, 8.508695, 4.7520313]
0.0, [0.0, 0.0, 0.0, -32.195263, -32.898216, -34.906517], 5
evidence number = 1
times imitated = 0
[110.296646, 15.815187, 16.88182, 39.85013, 17.93216, 17.858719, 15.306188, 4.9730625]
0.7778749, [-42.247196, -38.94266, -18.810143, 0.0, 0.0, 0.0], -1
evidence number = 1
times imitated = 0
[168.10336, 20.385176, 40.942474, 39.849514, 39.232758, 39.98999, 27.142479, 4.972568]
4.1761415E-4, [0.0, 0.0, 0.0, -40.00012, -20.013826, -39.986053], 3
evidence number = 1
times imitated = 0
[174.89885, 20.385208, 47.7377, 39.84943, 45.984314, 46.79065, 28.61324, 4.972468]
3.917919E-4, [0.0, 0.0, 0.0, -39.993504, -20.011631, -39.994865], 5
evidence number = 1
times imitated = 0
[123.95305, 20.295227, 108.28877, 39.797886, 106.97093, 144.85497, 41.121746, 8.581328]
0.16104467, [22.289127, 39.213963, 38.49691, 0.0, 0.0, 0.0], -1
evidence number = 1
times imitated = 0
[116.6038, 19.074944, 106.22903, 39.0847, 105.00054, 140.42236, 40.46001, 7.569375]
2.5729427, [22.119661, 40.74121, 37.13913, 0.0, 0.0, 0.0], -1
evidence number = 1
times imitated = 0
[100.12335, 16.686386, 85.77721, 38.009647, 84.97304, 108.751526, 39.534145, 7.1970215]
1.019935, [-13.857004, 38.30958, 47.833416, 0.0, 0.0, 0.0], 0
evidence number = 1
times imitated = 0
[98.66007, 16.686398, 87.24008, 38.009624, 86.43735, 113.593994, 39.534504, 7.8222804]
0.36032912, [-21.76408, 30.772642, 47.463276, 0.0, 0.0, 0.0], -1
evidence number = 1
times imitated = 0
[89.39024, 16.686426, 96.50957, 38.00959, 95.70766, 125.54581, 39.534668, 8.423508]
3.9803423E-4, [0.0, 0.0, 0.0, -30.571136, -38.853302, 30.575558], 4
evidence number = 1
times imitated = 0
[20.528229, 16.684828, 153.56996, 38.009167, 154.34181, 102.40692, 39.542065, 28.24169]
3.9370236E-4, [0.0, 0.0, 0.0, 36.889927, 58.76112, -4.3489532], 5
evidence number = 1
times imitated = 0
[10.61248, 17.288462, 163.96027, 38.009087, 164.72815, 113.73614, 39.542797, 32.089947]
5.2237767E-4, [0.0, 0.0, 0.0, 29.54029, 53.6946, 16.765108], -1
evidence number = 1
times imitated = 0
[5.46727, 17.706003, 168.8276, 37.597904, 169.60327, 118.74499, 39.126553, 33.31357]
0.42007685, [36.581238, 27.24545, -36.173313, 0.0, 0.0, 0.0], -1
evidence number = 1
times imitated = 0
[171.12036, 25.459229, 14.783661, 19.45739, 14.361786, 23.660492, 3.5225394, 8.195934]
0.895707, [-33.60105, -33.36416, 33.03479, 0.0, 0.0, 0.0], -1
evidence number = 1
times imitated = 0
[120.20407, 26.187548, 64.72421, 19.534906, 173.05289, 140.29294, 8.751669, 9.468352]
0.17462213, [-23.74909, 48.340977, 27.90994, 0.0, 0.0, 0.0], -1
evidence number = 1
times imitated = 0
[93.53229, 29.07657, 20.029755, 31.567045, 19.982605, 20.59134, 5.019383, 9.074097]
0.5976805, [-43.233696, -42.15039, -14.615914, 0.0, 0.0, 0.0], -1
evidence number = 1
times imitated = 0
[177.78632, 10.502509, 70.18834, 46.57967, 145.53412, 99.17381, 10.6246805, 16.745462]
7.762932E-4, [0.0, 0.0, 0.0, -36.68527, -26.634842, -36.679886], 3
evidence number = 1
times imitated = 0
[171.35081, 10.2942705, 80.62262, 46.613697, 159.10555, 109.18198, 11.753602, 16.67501]
0.21064599, [-9.5024805, 36.86983, 53.627693, 0.0, 0.0, 0.0], -1
evidence number = 1
times imitated = 0
[166.74985, 15.289374, 169.75256, 51.918667, 150.54861, 153.58817, 15.83413, 23.316032]
0.07375324, [0.0, 0.0, 0.0, -43.806034, -11.980034, -44.213932], 5
evidence number = 1
times imitated = 0
[5.186325, 6.9444833, 127.493484, 14.277009, 129.28644, 125.16913, 3.4827483, 9.014532]
0.0012852785, [0.0, 0.0, 0.0, -39.980473, -19.98764, 40.031887], 3
evidence number = 1
times imitated = 0
[58.94911, 18.325241, 48.482758, 18.614939, 49.858795, 48.557587, 3.540994, 9.001037]
0.7692203, [-40.182392, -37.974205, -21.843401, 0.0, 0.0, 0.0], -1
evidence number = 1
times imitated = 0
[155.92467, 18.325241, 48.492798, 18.614939, 79.549255, 84.54639, 3.2807956, 6.66695]
0.0, [0.0, 0.0, 0.0, -35.100838, -29.798323, -35.100838], 3
evidence number = 1
times imitated = 0
[107.36354, 1.9693972, 19.652847, 29.791288, 19.768784, 21.989761, 8.624578, 4.6971407]
0.42048198, [-42.881798, -41.54705, 15.57115, 0.0, 0.0, 0.0], -1
evidence number = 1
times imitated = 0
[15.197098, 4.248115, 35.138947, 47.336235, 34.761536, 35.04535, 17.514303, 4.9858475]
0.0, [0.0, 0.0, 0.0, 63.791264, 31.898981, 4.3097634], -1
evidence number = 1
times imitated = 0
[9.95726, 4.7383327, 25.08223, 47.336235, 24.705063, 34.0688, 17.513962, 6.2415977]
0.0, [0.0, 0.0, 0.0, 39.630116, 2.1682284, 58.20166], -1
evidence number = 1
times imitated = 0
[40.734894, 5.2639523, 53.859344, 47.336235, 74.35245, 100.44641, 17.973429, 5.5611944]
0.0, [0.0, 0.0, 0.0, -33.026474, -29.523245, -37.45028], 5
evidence number = 1
times imitated = 0
[53.802277, 8.612121, 63.102905, 47.748035, 82.19449, 119.9686, 18.105707, 5.4792657]
0.95991236, [-37.23761, 20.843815, -41.91857, 0.0, 0.0, 0.0], -1
evidence number = 1
times imitated = 0
[54.540268, 9.66989, 63.153, 48.314537, 79.791794, 116.85985, 18.320347, 5.3429875]
2.159665, [-39.81055, 18.827732, -41.36172, 0.0, 0.0, 0.0], 2
evidence number = 1
times imitated = 1
[60.811768, 17.778633, 50.642395, 52.128006, 65.8967, 87.18399, 25.887094, 10.316721]
0.23999628, [-54.23961, -9.35957, -36.40082, 0.0, 0.0, 0.0], -1
evidence number = 1
times imitated = 0
[116.558556, 40.881237, 11.265167, 26.889486, 14.598419, 12.898834, 4.777414, 8.751653]
0.8994768, [-47.489296, -47.766823, 4.7438817, 0.0, 0.0, 0.0], -1
evidence number = 1
times imitated = 0
[168.34204, 24.570948, 59.01248, 34.808674, 54.897583, 56.80243, 5.0950265, 9.090285]
1.1990769, [-26.388777, -25.959345, 47.65188, 0.0, 0.0, 0.0], 0
evidence number = 1
times imitated = 0
[168.16302, 24.570948, 59.191483, 34.808674, 55.076584, 56.98143, 5.0950265, 9.090285]
0.8395541, [-25.934237, -26.355692, 47.71007, 0.0, 0.0, 0.0], -1
evidence number = 1
times imitated = 0
[162.36166, 24.570948, 29.716171, 34.808674, 25.601273, 27.506119, 5.0950265, 9.090285]
0.0, [0.0, 0.0, 0.0, 62.7816, 31.3908, 5.8276005], -1
evidence number = 1
times imitated = 0
[26.252844, 28.503426, 94.30231, 34.210255, 98.37686, 96.64252, 4.9912834, 8.968571]
4.490636, [9.472248, 29.007471, -61.520283, 0.0, 0.0, 0.0], 2
evidence number = 1
times imitated = 0
[25.932842, 28.503426, 94.62231, 34.210255, 98.695915, 96.96252, 4.990944, 8.968571]
3.5457938, [9.113431, 26.722586, -64.16399, 0.0, 0.0, 0.0], 2
evidence number = 1
times imitated = 0
[26.553844, 28.503426, 94.001305, 34.210255, 98.071495, 96.341515, 4.989732, 8.968575]
0.8399612, [8.099862, 17.024534, -74.8756, 0.0, 0.0, 0.0], -1
evidence number = 1
times imitated = 0
[29.281372, 21.600517, 25.762024, 52.901855, 21.90625, 25.716675, 4.888159, 17.143217]
0.7799768, [-34.321636, -34.402626, -31.275728, 0.0, 0.0, 0.0], -1
evidence number = 1
times imitated = 0
[63.07434, 22.00127, 67.8129, 53.24348, 81.05795, 68.29025, 4.734341, 16.934013]
0.89999074, [-36.832195, -20.697367, -42.470436, 0.0, 0.0, 0.0], -1
evidence number = 1
times imitated = 0
[124.59919, 22.80617, 131.55475, 53.886623, 132.41382, 154.74701, 27.050766, 38.30086]
0.0, [0.0, 0.0, 0.0, -39.02812, -21.94376, -39.028126], 5
evidence number = 1
times imitated = 1
[137.92827, 22.169794, 145.92076, 53.17322, 146.43074, 171.77182, 32.311527, 43.17476]
0.89871055, [33.347034, 37.388676, 29.26429, 0.0, 0.0, 0.0], -1
evidence number = 1
times imitated = 0
[167.0166, 10.2481985, 75.098816, 56.321068, 92.51053, 82.79294, 4.838423, 17.2743]
0.6599343, [-22.32569, -0.8657286, 76.808586, 0.0, 0.0, 0.0], -1
evidence number = 1
times imitated = 0
[157.2825, 7.352461, 67.47064, 57.135105, 89.84546, 83.28833, 4.5015197, 17.943226]
1.0799626, [-30.068558, 1.8983291, 68.03311, 0.0, 0.0, 0.0], 0
evidence number = 1
times imitated = 0
[146.97133, 5.9017506, 61.9552, 57.79406, 90.796036, 74.195145, 4.3745413, 18.2255]
0.71996534, [-35.645348, -2.9947813, 61.35987, 0.0, 0.0, 0.0], -1
evidence number = 1
times imitated = 0
[162.33093, 3.354969, 106.81506, 59.41535, 123.01703, 113.677124, 7.6522355, 20.200811]
0.24000123, [-44.50311, -26.082335, 29.414555, 0.0, 0.0, 0.0], -1
evidence number = 1
times imitated = 0
[83.50999, 3.258434, 165.32721, 57.95567, 126.71653, 135.67105, 35.482075, 46.438965]
1.5332462, [58.95927, 38.58492, 2.455808, 0.0, 0.0, 0.0], -1
evidence number = 1
times imitated = 0
[-0.93697643, 23.328325, 70.971924, 67.49492, 79.73773, 72.80896, 4.5764155, 17.029919]
0.1111345, [-20.177721, -13.693425, -66.12885, 0.0, 0.0, 0.0], -1
evidence number = 1
times imitated = 0
[10.406721, 24.510275, 58.778687, 67.86692, 56.972473, 58.372437, 4.675126, 17.148926]
0.29638648, [-19.959166, -20.088205, -59.95263, 0.0, 0.0, 0.0], -1
evidence number = 1
times imitated = 0
[102.42744, 24.584248, 30.82608, 68.72199, 36.82254, 32.06491, 4.3280716, 16.80835]
0.89776236, [-50.7519, -48.99757, 0.25053078, 0.0, 0.0, 0.0], -1
evidence number = 1
times imitated = 0
[111.69206, 24.536743, 36.200684, 69.25966, 50.257843, 38.588013, 3.6996071, 16.205257]
0.6582621, [-43.763023, -37.049473, 19.187502, 0.0, 0.0, 0.0], -1
evidence number = 1
times imitated = 0
[82.37697, 23.387117, 11.582275, 72.92305, 12.057526, 11.685638, 4.971582, 17.454422]
0.121729456, [-43.852394, -43.59209, 12.555523, 0.0, 0.0, 0.0], -1
evidence number = 1
times imitated = 0
[59.349205, 23.789946, 8.435913, 72.92207, 8.017517, 8.345764, 4.9705625, 17.453434]
0.0053912094, [0.0, 0.0, 0.0, 11.299939, 5.9974623, 82.7026], -1
evidence number = 1
times imitated = 0
[59.424133, 27.483913, 12.112976, 72.914276, 5.8526306, 0.057495117, 38.61414, 52.87053]
0.0053887996, [0.0, 0.0, 0.0, 0.0, 0.0, 0.0], -1
evidence number = 1
times imitated = 0
total contexts =328total imitated =18

NONPOS CONTEXTS:
[117.08479, 15.075019, 28.24309, 29.80005, 68.204285, 101.67484, 7.8198094, 13.335526]
7.3018676E-4, [0.0, 0.0, 0.0, 47.94221, -19.02881, -33.02898], -1
evidence number = 16
times imitated = 0
[176.7078, 9.409304, 35.816742, 38.130535, 58.01354, 123.84042, 10.71486, 6.404825]
4.671255, [-38.337547, 16.89324, 44.769215, 0.0, 0.0, 0.0], 0
evidence number = 13
times imitated = 3
[80.84464, 5.7564983, 175.4693, 35.995193, 78.52112, 141.46545, 9.73784, 9.554567]
0.0, [0.0, 0.0, 0.0, -46.048073, -20.006681, -33.945244], 3
evidence number = 8
times imitated = 4
[31.613708, 3.167339, 102.807556, 52.23439, 96.72815, 84.78366, 17.827986, 5.712095]
2.1173465, [-22.763874, 13.372764, 63.863365, 0.0, 0.0, 0.0], 0
evidence number = 8
times imitated = 0
[32.635017, 20.45621, 168.7675, 22.369617, 28.659744, 49.407825, 19.44011, 6.892819]
7.218201, [46.40586, -21.260447, -32.33369, 0.0, 0.0, 0.0], 2
evidence number = 7
times imitated = 0
[160.44243, 3.422125, 25.781189, 43.70327, 33.28009, 75.19913, 15.0951185, 3.856553]
3.3610566, [-46.053272, -12.632086, 41.314636, 0.0, 0.0, 0.0], 0
evidence number = 7
times imitated = 0
[99.43054, 2.9126573, 22.012512, 46.90532, 26.552765, 43.678894, 18.006315, 5.939635]
2.4841707, [-45.590034, -31.188494, 23.22147, 0.0, 0.0, 0.0], 0
evidence number = 7
times imitated = 1
[10.917229, 10.448792, 169.75635, 37.947834, 26.576431, 168.64267, 7.679258, 9.813512]
0.0, [0.0, 0.0, 0.0, -58.44148, -27.503616, 14.054908], 3
evidence number = 6
times imitated = 0
[168.5255, 18.856821, 30.954376, 29.80169, 100.55644, 158.83554, 8.607291, 14.681645]
7.5507164E-4, [0.0, 0.0, 0.0, -5.2760167, -33.828743, -60.89524], 5
evidence number = 6
times imitated = 1
[32.376305, 16.937382, 162.1828, 36.41968, 50.365334, 155.07706, 8.630213, 17.164915]
1.4439356, [49.82114, -0.096765086, -50.082092, 0.0, 0.0, 0.0], 2
evidence number = 5
times imitated = 1
[46.35762, 3.5716195, 103.34235, 51.636013, 95.37305, 72.54404, 19.029295, 7.33167]
2.2790775, [-23.51679, 18.345783, 58.13743, 0.0, 0.0, 0.0], 0
evidence number = 5
times imitated = 0
[175.22693, 18.855434, 47.197205, 29.802446, 116.79457, 175.0761, 8.607509, 14.681162]
7.534027E-4, [0.0, 0.0, 0.0, -84.05248, -10.693279, 5.254232], 3
evidence number = 5
times imitated = 1
[30.280685, 2.9126573, 47.137344, 46.90532, 45.78917, 42.890366, 17.493872, 4.9928036]
0.0, [0.0, 0.0, 0.0, -36.96737, 4.6676636, 58.36497], 3
evidence number = 5
times imitated = 1
[11.916443, 16.62234, 153.3375, 36.41968, 99.37075, 164.93512, 8.741397, 30.562855]
0.0, [0.0, 0.0, 0.0, -8.561631, -24.303782, 67.13458], 4
evidence number = 4
times imitated = 0
[14.686913, 22.650112, 175.56226, 22.369617, 11.030327, 26.870895, 20.611435, 7.953707]
0.73496735, [37.603634, -30.216717, -32.179653, 0.0, 0.0, 0.0], -1
evidence number = 4
times imitated = 0
[14.44429, 30.665277, 174.34378, 22.369617, 0.9850006, 47.91401, 17.974934, 2.4913566]
0.0, [0.0, 0.0, 0.0, -58.48292, -4.8084826, 36.708603], 3
evidence number = 4
times imitated = 0
[3.4689713, 20.095789, 174.23209, 35.15663, 173.64334, 135.15283, 37.6167, 39.20668]
1.1285615, [32.54334, 35.262276, -32.19439, 0.0, 0.0, 0.0], 2
evidence number = 4
times imitated = 0
[177.9397, 18.854275, 40.360046, 29.803057, 109.954636, 168.23586, 8.608443, 14.681304]
7.661581E-4, [0.0, 0.0, 0.0, 46.201714, -10.754412, -43.043873], -1
evidence number = 4
times imitated = 0
[67.30496, 2.9126573, 10.113068, 46.90532, 5.565918, 10.395294, 18.006317, 5.8502626]
0.0, [0.0, 0.0, 0.0, 33.180706, 22.438828, 44.38047], -1
evidence number = 4
times imitated = 0
[-7.4648476, 20.348423, 77.37515, 67.4633, 80.96155, 78.34662, 4.8161135, 17.271769]
0.006194897, [0.0, 0.0, 0.0, -37.791355, -24.554205, 37.654438], 3
evidence number = 4
times imitated = 1
[47.28229, 16.93556, 147.2768, 36.41968, 101.26347, 137.54846, 6.047982, 23.067677]
0.020000098, [0.0, 0.0, 0.0, 36.511772, 23.504967, -39.983257], 5
evidence number = 3
times imitated = 0
[41.845303, 10.8891, 174.44537, 28.113403, 38.903748, 91.29028, 13.85184, 6.141503]
4.9374084, [70.19319, 3.943396, -25.863409, 0.0, 0.0, 0.0], 2
evidence number = 3
times imitated = 2
[35.431984, 30.665678, 153.35443, 22.369617, 7.8279877, 93.4127, 15.296974, 4.176024]
0.0, [0.0, 0.0, 0.0, 0.7020825, -63.821667, -35.476246], 4
evidence number = 3
times imitated = 0
[64.89009, 30.666492, 123.89519, 22.369617, 15.357803, 98.90474, 13.285546, 4.5195413]
0.0, [0.0, 0.0, 0.0, 42.554653, -14.893124, -42.552223], -1
evidence number = 3
times imitated = 0
[6.604233, 4.8858647, 112.1944, 52.212852, 100.177795, 112.40668, 20.90924, 7.2455397]
1.5155073, [1.9601798, -3.437602, -94.60222, 0.0, 0.0, 0.0], 2
evidence number = 3
times imitated = 1
[28.129303, 12.42778, 90.049255, 54.096825, 92.01654, 90.41638, 5.335704, 17.161142]
1.1330718, [-10.218254, -2.2545166, -87.52723, 0.0, 0.0, 0.0], 2
evidence number = 3
times imitated = 0
[15.663498, 9.32541, 89.44806, 52.27089, 88.76001, 88.530334, 5.1038475, 17.813625]
0.0, [0.0, 0.0, 0.0, 36.914978, 18.457489, -44.627533], 5
evidence number = 3
times imitated = 2
[8.282791, 3.6538992, 64.06731, 47.336235, 63.689896, 63.976913, 17.514303, 4.9883785]
0.63973147, [-33.47448, -31.44992, -35.075603, 0.0, 0.0, 0.0], -1
evidence number = 3
times imitated = 0
[11.504974, 24.656815, 152.32347, 22.369617, 14.216507, 2.1666107, 21.908201, 9.067361]
0.0, [0.0, 0.0, 0.0, 45.93284, 29.83501, 24.232151], -1
evidence number = 2
times imitated = 0
[21.806217, 25.70512, 143.31947, 22.369617, 24.31699, 13.846828, 22.454586, 9.604649]
0.0, [0.0, 0.0, 0.0, 66.451355, 10.654514, -22.894129], 5
evidence number = 2
times imitated = 0
[84.27715, 30.083508, 104.17682, 22.369617, 35.07617, 79.18637, 13.285546, 4.5195413]
0.0, [0.0, 0.0, 0.0, 48.23703, 3.7469893, -48.01598], 5
evidence number = 2
times imitated = 0
[13.817871, 3.0359511, 105.583664, 52.241047, 100.06856, 94.39134, 17.239931, 5.4384794]
0.6894723, [-18.912498, 5.2132297, 75.87427, 0.0, 0.0, 0.0], -1
evidence number = 2
times imitated = 0
[30.325512, 19.160446, 150.24942, 36.084064, 149.60883, 160.10365, 38.537178, 38.76648]
1.997014, [33.399853, 35.07875, -31.521399, 0.0, 0.0, 0.0], 2
evidence number = 2
times imitated = 3
[56.394928, 4.2737536, 146.89069, 29.797121, 115.19651, 48.144386, 2.9207196, 3.3326464]
7.3957443E-4, [0.0, 0.0, 0.0, 42.374985, 20.167782, -37.45723], 5
evidence number = 2
times imitated = 1
[48.39113, 4.2685204, 150.23232, 29.797432, 104.42728, 46.429153, 2.8582802, 3.8665621]
7.4219704E-4, [0.0, 0.0, 0.0, 68.53204, 26.656406, 4.811551], -1
evidence number = 2
times imitated = 0
[144.99324, 4.891232, 29.845856, 44.067635, 38.89328, 82.24826, 15.369283, 4.5581837]
0.26879835, [-44.48736, -23.963017, 31.549623, 0.0, 0.0, 0.0], -1
evidence number = 2
times imitated = 0
[28.081963, 6.1795664, 168.66165, 37.947834, 0.1982956, 172.21237, 6.3469896, 9.385482]
0.0, [0.0, 0.0, 0.0, -16.330076, -24.534039, -59.135883], 5
evidence number = 1
times imitated = 0
[19.209236, 7.0771008, 173.02264, 37.947834, 4.8031387, 176.15976, 6.424939, 9.023799]
0.0, [0.0, 0.0, 0.0, -36.98086, -53.00291, -10.016229], 4
evidence number = 1
times imitated = 0
[23.400558, 9.60949, 158.70564, 37.947834, 6.2190857, 159.7144, 7.3754263, 9.094169]
0.0, [0.0, 0.0, 0.0, 49.24732, 29.725313, 21.02737], -1
evidence number = 1
times imitated = 0
[11.976608, 12.247315, 162.23035, 37.833538, 1.6457062, 164.35971, 8.342263, 11.307999]
0.12000082, [50.179516, -0.9544106, -48.866074, 0.0, 0.0, 0.0], -1
evidence number = 1
times imitated = 0
[32.519302, 16.936897, 162.0398, 36.41968, 54.221085, 154.08688, 8.107985, 18.706966]
0.5784048, [49.050255, 2.513891, -48.435856, 0.0, 0.0, 0.0], -1
evidence number = 1
times imitated = 0
[20.43029, 16.935076, 174.1288, 36.41968, 89.418884, 163.91838, 5.9638863, 24.621662]
0.0, [0.0, 0.0, 0.0, -42.19311, -15.61372, 42.193165], 3
evidence number = 1
times imitated = 0
[18.36985, 16.0419, 146.51328, 36.41968, 98.284454, 158.40268, 9.867673, 32.004963]
0.0, [0.0, 0.0, 0.0, 85.14424, 8.50301, 6.3527527], -1
evidence number = 1
times imitated = 0
[8.909393, 23.145576, 170.5408, 22.369617, 5.494095, 20.312744, 20.919071, 8.2230215]
0.0, [0.0, 0.0, 0.0, -4.428107, 36.326656, 59.24524], 3
evidence number = 1
times imitated = 0
[2.167305, 23.627024, 164.6192, 22.369617, 0.9233475, 12.855217, 21.290548, 8.512129]
0.0, [0.0, 0.0, 0.0, 18.353338, 30.382725, 51.26394], -1
evidence number = 1
times imitated = 0
[21.153214, 26.226633, 144.61746, 22.369617, 23.615166, 13.9645, 22.70852, 9.855644]
0.0, [0.0, 0.0, 0.0, 50.58316, -1.4026545, -48.014183], -1
evidence number = 1
times imitated = 0
[18.716522, 26.80356, 147.76648, 22.369617, 21.154762, 12.469383, 22.95524, 10.085091]
0.0, [0.0, 0.0, 0.0, 37.69449, -12.850706, -49.454803], 5
evidence number = 1
times imitated = 0
[42.359367, 30.665693, 146.42645, 22.369617, 9.446457, 88.59535, 14.552067, 4.1500506]
0.0, [0.0, 0.0, 0.0, 32.122383, -31.379015, -36.498604], 5
evidence number = 1
times imitated = 0
[0.18481445, 3.4116251, 114.430664, 52.241047, 111.361084, 112.63776, 17.861904, 5.9004674]
0.030000834, [0.0, 0.0, 0.0, -20.398914, -24.442402, 55.158688], 4
evidence number = 1
times imitated = 0
[28.587158, 3.4118948, 85.66167, 52.241047, 82.757706, 89.06227, 18.570515, 6.2949853]
0.0, [0.0, 0.0, 0.0, 53.330368, 7.132853, -39.536777], 5
evidence number = 1
times imitated = 0
[23.067444, 3.915359, 87.565414, 52.22767, 82.20024, 89.650925, 19.145489, 6.34361]
0.53916407, [3.7166047, 2.8631608, -93.420235, 0.0, 0.0, 0.0], -1
evidence number = 1
times imitated = 0
[12.833405, 11.675342, 73.86801, 54.063942, 82.05667, 75.68521, 5.2662086, 17.236261]
0.3000021, [-20.11664, -12.755259, -67.1281, 0.0, 0.0, 0.0], -1
evidence number = 1
times imitated = 0
[41.006424, 19.311066, 139.12996, 35.93253, 138.49654, 171.46461, 38.38671, 40.038754]
0.45141348, [32.460777, 36.12188, -31.417343, 0.0, 0.0, 0.0], -1
evidence number = 1
times imitated = 0
[1.6705704, 20.095512, 179.37097, 35.15663, 178.78223, 130.01337, 37.6167, 39.206516]
0.9496871, [32.46607, 35.32134, -32.212593, 0.0, 0.0, 0.0], -1
evidence number = 1
times imitated = 0
[2.0825272, 20.01389, 179.72998, 35.15663, 179.14124, 129.65373, 37.6167, 39.206333]
0.0, [0.0, 0.0, 0.0, -42.24097, 21.121578, 36.63745], 3
evidence number = 1
times imitated = 1
[3.7583313, 8.450446, 78.59166, 52.27089, 77.90361, 77.673935, 5.1038475, 17.813625]
0.0, [0.0, 0.0, 0.0, -47.33273, -26.021442, 26.645828], 3
evidence number = 1
times imitated = 2
[6.2365723, 5.9503717, 128.45265, 14.275181, 130.25969, 122.74086, 3.4809535, 8.045842]
0.0013456831, [0.0, 0.0, 0.0, -29.206297, -41.39786, 29.395844], 4
evidence number = 1
times imitated = 0
[15.415817, 6.9447207, 117.27713, 14.27592, 119.07913, 114.9541, 3.4816804, 9.013415]
0.0013805542, [0.0, 0.0, 0.0, 49.965553, 7.6801233, -42.354324], 5
evidence number = 1
times imitated = 1
[8.479439, 6.944592, 141.16446, 14.276564, 142.9609, 138.8406, 3.4823117, 9.014076]
0.0013047889, [0.0, 0.0, 0.0, -61.65219, -32.74168, -5.6061277], 3
evidence number = 1
times imitated = 0
[46.853096, 4.4377694, 147.0009, 29.797577, 94.39293, 25.491318, 2.88896, 4.477562]
7.6150894E-4, [0.0, 0.0, 0.0, 32.18785, 46.21213, 21.600018], -1
evidence number = 1
times imitated = 0
[27.883133, 4.604765, 156.91623, 29.797867, 91.44697, 20.720032, 3.0653605, 5.184149]
7.505417E-4, [0.0, 0.0, 0.0, -19.18782, 26.243645, 54.568535], 3
evidence number = 1
times imitated = 0
[33.43714, 5.389682, 145.83664, 29.798027, 74.65572, 8.348595, 3.2118206, 5.326666]
7.5387955E-4, [0.0, 0.0, 0.0, 22.75313, 57.26631, 19.980558], -1
evidence number = 1
times imitated = 0
[48.951996, 6.284696, 125.20792, 29.798183, 48.908417, 11.049484, 3.4309294, 6.6601324]
7.572174E-4, [0.0, 0.0, 0.0, 57.82632, 40.87763, -1.2960508], 5
evidence number = 1
times imitated = 2
[59.224205, 7.1220894, 110.77382, 29.79831, 30.747833, 25.973068, 3.6880162, 7.170754]
7.367134E-4, [0.0, 0.0, 0.0, 74.176445, -0.49320197, -25.330357], -1
evidence number = 1
times imitated = 0
[173.36813, 19.05334, 37.314636, 29.994204, 108.33186, 164.29776, 8.99469, 15.133232]
0.23902819, [-33.16605, 26.546501, 40.287445, 0.0, 0.0, 0.0], -1
evidence number = 1
times imitated = 0
[92.68039, 2.9126573, 15.26236, 46.90532, 19.804138, 36.92578, 18.00629, 5.939848]
0.48000473, [-49.034863, -41.261642, 9.703491, 0.0, 0.0, 0.0], -1
evidence number = 1
times imitated = 0
[22.301437, 2.91266, 55.116653, 46.90532, 54.790085, 54.667038, 17.347921, 4.880302]
0.0, [0.0, 0.0, 0.0, -37.408417, -25.183224, 37.40836], 3
evidence number = 1
times imitated = 0
[10.082916, 2.91266, 67.335175, 46.90532, 68.03003, 70.84198, 17.208088, 4.7892733]
0.0, [0.0, 0.0, 0.0, -36.688717, -26.62262, 36.68866], 3
evidence number = 1
times imitated = 1
[29.424683, 2.91266, 47.99341, 46.90532, 48.687866, 51.498657, 17.2071, 4.7873487]
0.0, [0.0, 0.0, 0.0, -31.689423, -36.621323, 31.689253], 4
evidence number = 1
times imitated = 0
[-3.1451921, 23.176773, 73.26645, 67.45903, 79.4866, 74.485596, 4.7021456, 17.206427]
0.006638917, [0.0, 0.0, 0.0, 0.0, 0.0, 0.0], -1
evidence number = 1
times imitated = 0
total contexts =70total imitated =29

POS IMITATED
1,RELROT:133.66257 MEDIST:6.9434085 GOALROT:29.328323 GOALDIST:14.28116 OPPROT:15.325643;31.662354; OPPDIST3.4862185;9.018143;
Change = goal dist: 0.0 opp dist: 0.0 me dist: 0.0
goal rot: 30.274748 opp rot: 13.914522 me rot: -46.3024,5,
1,RELROT:87.6106 MEDIST:14.365388 GOALROT:25.642334 GOALDIST:38.949272 OPPROT:55.414738;64.502396; OPPDIST10.916202;4.7166643;
Change = goal dist: -49.823433 opp dist: 8.52104 me dist: 14.697973
goal rot: 0.0 opp rot: 0.0 me rot: 0.0,0,
1,RELROT:154.25607 MEDIST:24.561157 GOALROT:49.315735 GOALDIST:42.174335 OPPROT:129.36833;74.020996; OPPDIST8.113848;14.286615;
Change = goal dist: -45.854347 opp dist: 5.6181765 me dist: 46.949986
goal rot: 0.0 opp rot: 0.0 me rot: 0.0,0,
1,RELROT:122.1512 MEDIST:10.890457 GOALROT:30.059174 GOALDIST:56.146908 OPPROT:34.157013;29.825012; OPPDIST4.921146;17.512379;
Change = goal dist: 0.0 opp dist: 0.0 me dist: 0.0
goal rot: 23.483412 opp rot: 11.934377 me rot: -51.04348,5,
1,RELROT:50.805298 MEDIST:9.32274 GOALROT:124.60574 GOALDIST:52.27089 OPPROT:123.9202;123.68802; OPPDIST5.103463;17.813625;
Change = goal dist: 0.0 opp dist: 0.0 me dist: 0.0
goal rot: -44.722664 opp rot: -22.361332 me rot: -32.916,3,
1,RELROT:61.605133 MEDIST:17.778633 GOALROT:51.43576 GOALDIST:52.128006 OPPROT:65.130035;83.973114; OPPDIST24.588095;9.0085;
Change = goal dist: -53.479305 opp dist: 1.1395397 me dist: -36.36577
goal rot: 0.0 opp rot: 0.0 me rot: 0.0,0,
1,RELROT:143.4353 MEDIST:5.017741 GOALROT:7.8809814 GOALDIST:35.58907 OPPROT:11.607086;7.0375366; OPPDIST8.610554;4.8011823;
Change = goal dist: -44.471184 opp dist: -18.899044 me dist: 32.1796
goal rot: 0.0 opp rot: 0.0 me rot: 0.0,0,
1,RELROT:165.43532 MEDIST:17.778633 GOALROT:175.60469 GOALDIST:52.128006 OPPROT:145.78984;120.1429; OPPDIST54.150383;39.328735;
Change = goal dist: 0.0 opp dist: 0.0 me dist: 0.0
goal rot: -45.489555 opp rot: 26.804527 me rot: -23.138412,3,
2,RELROT:118.95056 MEDIST:22.80617 GOALROT:125.90613 GOALDIST:53.886623 OPPROT:126.753265;148.3659; OPPDIST25.482704;36.851933;
Change = goal dist: 0.0 opp dist: 0.0 me dist: 0.0
goal rot: -38.26529 opp rot: -23.46942 me rot: -38.26529,3,
1,RELROT:114.51024 MEDIST:9.627397 GOALROT:73.81445 GOALDIST:35.826675 OPPROT:105.074005;140.65958; OPPDIST8.697413;6.705717;
Change = goal dist: 0.0 opp dist: 0.0 me dist: 0.0
goal rot: -30.786236 opp rot: -34.217327 me rot: 29.993698,4,
1,RELROT:33.48755 MEDIST:17.505993 GOALROT:56.87915 GOALDIST:55.585945 OPPROT:33.391083;55.356598; OPPDIST22.568552;34.084225;
Change = goal dist: 0.0 opp dist: 0.0 me dist: 0.0
goal rot: -40.20014 opp rot: -19.591248 me rot: -40.20861,5,
1,RELROT:6.767151 MEDIST:16.559153 GOALROT:32.667206 GOALDIST:55.031864 OPPROT:23.13675;32.621033; OPPDIST11.42297;20.249485;
Change = goal dist: -32.59775 opp dist: -33.383698 me dist: -34.01855
goal rot: 0.0 opp rot: 0.0 me rot: 0.0,2,
1,RELROT:21.071655 MEDIST:4.738435 GOALROT:13.969818 GOALDIST:47.336235 OPPROT:13.592834;26.119934; OPPDIST17.51377;6.2103996;
Change = goal dist: 0.0 opp dist: 0.0 me dist: 0.0
goal rot: 63.06515 opp rot: 23.931063 me rot: -13.003787,5,
1,RELROT:14.069458 MEDIST:27.504608 GOALROT:33.244324 GOALDIST:72.91838 OPPROT:44.444977;39.74997; OPPDIST10.779999;27.11582;
Change = goal dist: 0.0 opp dist: 0.0 me dist: 0.0
goal rot: -38.423866 opp rot: -23.147104 me rot: 38.429028,3,
1,RELROT:24.93068 MEDIST:3.9589505 GOALROT:35.277786 GOALDIST:47.336235 OPPROT:34.900375;35.184433; OPPDIST17.514303;4.986039;
Change = goal dist: 0.0 opp dist: 0.0 me dist: 0.0
goal rot: 45.60205 opp rot: 22.80296 me rot: -31.59499,5,
1,RELROT:54.540268 MEDIST:9.66989 GOALROT:63.153 GOALDIST:48.314537 OPPROT:79.791794;116.85985; OPPDIST18.320347;5.3429875;
Change = goal dist: -39.81055 opp dist: 18.827732 me dist: -41.36172
goal rot: 0.0 opp rot: 0.0 me rot: 0.0,2,
1,RELROT:124.59919 MEDIST:22.80617 GOALROT:131.55475 GOALDIST:53.886623 OPPROT:132.41382;154.74701; OPPDIST27.050766;38.30086;
Change = goal dist: 0.0 opp dist: 0.0 me dist: 0.0
goal rot: -39.028114 opp rot: -21.943758 me rot: -39.028122,5,

NONPOS IMITATED
3,RELROT:176.7078 MEDIST:9.409304 GOALROT:35.816742 GOALDIST:38.130535 OPPROT:58.01354;123.84042; OPPDIST10.71486;6.404825;
Change = goal dist: -38.337547 opp dist: 16.89324 me dist: 44.769215
goal rot: 0.0 opp rot: 0.0 me rot: 0.0,0,
4,RELROT:80.84464 MEDIST:5.7564983 GOALROT:175.4693 GOALDIST:35.995193 OPPROT:78.52112;141.46545; OPPDIST9.73784;9.554567;
Change = goal dist: 0.0 opp dist: 0.0 me dist: 0.0
goal rot: -46.048073 opp rot: -20.006681 me rot: -33.945244,3,
1,RELROT:99.43054 MEDIST:2.9126573 GOALROT:22.012512 GOALDIST:46.90532 OPPROT:26.552765;43.678894; OPPDIST18.006315;5.939635;
Change = goal dist: -45.590034 opp dist: -31.188494 me dist: 23.22147
goal rot: 0.0 opp rot: 0.0 me rot: 0.0,0,
1,RELROT:168.5255 MEDIST:18.856821 GOALROT:30.954376 GOALDIST:29.80169 OPPROT:100.55644;158.83554; OPPDIST8.607291;14.681645;
Change = goal dist: 0.0 opp dist: 0.0 me dist: 0.0
goal rot: -4.245599 opp rot: -27.221912 me rot: -49.002262,5,
1,RELROT:32.376305 MEDIST:16.937382 GOALROT:162.1828 GOALDIST:36.41968 OPPROT:50.365334;155.07706; OPPDIST8.630213;17.164915;
Change = goal dist: 49.58376 opp dist: -0.09630403 me dist: -49.843468
goal rot: 0.0 opp rot: 0.0 me rot: 0.0,2,
1,RELROT:175.22693 MEDIST:18.855434 GOALROT:47.197205 GOALDIST:29.802446 OPPROT:116.79457;175.0761; OPPDIST8.607509;14.681162;
Change = goal dist: 0.0 opp dist: 0.0 me dist: 0.0
goal rot: -76.79956 opp rot: -9.770552 me rot: 4.8008423,3,
1,RELROT:30.280685 MEDIST:2.9126573 GOALROT:47.137344 GOALDIST:46.90532 OPPROT:45.78917;42.890366; OPPDIST17.493872;4.9928036;
Change = goal dist: 0.0 opp dist: 0.0 me dist: 0.0
goal rot: -32.643475 opp rot: 4.1217093 me rot: 51.5383,3,
1,RELROT:-7.4648476 MEDIST:20.348423 GOALROT:77.37515 GOALDIST:67.4633 OPPROT:80.96155;78.34662; OPPDIST4.8161135;17.271769;
Change = goal dist: 0.0 opp dist: 0.0 me dist: 0.0
goal rot: -37.791355 opp rot: -24.554205 me rot: 37.654438,3,
2,RELROT:41.845303 MEDIST:10.8891 GOALROT:174.44537 GOALDIST:28.113403 OPPROT:38.903748;91.29028; OPPDIST13.85184;6.141503;
Change = goal dist: 67.11527 opp dist: 3.7704806 me dist: -24.729315
goal rot: 0.0 opp rot: 0.0 me rot: 0.0,2,
1,RELROT:6.604233 MEDIST:4.8858647 GOALROT:112.1944 GOALDIST:52.212852 OPPROT:100.177795;112.40668; OPPDIST20.90924;7.2455397;
Change = goal dist: 1.9601798 opp dist: -3.437602 me dist: -94.60222
goal rot: 0.0 opp rot: 0.0 me rot: 0.0,2,
2,RELROT:15.663498 MEDIST:9.32541 GOALROT:89.44806 GOALDIST:52.27089 OPPROT:88.76001;88.530334; OPPDIST5.1038475;17.813625;
Change = goal dist: 0.0 opp dist: 0.0 me dist: 0.0
goal rot: 22.698338 opp rot: 11.349169 me rot: -27.440645,5,
3,RELROT:30.325512 MEDIST:19.160446 GOALROT:150.24942 GOALDIST:36.084064 OPPROT:149.60883;160.10365; OPPDIST38.537178;38.76648;
Change = goal dist: 33.399853 opp dist: 35.07875 me dist: -31.521397
goal rot: 0.0 opp rot: 0.0 me rot: 0.0,2,
1,RELROT:56.394928 MEDIST:4.2737536 GOALROT:146.89069 GOALDIST:29.797121 OPPROT:115.19651;48.144386; OPPDIST2.9207196;3.3326464;
Change = goal dist: 0.0 opp dist: 0.0 me dist: 0.0
goal rot: 42.374985 opp rot: 20.167782 me rot: -37.45723,5,
1,RELROT:2.0825272 MEDIST:20.01389 GOALROT:179.72998 GOALDIST:35.15663 OPPROT:179.14124;129.65373; OPPDIST37.6167;39.206333;
Change = goal dist: 0.0 opp dist: 0.0 me dist: 0.0
goal rot: -42.24097 opp rot: 21.121578 me rot: 36.63745,3,
2,RELROT:3.7583313 MEDIST:8.450446 GOALROT:78.59166 GOALDIST:52.27089 OPPROT:77.90361;77.673935; OPPDIST5.1038475;17.813625;
Change = goal dist: 0.0 opp dist: 0.0 me dist: 0.0
goal rot: -47.33273 opp rot: -26.021442 me rot: 26.645828,3,
1,RELROT:15.415817 MEDIST:6.9447207 GOALROT:117.27713 GOALDIST:14.27592 OPPROT:119.07913;114.9541; OPPDIST3.4816804;9.013415;
Change = goal dist: 0.0 opp dist: 0.0 me dist: 0.0
goal rot: 49.965553 opp rot: 7.6801233 me rot: -42.354324,5,
2,RELROT:48.951996 MEDIST:6.284696 GOALROT:125.20792 GOALDIST:29.798183 OPPROT:48.908417;11.049484; OPPDIST3.4309294;6.6601324;
Change = goal dist: 0.0 opp dist: 0.0 me dist: 0.0
goal rot: 57.82632 opp rot: 40.87763 me rot: -1.2960508,5,
1,RELROT:10.082916 MEDIST:2.91266 GOALROT:67.335175 GOALDIST:46.90532 OPPROT:68.03003;70.84198; OPPDIST17.208088;4.7892733;
Change = goal dist: 0.0 opp dist: 0.0 me dist: 0.0
goal rot: -36.688717 opp rot: -26.62262 me rot: 36.68866,3,

