POS CONTEXTS:
[91.437584, 36.426933, 13.231441, 53.544094, 13.330677, 14.264335, 18.157454, 6.3251348]
0.0, [0.0, 0.0, 0.0, 32.95592, 16.137375, -50.9067], 5
evidence number = 16
times imitated = 1
[123.14948, 24.73334, 130.82233, 56.59247, 170.70578, 148.81018, 8.299644, 18.994093]
0.0032959776, [0.0, 0.0, 0.0, -23.355064, -14.895301, -61.74964], 5
evidence number = 15
times imitated = 1
[136.55249, 33.392605, 22.551666, 35.990032, 33.30832, 112.390884, 4.4356637, 5.568857]
6.1426635, [-44.091656, 9.062473, 46.84587, 0.0, 0.0, 0.0], 0
evidence number = 14
times imitated = 0
[102.47672, 25.706692, 149.37006, 36.726345, 149.00624, 146.17575, 9.043143, 6.174494]
0.0030266324, [0.0, 0.0, 0.0, -40.903507, -18.187685, -40.908806], 5
evidence number = 13
times imitated = 0
[80.750275, 4.396714, 49.308487, 43.084908, 96.78788, 149.34584, 9.944618, 15.914627]
8.233932, [-27.126377, 46.35198, 26.52164, 0.0, 0.0, 0.0], 0
evidence number = 12
times imitated = 0
[89.65329, 8.455805, 21.207214, 57.10913, 31.2266, 21.92933, 7.760948, 18.118807]
0.0, [0.0, 0.0, 0.0, 39.208427, 20.325119, 40.466454], -1
evidence number = 11
times imitated = 0
[162.22906, 22.65788, 95.94658, 34.176163, 122.5447, 140.62646, 11.066467, 8.566726]
7.489248, [12.304915, 40.233753, 47.46133, 0.0, 0.0, 0.0], -1
evidence number = 10
times imitated = 0
[113.690544, 24.556988, 114.689445, 56.790108, 126.99438, 126.45483, 42.97481, 24.39917]
0.0, [0.0, 0.0, 0.0, -39.863194, -20.274784, -39.862022], 3
evidence number = 9
times imitated = 0
[12.108202, 9.017536, 72.31137, 55.610607, 56.528473, 71.61383, 5.379924, 17.373579]
0.26990923, [-23.746393, -32.2807, -43.972908, 0.0, 0.0, 0.0], -1
evidence number = 9
times imitated = 0
[59.262024, 23.357985, 45.972626, 49.125668, 45.677887, 46.73584, 17.514908, 5.012268]
0.0021627326, [0.0, 0.0, 0.0, -15.6722765, -9.312442, -75.01528], 5
evidence number = 9
times imitated = 1
[178.03485, 16.240652, 106.24222, 35.700718, 137.82654, 149.53662, 15.777809, 12.557502]
3.5950565, [-16.257246, 28.124125, 55.618633, 0.0, 0.0, 0.0], 0
evidence number = 9
times imitated = 0
[107.7386, 42.985195, 96.69768, 53.58902, 112.06847, 95.7534, 12.929672, 19.516602]
0.0, [0.0, 0.0, 0.0, -35.214073, -17.499914, -47.286015], 5
evidence number = 8
times imitated = 0
[61.507614, 10.674198, 39.154205, 31.805708, 144.45093, 51.959625, 6.643615, 3.8896174]
0.0011354642, [0.0, 0.0, 0.0, 40.94442, 17.852457, -41.203125], 5
evidence number = 8
times imitated = 0
[9.956741, 30.790432, 105.50639, 52.279, 68.63397, 22.54071, 18.664574, 15.574579]
0.0, [0.0, 0.0, 0.0, -69.38454, 1.529736, 29.085732], 3
evidence number = 8
times imitated = 0
[154.1113, 28.778513, 41.79605, 42.049767, 79.90073, 160.86227, 9.878589, 9.531287]
3.3362825, [-42.541264, 17.286957, 40.171783, 0.0, 0.0, 0.0], 0
evidence number = 7
times imitated = 0
[27.751587, 35.19025, 49.27182, 53.58902, 50.5206, 49.341003, 5.224485, 17.393469]
6.027247, [-36.36155, -15.545, -48.09345, 0.0, 0.0, 0.0], 2
evidence number = 7
times imitated = 0
[177.5008, 42.985195, 171.45828, 53.58902, 159.214, 168.25931, 35.439236, 24.817232]
0.0, [0.0, 0.0, 0.0, -40.199512, -20.0313, -39.76919], 3
evidence number = 7
times imitated = 0
[51.09156, 10.880239, 43.58048, 36.126507, 52.437553, -10.710598, 14.468353, 7.398]
0.0021547887, [0.0, 0.0, 0.0, -46.621605, 5.4234257, 47.95497], 3
evidence number = 7
times imitated = 0
[1.9051018, 23.018793, 117.75883, 36.131348, 8.892872, 37.662983, 24.44484, 17.590092]
0.0020393247, [0.0, 0.0, 0.0, -56.196774, 4.437009, 39.36622], 3
evidence number = 7
times imitated = 0
[25.368408, 9.536213, 47.20279, 57.10913, 5.4055786, 36.035675, 9.77586, 19.671772]
0.0, [0.0, 0.0, 0.0, -39.751804, -13.9187765, 46.329422], 3
evidence number = 7
times imitated = 0
[23.01891, 11.0670595, 62.416992, 55.608864, 41.64026, 16.089844, 7.6252856, 16.35041]
0.17142972, [3.0186284, -21.844942, -75.13644, 0.0, 0.0, 0.0], -1
evidence number = 7
times imitated = 0
[0.2032032, 31.164194, 95.3766, 55.247166, 76.45091, 80.63713, 21.56939, 9.944019]
2.582799, [-13.339245, 22.99727, 63.663483, 0.0, 0.0, 0.0], 0
evidence number = 7
times imitated = 2
[71.29957, 19.548544, 113.23997, 38.09359, 129.0896, 141.52798, 10.889748, 7.4485364]
8.527296, [34.68972, 50.621025, 14.689257, 0.0, 0.0, 0.0], -1
evidence number = 7
times imitated = 0
[17.830658, 27.154594, 146.68831, 25.937252, 47.684864, 27.901337, 19.91076, 27.514612]
0.0015769686, [0.0, 0.0, 0.0, -71.577896, -4.3100996, 24.112007], 3
evidence number = 7
times imitated = 0
[147.23418, 20.139812, 12.6128235, 33.521683, 80.88501, 48.275436, 17.68989, 25.280577]
2.6653566, [-38.158817, -25.197617, 36.64357, 0.0, 0.0, 0.0], 0
evidence number = 7
times imitated = 1
[17.78305, 21.914328, 104.50929, 32.110283, 24.270844, 7.137253, 15.146368, 22.226171]
0.0, [0.0, 0.0, 0.0, -46.80597, 26.264719, 26.929314], 3
evidence number = 6
times imitated = 0
[89.836266, 19.310358, 2.7047424, 54.16569, 3.8888245, 6.742676, 17.562193, 4.8654933]
0.64980525, [-45.84729, -45.12199, 9.03072, 0.0, 0.0, 0.0], -1
evidence number = 6
times imitated = 0
[28.737213, 20.827124, 46.831238, 54.16569, 39.69626, 19.591888, 18.002468, 4.593363]
0.0, [0.0, 0.0, 0.0, -28.25879, 0.21523479, 71.52598], 3
evidence number = 6
times imitated = 0
[65.9498, 25.320305, 7.5534973, 54.84501, 8.040344, 8.364777, 21.161703, 8.620972]
0.0, [0.0, 0.0, 0.0, 42.151875, 21.816832, -36.031292], 5
evidence number = 6
times imitated = 0
[-21.914104, 25.92608, 50.473103, 55.276897, 12.15163, 19.843372, 38.308323, 34.559288]
0.5507988, [-25.909237, -38.21562, -35.875145, 0.0, 0.0, 0.0], -1
evidence number = 6
times imitated = 0
[167.5159, 15.190947, 82.71721, 36.335297, 149.74701, 157.87994, 10.082337, 21.838694]
0.0034263504, [0.0, 0.0, 0.0, -39.52402, -28.142006, -32.33397], 3
evidence number = 6
times imitated = 0
[143.46954, 36.426933, 50.624138, 53.544094, 53.81402, 42.117943, 20.229576, 9.834674]
0.0, [0.0, 0.0, 0.0, -42.55758, -14.884843, -42.55758], 3
evidence number = 6
times imitated = 1
[13.552704, 35.550583, 29.16748, 53.58902, 30.41626, 29.236664, 5.224485, 17.393469]
0.0, [0.0, 0.0, 0.0, 43.21574, 21.60787, 35.176388], -1
evidence number = 6
times imitated = 0
[70.772705, 27.43632, 4.037567, 61.17049, 35.096237, 3.811676, 18.58477, 21.011072]
4.992845, [-46.68685, -38.097607, -15.215546, 0.0, 0.0, 0.0], 0
evidence number = 6
times imitated = 1
[127.54195, 43.350857, 45.528168, 41.059456, 100.081436, 53.34552, 6.2765694, 15.694837]
0.1689932, [-53.112537, -41.071312, 5.8161488, 0.0, 0.0, 0.0], -1
evidence number = 6
times imitated = 0
[125.45706, 41.51051, 43.606964, 43.061066, 110.90074, 61.23236, 13.110189, 16.249609]
2.6597238, [-50.140804, -3.7640088, 46.09519, 0.0, 0.0, 0.0], 0
evidence number = 6
times imitated = 0
[172.2347, 14.312842, 81.13001, 53.257187, 102.51231, 85.91169, 4.6349387, 16.989449]
11.156669, [-20.60878, 23.262022, 56.129192, 0.0, 0.0, 0.0], 0
evidence number = 6
times imitated = 0
[157.05934, 11.759646, 67.37009, 54.214573, 92.556244, 80.56619, 5.3949347, 17.59706]
4.715407, [-23.38792, 7.2916584, 69.32042, 0.0, 0.0, 0.0], 0
evidence number = 6
times imitated = 0
[3.116159, 25.856644, 81.597275, 56.415455, 32.51347, 8.257092, 27.70562, 24.2203]
0.019999813, [0.0, 0.0, 0.0, -42.111942, -16.343369, 41.54469], 3
evidence number = 6
times imitated = 2
[97.96567, 22.972178, 92.64728, 49.722775, 98.52933, 144.79697, 17.765602, 9.34939]
10.131689, [-19.715656, 44.012398, 36.271946, 0.0, 0.0, 0.0], 0
evidence number = 6
times imitated = 0
[100.39236, 10.892662, 9.82869, 32.994816, 10.55954, 10.396332, 8.996217, 5.0305033]
9.540232E-4, [0.0, 0.0, 0.0, 39.99636, 20.005344, -39.99829], 5
evidence number = 6
times imitated = 1
[48.325348, 17.897968, 44.34665, 32.110283, 9.104385, 72.43486, 6.8851924, 15.831443]
0.0, [0.0, 0.0, 0.0, -62.19517, -12.647468, 25.157366], 3
evidence number = 5
times imitated = 0
[123.310394, 19.44462, 33.92282, 53.40556, 34.56476, 35.91501, 17.193653, 4.691544]
7.1198893, [-45.005844, -17.677025, 37.317127, 0.0, 0.0, 0.0], 0
evidence number = 5
times imitated = 0
[90.59616, 13.648585, 11.449799, 36.327454, 12.293701, 11.135193, 5.0072494, 9.130536]
0.0033028077, [0.0, 0.0, 0.0, -38.442924, -10.191938, 51.365135], 3
evidence number = 5
times imitated = 0
[25.755814, 14.059425, 50.826706, 54.158363, 53.27034, 62.4507, 16.745327, 4.4757657]
11.6151905, [-47.468094, 34.808422, -17.723484, 0.0, 0.0, 0.0], 0
evidence number = 5
times imitated = 0
[4.0343018, 15.075302, 32.320312, 55.359165, 32.61566, 19.840027, 17.431126, 5.502629]
7.0368137, [-37.830482, -12.486968, -49.682552, 0.0, 0.0, 0.0], 2
evidence number = 5
times imitated = 0
[8.044128, 10.206778, 49.35321, 55.48797, 37.34247, 4.9437866, 19.064877, 10.535679]
0.55194056, [-30.071016, -34.559097, -35.369884, 0.0, 0.0, 0.0], -1
evidence number = 5
times imitated = 0
[177.15442, 32.539715, 80.603264, 54.101204, 80.086296, 56.95034, 30.69566, 23.453192]
3.276319, [-8.589845, -19.669064, 71.74109, 0.0, 0.0, 0.0], 1
evidence number = 5
times imitated = 0
[21.662514, 24.71267, 100.06794, 37.396393, 11.230465, 19.513575, 22.881475, 16.55766]
2.174829, [-19.311888, 38.469257, 42.218857, 0.0, 0.0, 0.0], 0
evidence number = 5
times imitated = 0
[73.57234, 8.312077, 43.800003, 35.326645, 162.49275, 36.508118, 5.7607274, 4.021675]
2.8819537, [-62.524063, 30.707561, -6.7683773, 0.0, 0.0, 0.0], 0
evidence number = 5
times imitated = 0
[49.62036, 23.25785, 32.61264, 46.819984, 10.063187, 34.45198, 15.467886, 22.651285]
6.636963, [-36.35251, -39.76949, -23.878002, 0.0, 0.0, 0.0], 1
evidence number = 5
times imitated = 0
[11.101715, 37.055885, 109.28313, 53.203133, 89.597534, 108.37663, 27.604479, 15.868854]
0.001008288, [0.0, 0.0, 0.0, -55.996178, -27.905828, 16.09799], 3
evidence number = 5
times imitated = 0
[77.30856, 26.054136, 5.340576, 57.62342, 37.60089, 6.53244, 7.7165055, 15.059345]
12.521586, [-81.66467, -14.202729, 4.132606, 0.0, 0.0, 0.0], 0
evidence number = 5
times imitated = 1
[41.26213, 43.601402, 40.90634, 40.65127, 41.87616, 40.987885, 5.050243, 17.42152]
0.1785403, [-33.841576, -33.396774, -32.76165, 0.0, 0.0, 0.0], -1
evidence number = 5
times imitated = 0
[18.570316, 24.72528, 92.84851, 56.587646, 93.540344, 93.128815, 4.995091, 17.489447]
1.165276, [22.462214, 24.720184, 52.8176, 0.0, 0.0, 0.0], -1
evidence number = 5
times imitated = 0
[178.59494, 8.455745, 105.30499, 57.10913, 104.44165, 106.36017, 4.9809084, 17.651127]
9.660934, [-3.0381684, 25.429174, 71.53266, 0.0, 0.0, 0.0], 0
evidence number = 5
times imitated = 0
[56.519733, 11.065158, 28.919647, 55.608864, 5.302246, 38.079834, 12.952946, 20.02032]
0.0, [0.0, 0.0, 0.0, 46.97963, 6.0379453, -46.982426], 5
evidence number = 5
times imitated = 1
[16.737465, 28.176098, 72.00644, 55.670723, 26.34891, 0.41739082, 25.795555, 15.752046]
2.20164, [9.901328, 43.883186, 46.215485, 0.0, 0.0, 0.0], -1
evidence number = 5
times imitated = 0
[14.281662, 23.35549, 0.994812, 49.123802, 0.69384766, 1.7280426, 17.51306, 5.0103655]
0.002295478, [0.0, 0.0, 0.0, 49.84536, 24.794693, 25.359953], -1
evidence number = 5
times imitated = 0
[59.518066, 23.732098, 70.706055, 49.818344, 71.31003, 73.142, 17.832981, 5.283784]
3.8242152, [3.0087407, 61.32592, -35.66534, 0.0, 0.0, 0.0], 2
evidence number = 5
times imitated = 0
[109.64065, 23.73559, 120.82702, 49.82189, 121.63314, 124.983604, 17.951534, 5.4960356]
0.0019638073, [0.0, 0.0, 0.0, -39.932343, -20.134264, -39.93339], 5
evidence number = 5
times imitated = 0
[101.50529, 3.00931, 83.436356, 32.38917, 98.62431, 95.51477, 9.231633, 4.2777796]
7.5875874, [12.07523, 47.502316, 40.422455, 0.0, 0.0, 0.0], -1
evidence number = 5
times imitated = 0
[57.18978, 14.796756, 54.176483, 32.99526, 39.65596, 3.0837555, 9.441662, 4.6405344]
9.7000634E-4, [0.0, 0.0, 0.0, -46.66184, 6.9977427, 46.34042], 3
evidence number = 5
times imitated = 0
[84.57789, 23.826118, 44.837296, 25.931969, 45.912582, 25.31282, 5.056611, 6.9988647]
0.84362525, [-42.558407, -44.170914, -13.270679, 0.0, 0.0, 0.0], -1
evidence number = 5
times imitated = 0
[28.240623, 23.82253, 101.17597, 25.935068, 4.54126, 13.329407, 10.9737625, 17.302732]
0.001466004, [0.0, 0.0, 0.0, -45.444244, 9.112164, 45.443592], 3
evidence number = 5
times imitated = 0
[31.636765, 16.006115, 74.19707, 32.110283, 3.427826, 39.110947, 13.392902, 21.021582]
0.0, [0.0, 0.0, 0.0, -65.972916, 22.626095, 11.400993], 3
evidence number = 4
times imitated = 0
[22.838425, 23.78204, 103.82024, 32.613113, 20.410248, 11.222473, 14.340117, 21.197971]
1.7671218, [-9.960239, 46.1646, 43.875156, 0.0, 0.0, 0.0], 0
evidence number = 4
times imitated = 0
[141.50642, 22.629505, 38.59955, 48.611843, 47.278046, 106.844055, 13.823101, 3.048998]
6.056296, [-40.652275, 14.437639, 44.910088, 0.0, 0.0, 0.0], 0
evidence number = 4
times imitated = 0
[44.598297, 25.320305, 28.904999, 54.84501, 3.3865051, 1.9447021, 30.454058, 19.22959]
0.0, [0.0, 0.0, 0.0, -63.0902, 2.1280727, 34.78173], 3
evidence number = 4
times imitated = 1
[51.931705, 25.926731, 124.31296, 55.279697, 85.99411, 90.723785, 38.310474, 43.157703]
0.0024088074, [0.0, 0.0, 0.0, -40.25614, -19.484459, -40.2594], 5
evidence number = 4
times imitated = 1
[101.59964, 31.721329, 163.5247, 54.101204, 162.86086, 138.3766, 39.206142, 30.973766]
0.0, [0.0, 0.0, 0.0, -41.34255, -20.373741, 38.28371], 3
evidence number = 4
times imitated = 0
[84.279305, 42.985195, 73.23838, 53.58902, 92.77291, 70.26313, 23.332022, 25.969355]
0.0, [0.0, 0.0, 0.0, 39.35811, 21.283783, 39.35811], -1
evidence number = 4
times imitated = 0
[12.444962, 26.405416, 74.43312, 46.819984, 25.90474, 2.9293823, 24.168533, 27.99139]
0.0, [0.0, 0.0, 0.0, -50.306213, 11.851231, 37.84256], 3
evidence number = 4
times imitated = 0
[0.16824341, 31.053322, 85.32767, 46.963177, 35.812073, 10.331604, 27.821104, 29.440294]
1.1067696, [-6.0630674, -45.151695, -48.785233, 0.0, 0.0, 0.0], 2
evidence number = 4
times imitated = 0
[4.688141, 31.053637, 90.18367, 46.963356, 40.6705, 17.428925, 27.823223, 30.217094]
0.31451914, [-4.581916, -45.37555, -50.04254, 0.0, 0.0, 0.0], -1
evidence number = 4
times imitated = 0
[69.43078, 37.0545, 167.6112, 53.20476, 138.16537, 166.49875, 41.447964, 30.865564]
9.910457E-4, [0.0, 0.0, 0.0, -40.019085, -19.961267, -40.019646], 5
evidence number = 4
times imitated = 0
[87.29195, 37.054024, 174.52753, 53.205418, 153.79378, 175.67407, 47.061436, 36.747494]
9.864065E-4, [0.0, 0.0, 0.0, -37.142296, -19.44497, -43.412735], 5
evidence number = 4
times imitated = 0
[146.57578, 36.80828, 11.884186, 24.349632, 168.31883, 163.3836, 18.5677, 17.639296]
5.472388, [-33.288418, 36.67736, 30.03422, 0.0, 0.0, 0.0], 0
evidence number = 4
times imitated = 1
[126.505295, 30.14948, 14.524475, 33.617134, 176.28128, 160.79506, 14.897047, 8.460116]
11.326308, [-35.101112, 36.83351, 28.065374, 0.0, 0.0, 0.0], 0
evidence number = 4
times imitated = 0
[5.3845825, 43.4689, 77.10422, 40.514996, 79.27405, 77.40524, 4.9184313, 17.285627]
0.0, [0.0, 0.0, 0.0, 48.470196, 24.235098, 27.294704], -1
evidence number = 4
times imitated = 0
[84.64615, 43.601402, 2.4776764, 40.65127, 13.309692, 2.387436, 4.735417, 17.421328]
0.0, [0.0, 0.0, 0.0, 39.375404, 19.711365, -40.913227], 5
evidence number = 4
times imitated = 0
[169.9158, 5.749838, 85.18474, 54.004276, 143.54964, 97.00191, 6.339019, 16.351467]
3.2565942, [1.0079527, 39.746563, 59.245483, 0.0, 0.0, 0.0], -1
evidence number = 4
times imitated = 0
[17.613556, 6.725957, 71.96156, 56.346546, 37.842052, 61.34602, 5.7102566, 17.853893]
9.909489, [-28.50076, 38.86835, 32.6309, 0.0, 0.0, 0.0], 0
evidence number = 4
times imitated = 0
[168.17317, 24.738503, 93.91705, 56.59556, 156.5502, 124.01892, 13.567204, 21.430817]
0.0035181146, [0.0, 0.0, 0.0, 49.58485, 9.252268, -41.16288], 5
evidence number = 4
times imitated = 0
[21.040369, 21.312973, 63.20124, 56.391735, 14.100563, -10.241173, 27.64952, 24.201866]
1.1972196, [-27.32405, -39.755817, -32.920135, 0.0, 0.0, 0.0], 1
evidence number = 4
times imitated = 2
[7.2726574, 36.428032, 101.007545, 55.182194, 114.42918, 145.57294, 41.74121, 33.00333]
1.0077232, [4.931196, 32.92262, -62.14618, 0.0, 0.0, 0.0], 2
evidence number = 4
times imitated = 3
[76.16766, 23.359455, 62.876587, 49.12674, 62.585785, 63.658752, 17.51597, 5.0133653]
0.0021845005, [0.0, 0.0, 0.0, -39.993557, -20.01046, -39.995983], 5
evidence number = 4
times imitated = 0
[82.69325, 23.36492, 69.39688, 49.130875, 69.119354, 77.405655, 17.517824, 5.0712905]
0.002268074, [0.0, 0.0, 0.0, -38.903206, -22.18941, -38.907383], 5
evidence number = 4
times imitated = 0
[26.615097, 24.759214, 74.13115, 36.366383, 77.828995, 81.896194, 8.750275, 4.7725058]
0.0, [0.0, 0.0, 0.0, 40.232426, 19.510733, 40.25684], -1
evidence number = 4
times imitated = 0
[36.215088, 25.701376, 83.11728, 36.72028, 83.410614, 83.90289, 8.973647, 4.958074]
1.0193636, [-22.574333, -17.970245, -59.455418, 0.0, 0.0, 0.0], 2
evidence number = 4
times imitated = 0
[178.27351, 30.539513, 131.61855, 36.73138, 150.52968, 166.74889, 11.919531, 9.647417]
0.0027148146, [0.0, 0.0, 0.0, -4.964826, -10.22774, -84.807434], 5
evidence number = 4
times imitated = 0
[123.29665, 3.7214577, 98.28262, 32.51816, 111.34413, 116.09555, 9.431493, 5.2851057]
9.8842945, [11.624501, 40.514046, 47.861458, 0.0, 0.0, 0.0], -1
evidence number = 4
times imitated = 0
[11.150078, 9.703281, 86.35448, 32.895424, 63.07141, 26.57695, 8.989585, 7.5587044]
7.136938, [-7.2336993, -32.098164, -60.668137, 0.0, 0.0, 0.0], 2
evidence number = 4
times imitated = 1
[27.50145, 15.553403, 78.6221, 33.62967, 41.27188, 8.640808, 13.939472, 11.3327265]
1.1959803, [-26.107887, -43.823578, -30.068535, 0.0, 0.0, 0.0], 1
evidence number = 4
times imitated = 2
[18.019829, 16.802073, 93.354034, 32.935913, 42.052475, 1.2050781, 14.726482, 15.436192]
2.0810134, [14.022587, 45.99131, 39.9861, 0.0, 0.0, 0.0], -1
evidence number = 4
times imitated = 0
[100.48039, 23.824419, 28.93652, 25.933285, -5.239414, 50.286236, 4.347315, 7.5238433]
0.0014587641, [0.0, 0.0, 0.0, 49.816135, -0.3641623, -49.8197], 5
evidence number = 4
times imitated = 0
[164.50584, 21.713888, 37.902313, 29.186678, 15.25856, 17.017548, 3.9082873, 9.834217]
0.0011430733, [0.0, 0.0, 0.0, -75.3089, -18.414623, 6.27648], 3
evidence number = 4
times imitated = 0
[48.768494, 23.504812, 31.266281, 32.110283, 12.928009, 69.170395, 4.998053, 9.566918]
0.0, [0.0, 0.0, 0.0, -36.664955, -19.471172, 43.863873], 3
evidence number = 3
times imitated = 0
[5.5821533, 23.746792, 11.303406, 56.790108, 18.21048, 19.174957, 26.063116, 10.578731]
0.0, [0.0, 0.0, 0.0, 59.296574, 25.527569, 15.175856], -1
evidence number = 3
times imitated = 0
[36.20581, 24.56028, 37.2023, 56.790108, 47.558746, 48.187897, 34.734867, 19.41781]
0.0, [0.0, 0.0, 0.0, -34.8645, -20.144016, -44.991486], 5
evidence number = 3
times imitated = 1
[110.09058, 47.92606, 2.7737427, 22.367771, 102.11096, 2.7395935, 6.8954067, 3.2767572]
0.0018481767, [0.0, 0.0, 0.0, 39.794277, 20.412058, -39.793663], 5
evidence number = 3
times imitated = 0
[143.51973, 47.924744, 30.655914, 22.369804, 154.03082, 111.21936, 11.253194, 3.8505547]
0.0017901978, [0.0, 0.0, 0.0, -21.971682, -49.565453, -28.462866], 4
evidence number = 3
times imitated = 1
[21.331085, 22.861517, 51.900146, 54.84501, 52.21689, 52.59555, 17.451767, 4.937164]
1.2233078, [-25.545422, -24.699461, -49.75512, 0.0, 0.0, 0.0], 2
evidence number = 3
times imitated = 0
[29.364227, 19.823383, 49.738983, 44.905205, 151.78345, 72.011444, 6.534604, 12.048757]
4.9390607, [-32.46411, 26.083014, -41.452873, 0.0, 0.0, 0.0], 2
evidence number = 3
times imitated = 0
[23.803436, 27.136549, 45.130585, 50.630974, 67.957245, 48.92206, 3.7866514, 16.021315]
11.814186, [-37.86034, 14.021814, -48.117844, 0.0, 0.0, 0.0], 2
evidence number = 3
times imitated = 0
[57.815582, 12.133569, 35.45102, 39.810158, 75.35893, 8.37175, 1.6139947, 9.055304]
6.2969055, [-82.07655, 2.2115746, -15.711877, 0.0, 0.0, 0.0], 0
evidence number = 3
times imitated = 0
[52.489365, 18.513418, 30.47763, 45.304512, 1.4722137, 22.692184, 7.627379, 16.61773]
10.677357, [-50.426643, -24.415962, -25.157393, 0.0, 0.0, 0.0], 0
evidence number = 3
times imitated = 0
[40.900635, 27.925303, 41.390625, 52.279, 16.983765, 35.989197, 17.403543, 12.08869]
0.0, [0.0, 0.0, 0.0, 37.3816, -4.731462, -57.886932], 5
evidence number = 3
times imitated = 0
[47.827225, 37.055046, 146.00804, 53.2041, 119.6024, 144.94688, 35.72585, 24.7903]
9.976508E-4, [0.0, 0.0, 0.0, -40.04177, -19.915703, -40.042526], 5
evidence number = 3
times imitated = 0
[150.74101, 43.921875, 25.626831, 16.227646, 166.81093, 163.78262, 24.021729, 23.00379]
0.0, [0.0, 0.0, 0.0, -35.868618, -28.262768, 35.868618], 3
evidence number = 3
times imitated = 0
[113.96896, 26.989367, 12.228302, 40.103165, 177.18365, 117.75772, 10.752426, 2.7740748]
12.012377, [-38.01789, 38.34198, 23.640125, 0.0, 0.0, 0.0], 0
evidence number = 3
times imitated = 0
[97.152794, 25.079836, 9.361328, 47.979332, 139.58163, 22.579285, 4.8224173, 6.724573]
12.403945, [-48.35493, 32.912365, 18.7327, 0.0, 0.0, 0.0], 0
evidence number = 3
times imitated = 0
[47.02173, 27.43632, 27.788544, 61.17049, 64.879456, 26.963165, 45.16335, 46.250378]
0.0, [0.0, 0.0, 0.0, -40.049435, -19.901133, 40.049435], 3
evidence number = 3
times imitated = 0
[147.37315, 41.51051, 65.523056, 43.061066, 145.0547, 90.844284, 17.59171, 16.252846]
1.9868214E-8, [0.0, 0.0, 0.0, -36.246464, -27.50707, -36.246464], 3
evidence number = 3
times imitated = 0
[153.33276, 34.508102, 67.54765, 45.966667, 148.48608, 88.15376, 14.450353, 16.123142]
4.981401, [-20.28262, 29.030231, 50.687153, 0.0, 0.0, 0.0], 0
evidence number = 3
times imitated = 0
[5.2806787, 11.740529, 70.49568, 57.24941, 52.466908, 67.87196, 5.201069, 17.926722]
4.957275, [-21.200325, -20.401997, -58.397682, 0.0, 0.0, 0.0], 2
evidence number = 3
times imitated = 0
[157.06529, 11.716607, 81.666855, 57.052715, 109.48692, 88.572464, 5.5754437, 17.62009]
10.371426, [-1.376785, 38.350323, 60.272896, 0.0, 0.0, 0.0], 0
evidence number = 3
times imitated = 0
[3.4528985, 9.374918, 76.44281, 56.001823, 41.34616, 63.78131, 7.1244593, 18.791344]
0.33994552, [-21.06115, -37.718597, -41.220257, 0.0, 0.0, 0.0], -1
evidence number = 3
times imitated = 0
[109.57541, 23.362183, 96.28198, 49.128857, 95.997345, 97.09334, 17.518072, 5.015538]
0.0023127948, [0.0, 0.0, 0.0, -39.99023, -20.016085, -39.993683], 5
evidence number = 3
times imitated = 0
[67.93616, 23.363705, 54.641113, 49.129986, 54.36035, 55.449707, 17.518997, 5.01657]
0.0021434221, [0.0, 0.0, 0.0, 40.001217, 19.999556, 39.999226], -1
evidence number = 3
times imitated = 0
[64.219315, 23.366121, 50.92148, 49.131733, 51.080963, 86.33652, 17.490158, 6.273848]
0.0022157533, [0.0, 0.0, 0.0, 44.90932, -10.185333, 44.90535], 4
evidence number = 3
times imitated = 1
[95.471344, 23.114635, 88.98143, 49.773293, 91.90692, 131.89554, 17.620443, 7.6326]
4.378431, [-28.608593, 64.302055, 7.0893445, 0.0, 0.0, 0.0], 0
evidence number = 3
times imitated = 0
[80.2305, 22.80958, 81.71976, 49.72914, 84.07614, 121.33386, 17.451483, 6.789894]
5.0481796, [4.7062807, 79.56281, 15.730904, 0.0, 0.0, 0.0], -1
evidence number = 3
times imitated = 0
[91.75931, 23.29211, 99.96655, 49.781322, 102.16696, 116.75125, 17.620922, 5.3823066]
5.822578, [-8.143036, 72.3906, -19.466364, 0.0, 0.0, 0.0], 2
evidence number = 3
times imitated = 0
[112.36098, 22.39664, 127.62721, 47.886604, 146.90019, 155.39314, 22.165565, 13.133971]
1.3310356, [32.180016, 49.437107, 18.382875, 0.0, 0.0, 0.0], -1
evidence number = 3
times imitated = 0
[57.287903, 21.625397, 104.223724, 36.580208, 108.37897, 112.50931, 9.098195, 5.137179]
10.365646, [35.75011, 55.72636, -8.523518, 0.0, 0.0, 0.0], 2
evidence number = 3
times imitated = 0
[142.18, 21.106298, 15.0060425, 29.186712, 14.024933, 14.449219, 5.074119, 9.004921]
0.0012255418, [0.0, 0.0, 0.0, -32.068367, -9.755115, 58.176517], 3
evidence number = 3
times imitated = 1
[9.024094, 6.974367, 38.92955, 26.091513, 18.672348, 29.256363, 10.623488, 15.975788]
0.0010496605, [0.0, 0.0, 0.0, 36.489414, 21.008648, 42.501934], -1
evidence number = 2
times imitated = 0
[5.2801514, 22.036987, 21.3974, 56.790108, 25.70279, 27.091522, 21.971094, 8.05223]
0.0, [0.0, 0.0, 0.0, 46.122356, 21.224436, 32.653206], -1
evidence number = 2
times imitated = 0
[135.61436, 24.769691, 135.38911, 56.790108, 147.82875, 145.45619, 42.866627, 24.008322]
0.0, [0.0, 0.0, 0.0, -39.939415, -19.477127, -40.583458], 5
evidence number = 2
times imitated = 0
[98.50479, 47.92711, 14.359619, 22.366291, 31.219147, 15.456787, 4.853331, 3.5445383]
0.0017867482, [0.0, 0.0, 0.0, -22.879818, -12.561456, 64.55873], 3
evidence number = 2
times imitated = 0
[145.01091, 33.217876, 31.05072, 37.437527, 79.03778, 148.03966, 4.0826445, 10.513582]
0.43037745, [-43.96448, 11.663415, 44.3721, 0.0, 0.0, 0.0], -1
evidence number = 2
times imitated = 0
[119.41641, 19.44462, 30.02884, 53.40556, 30.66925, 32.0206, 17.193455, 4.6925945]
8.113726, [-45.243893, -16.65924, 38.09687, 0.0, 0.0, 0.0], 0
evidence number = 2
times imitated = 0
[3.3622742, 22.896965, 69.28601, 55.078106, 56.09677, 24.56842, 19.677803, 6.882515]
1.7518575, [-20.639145, -35.118065, -44.242786, 0.0, 0.0, 0.0], 2
evidence number = 2
times imitated = 0
[32.20572, 25.320305, 41.297577, 54.84501, 37.677673, 41.355408, 18.115852, 5.0001616]
0.0, [0.0, 0.0, 0.0, 49.77426, 25.067749, -25.157986], 5
evidence number = 2
times imitated = 0
[45.337616, 25.320305, 28.16568, 54.84501, 0.721344, 3.780365, 26.761189, 14.886149]
0.0, [0.0, 0.0, 0.0, -46.674362, 6.65128, 46.674362], 3
evidence number = 2
times imitated = 1
[13.548992, 25.926317, 85.9341, 55.277897, 47.613537, 54.928997, 38.309086, 37.491528]
0.0024573007, [0.0, 0.0, 0.0, -45.317165, -21.787252, 32.895584], 3
evidence number = 2
times imitated = 1
[107.521576, 13.647678, 5.4605103, 36.32468, 4.6290283, 5.7125244, 5.0054626, 8.993228]
0.0036342123, [0.0, 0.0, 0.0, 30.973452, 16.075745, -52.950806], 5
evidence number = 2
times imitated = 0
[112.325615, 13.649244, 10.298309, 36.329815, 16.295074, 55.526337, 4.9664226, 10.985765]
0.0033398238, [0.0, 0.0, 0.0, 16.829922, -40.028152, -43.14193], 5
evidence number = 2
times imitated = 0
[125.56406, 13.649717, 23.547272, 36.33106, 46.28189, 79.76851, 5.170122, 13.03504]
0.0033186814, [0.0, 0.0, 0.0, -16.423023, -42.214325, -41.36265], 4
evidence number = 2
times imitated = 0
[81.532684, 5.3606367, 59.52536, 44.452145, 108.479675, 159.48581, 13.898751, 15.022803]
0.678821, [-39.00859, 48.304024, -12.687386, 0.0, 0.0, 0.0], -1
evidence number = 2
times imitated = 0
[0.21403503, 11.674646, 58.026443, 56.09808, 39.308945, 8.3377075, 21.368614, 12.232156]
1.0497535, [-25.727615, -36.884117, -37.388268, 0.0, 0.0, 0.0], 2
evidence number = 2
times imitated = 0
[3.4247284, 13.695021, 59.75844, 56.09808, 35.522827, 6.1793213, 23.397861, 14.595862]
1.0796725, [-25.412464, -37.555668, -37.031868, 0.0, 0.0, 0.0], 1
evidence number = 2
times imitated = 0
[131.37836, 32.538227, 132.07053, 54.101204, 131.44305, 107.18665, 36.560577, 29.31049]
0.0, [0.0, 0.0, 0.0, -46.76663, -22.405579, 30.827793], 3
evidence number = 2
times imitated = 0
[39.524933, 35.19046, 61.045837, 53.58902, 62.294617, 61.11502, 5.224485, 17.393469]
2.0546765, [-30.518734, -23.820578, -45.66069, 0.0, 0.0, 0.0], 2
evidence number = 2
times imitated = 0
[34.181335, 35.190716, 55.70282, 53.58902, 56.9516, 55.772003, 5.224485, 17.393469]
0.5872406, [-30.887314, -25.692263, -43.420418, 0.0, 0.0, 0.0], -1
evidence number = 2
times imitated = 0
[102.0256, 42.985195, 90.98467, 53.58902, 108.12139, 89.46615, 15.943285, 20.990389]
0.0, [0.0, 0.0, 0.0, -40.290115, -19.419773, -40.290115], 3
evidence number = 2
times imitated = 0
[72.70236, 10.013168, 17.942444, 36.123386, 44.676346, 13.543579, 8.486668, 4.970819]
0.001934205, [0.0, 0.0, 0.0, -27.424467, -13.25617, 59.319366], 3
evidence number = 2
times imitated = 0
[29.090225, 10.530968, 70.178345, 31.80424, 76.80054, 73.2384, 7.7479205, 4.815842]
0.0011612574, [0.0, 0.0, 0.0, 40.00141, 20.017193, -39.98139], 5
evidence number = 2
times imitated = 0
[34.767715, 43.4689, 47.721085, 40.514996, 49.890915, 48.02211, 4.9184313, 17.285627]
0.0, [0.0, 0.0, 0.0, 40.136066, 20.068033, -39.7959], 5
evidence number = 2
times imitated = 0
[11.794964, 9.4833355, 70.529274, 57.019722, 34.653206, 60.055153, 6.5562363, 18.561363]
10.126675, [-29.488674, -16.371717, -54.139606, 0.0, 0.0, 0.0], 2
evidence number = 2
times imitated = 0
[23.444092, 8.934184, 51.319153, 56.679905, 11.87561, 42.70639, 8.576764, 18.833347]
0.43495727, [27.69793, 37.123604, 35.178467, 0.0, 0.0, 0.0], -1
evidence number = 2
times imitated = 0
[5.383569, 8.012641, 77.172485, 55.59748, 56.265686, 70.057556, 5.5615983, 17.73941]
1.4974918, [16.326641, 32.246277, 51.42708, 0.0, 0.0, 0.0], -1
evidence number = 2
times imitated = 0
[-9.372025, 9.110583, 93.86636, 55.610607, 98.973694, 93.16882, 4.997256, 17.373579]
0.0, [0.0, 0.0, 0.0, -38.80946, -19.40473, 41.785812], 3
evidence number = 2
times imitated = 0
[79.34268, 23.09393, 83.84854, 49.895172, 85.427765, 113.38861, 17.521187, 6.069563]
7.2940664, [-3.125833, 96.19733, 0.6768386, 0.0, 0.0, 0.0], 0
evidence number = 2
times imitated = 1
[139.7781, 22.956177, 152.64255, 48.824368, 152.39914, 151.89615, 17.46372, 4.9452066]
1.3721507, [35.66639, 36.884727, 27.448883, 0.0, 0.0, 0.0], -1
evidence number = 2
times imitated = 0
[126.08554, 22.956842, 138.94955, 48.825054, 138.7056, 138.64117, 17.463772, 4.980205]
1.3423882, [35.656364, 36.89071, 27.45293, 0.0, 0.0, 0.0], -1
evidence number = 2
times imitated = 0
[122.18918, 22.957834, 135.05258, 48.82608, 139.37662, 146.54608, 18.370779, 6.468992]
0.001701355, [0.0, 0.0, 0.0, 44.62858, 10.745024, 44.626396], -1
evidence number = 2
times imitated = 0
[120.16283, 22.958809, 133.02562, 48.827084, 142.47823, 152.48329, 19.677996, 8.380898]
0.0016956329, [0.0, 0.0, 0.0, 48.01213, -3.9790158, 48.008858], 4
evidence number = 2
times imitated = 0
[66.729164, 21.984146, 114.22587, 36.366383, 116.3332, 118.14097, 8.855443, 4.872337]
6.64754, [25.616545, 45.604774, -28.778679, 0.0, 0.0, 0.0], 2
evidence number = 2
times imitated = 0
[71.20055, 21.984074, 118.69887, 36.366383, 120.80705, 122.624344, 8.854566, 4.871838]
2.375628, [23.176964, 36.676674, -40.146362, 0.0, 0.0, 0.0], 2
evidence number = 2
times imitated = 0
[144.63612, 19.955475, 69.26558, 34.696613, 86.17546, 100.145096, 10.056807, 6.530241]
8.4355135, [-6.006654, 35.992767, 58.000584, 0.0, 0.0, 0.0], 0
evidence number = 2
times imitated = 0
[22.134598, 8.021514, 81.73917, 32.597332, 74.62303, 23.841568, 8.294218, 6.067297]
6.1402125, [-0.7217328, 2.273449, -97.004814, 0.0, 0.0, 0.0], 2
evidence number = 2
times imitated = 0
[15.292877, 9.509657, 86.81993, 32.809143, 68.18016, 38.91034, 8.511919, 5.7674212]
0.7912214, [-40.925137, -9.130224, 49.94464, 0.0, 0.0, 0.0], -1
evidence number = 2
times imitated = 0
[0.51667786, 8.822203, 105.08267, 32.845184, 92.07405, 84.255615, 8.323965, 4.6841364]
1.783366, [2.9192333, 34.032406, 63.048363, 0.0, 0.0, 0.0], -1
evidence number = 2
times imitated = 0
[41.60972, 15.725468, 68.323105, 33.36859, 26.041779, 23.547836, 14.669922, 14.312548]
0.7636842, [-50.000008, 8.805791, 41.194202, 0.0, 0.0, 0.0], -1
evidence number = 2
times imitated = 0
[11.493523, 29.75758, 120.386925, 31.971, 39.35366, 19.318123, 22.885126, 31.615845]
1.9303236, [10.272619, -44.540226, -45.187157, 0.0, 0.0, 0.0], 2
evidence number = 2
times imitated = 0
[166.02815, 21.107191, 36.77472, 29.186684, 24.833328, 33.095825, 4.332151, 9.050853]
0.0011276724, [0.0, 0.0, 0.0, -28.580511, -13.125258, -58.29423], 5
evidence number = 2
times imitated = 0
[172.54254, 20.494106, 11.2599945, 31.560675, 43.901184, 15.472748, 7.283893, 13.891451]
1.9337527, [-31.547508, -33.327133, 35.125362, 0.0, 0.0, 0.0], 1
evidence number = 2
times imitated = 2
[145.69067, 19.800514, 13.2565, 33.92647, 83.04874, 50.25006, 20.879087, 28.679588]
0.36000687, [-43.915005, -18.544054, 37.54094, 0.0, 0.0, 0.0], -1
evidence number = 2
times imitated = 0
[60.52423, 25.385496, 16.799347, 32.110283, 17.401398, 58.57921, 5.010681, 6.636048]
0.0, [0.0, 0.0, 0.0, -32.636044, -37.078583, 30.285374], 4
evidence number = 1
times imitated = 0
[23.416374, 23.460608, 100.91023, 32.28136, 20.367004, 11.754211, 14.760853, 21.776485]
0.6239234, [-12.681182, 43.882652, 43.436165, 0.0, 0.0, 0.0], -1
evidence number = 1
times imitated = 0
[9.184143, 24.30902, 11.650848, 56.790108, 19.278381, 20.313843, 27.492744, 12.017686]
0.0, [0.0, 0.0, 0.0, 61.647808, 22.505144, -15.847045], 5
evidence number = 1
times imitated = 0
[151.73064, 25.219297, 148.96904, 56.606968, 162.692, 156.44585, 41.711926, 23.309404]
0.21360151, [32.18382, 35.14166, 32.674526, 0.0, 0.0, 0.0], -1
evidence number = 1
times imitated = 0
[145.33203, 47.573627, 32.17697, 22.729458, 155.22491, 120.31732, 10.865014, 4.6290445]
0.42760783, [-35.35403, 30.30234, 34.343628, 0.0, 0.0, 0.0], -1
evidence number = 1
times imitated = 0
[150.5212, 44.80822, 35.678833, 25.637133, 152.76587, 99.66666, 7.8982854, 4.5783553]
3.8104832, [-37.107174, 27.638313, 35.254513, 0.0, 0.0, 0.0], 0
evidence number = 1
times imitated = 0
[117.42274, 19.444624, 28.035248, 53.40556, 28.6781, 30.027649, 17.193672, 4.69104]
0.8990812, [-38.292313, -36.760418, 24.947268, 0.0, 0.0, 0.0], -1
evidence number = 1
times imitated = 0
[109.284836, 19.444973, 19.898926, 53.40556, 20.728363, 23.41449, 17.108938, 4.479463]
0.0, [0.0, 0.0, 0.0, 41.237946, 17.51734, 41.244717], -1
evidence number = 1
times imitated = 0
[76.50339, 19.437254, 9.357208, 54.16569, 8.172607, 5.3189087, 17.562372, 4.8650513]
0.0, [0.0, 0.0, 0.0, 3.7318993, 16.993658, 79.274445], -1
evidence number = 1
times imitated = 0
[15.903107, 20.994482, 59.37628, 54.254726, 50.927795, 27.044434, 18.212976, 4.784795]
0.17519858, [-23.006592, -34.2735, -42.71991, 0.0, 0.0, 0.0], -1
evidence number = 1
times imitated = 0
[18.110077, 22.86152, 55.121155, 54.84501, 55.437897, 55.81656, 17.451767, 4.937164]
0.065534145, [0.0, 0.0, 0.0, 29.284271, -42.1113, -28.604422], 4
evidence number = 1
times imitated = 0
[8.682648, 22.924906, 64.558136, 54.84501, 64.87488, 65.25354, 17.451767, 4.937164]
0.75549173, [18.923244, 20.667772, 60.408985, 0.0, 0.0, 0.0], -1
evidence number = 1
times imitated = 0
[71.8678, 25.320305, 1.635498, 54.84501, 16.760376, 15.783508, 22.180372, 9.3014]
0.0, [0.0, 0.0, 0.0, 47.167145, -5.6657066, -47.167145], -1
evidence number = 1
times imitated = 0
[101.845985, 13.6460495, 0.2456665, 36.318962, 1.1062927, 0.6819763, 4.9998074, 9.007253]
0.9005984, [-44.753517, -44.752052, 10.494429, 0.0, 0.0, 0.0], -1
evidence number = 1
times imitated = 0
[102.43825, 13.648896, 0.40167236, 36.32876, 0.44558716, 31.445282, 5.008299, 9.570613]
0.0033089174, [0.0, 0.0, 0.0, 28.017014, -41.756485, -30.2265], 4
evidence number = 1
times imitated = 0
[132.2229, 13.649792, 30.211884, 36.33191, 60.267395, 90.50296, 5.4147353, 14.150293]
0.0034346965, [0.0, 0.0, 0.0, -33.44813, -33.13242, -33.419453], 3
evidence number = 1
times imitated = 0
[70.2776, 6.17852, 59.801834, 46.06238, 100.79588, 157.74907, 13.781943, 12.381205]
3.4593768, [-44.344288, 46.386665, -9.269054, 0.0, 0.0, 0.0], 0
evidence number = 1
times imitated = 0
[3.873642, 15.003024, 61.926437, 56.09808, 35.296463, 6.699341, 24.4785, 15.931375]
0.9597108, [-25.275043, -37.959343, -36.765614, 0.0, 0.0, 0.0], -1
evidence number = 1
times imitated = 0
[5.5290985, 16.434916, 62.59944, 56.09808, 33.64348, 5.82341, 25.67252, 17.437223]
0.059999987, [0.0, 0.0, 0.0, -86.270836, -11.637161, -2.0920055], 3
evidence number = 1
times imitated = 0
[21.658447, 19.427515, 49.651794, 56.09808, 11.980423, 12.759857, 26.946335, 23.167246]
0.0, [0.0, 0.0, 0.0, 39.78356, -10.65663, -49.55981], 5
evidence number = 1
times imitated = 1
[153.76282, 36.426933, 60.917397, 53.544094, 64.80491, 51.272133, 20.953339, 11.323236]
1.9073486E-6, [0.0, 0.0, 0.0, -41.227142, -17.5457, -41.227154], 5
evidence number = 1
times imitated = 0
[169.10693, 35.89232, 76.081535, 53.80902, 79.55569, 63.82714, 21.882706, 13.125824]
0.5851325, [-24.250095, -27.12261, 48.627293, 0.0, 0.0, 0.0], -1
evidence number = 1
times imitated = 0
[175.96136, 34.711857, 81.86643, 53.990425, 84.06776, 65.74244, 23.003145, 15.0568]
1.7490329, [-16.264927, -21.64245, 62.09262, 0.0, 0.0, 0.0], 1
evidence number = 1
times imitated = 0
[173.24518, 32.539333, 76.694046, 54.101204, 76.14574, 52.6826, 32.166176, 24.920433]
0.83999354, [-0.3104323, -17.183264, 82.5063, 0.0, 0.0, 0.0], -1
evidence number = 1
times imitated = 0
[104.5652, 30.87035, 158.42113, 52.741383, 157.51299, 131.83318, 37.8536, 29.97833]
1.4567875, [46.535786, 40.180195, 13.284021, 0.0, 0.0, 0.0], -1
evidence number = 1
times imitated = 0
[4.177124, 8.189021, 4.7599487, 40.13197, 9.743256, 0.06942749, 13.949472, 13.208104]
0.0, [0.0, 0.0, 0.0, 9.361311, 27.563486, 63.075203], -1
evidence number = 1
times imitated = 0
[3.6042175, 8.188521, 5.332947, 40.13197, 12.240204, 0.6534729, 13.395635, 13.122508]
0.0, [0.0, 0.0, 0.0, 58.599358, 28.931948, 12.4687], -1
evidence number = 1
times imitated = 0
[31.53421, 35.19, 53.053833, 53.58902, 54.302612, 53.123016, 5.224485, 17.393469]
2.191546, [-30.36575, -24.013819, -45.620434, 0.0, 0.0, 0.0], 2
evidence number = 1
times imitated = 0
[17.716278, 38.51741, 17.707489, 53.58902, 18.942352, 17.77652, 5.221258, 17.393492]
0.0, [0.0, 0.0, 0.0, 65.75396, 32.877438, 1.3685995], -1
evidence number = 1
times imitated = 0
[172.8425, 42.810165, 176.07434, 53.413033, 153.50809, 172.54199, 36.731888, 23.312843]
0.17639968, [34.061752, 32.213913, 33.72434, 0.0, 0.0, 0.0], -1
evidence number = 1
times imitated = 0
[94.94239, 10.0131235, 4.2883606, 36.121796, 30.970123, 3.2113647, 7.5164876, 5.0106864]
0.00173882, [0.0, 0.0, 0.0, 26.54888, 16.992743, -56.458378], 5
evidence number = 1
times imitated = 0
[60.783752, 12.649249, 39.98446, 36.127758, 62.007042, 29.886055, 17.736933, 11.092896]
0.0021048316, [0.0, 0.0, 0.0, 24.838781, -25.783316, -49.3779], 5
evidence number = 1
times imitated = 0
[50.74141, 15.126157, 55.77327, 36.128662, 49.68882, 19.749851, 20.54681, 13.870084]
0.0021597857, [0.0, 0.0, 0.0, -43.901337, -54.837914, 1.260753], 4
evidence number = 1
times imitated = 0
[45.100372, 24.438334, 37.588013, 46.819984, 6.4650574, 31.938324, 16.884697, 23.65141]
0.59995157, [-35.56016, -37.73248, -26.70736, 0.0, 0.0, 0.0], -1
evidence number = 1
times imitated = 0
[3.5466766, 26.703934, 82.9162, 46.86104, 33.802994, 5.8638763, 25.869184, 28.290476]
0.29983148, [-6.713054, -44.979088, -48.307858, 0.0, 0.0, 0.0], -1
evidence number = 1
times imitated = 0
[84.79582, 37.074413, 176.64102, 52.967957, 151.01392, 177.79282, 48.35799, 38.073753]
0.23726866, [49.425148, 46.45934, -4.1155114, 0.0, 0.0, 0.0], -1
evidence number = 1
times imitated = 0
[163.23994, 43.921875, 13.127899, 16.227646, 146.40736, 139.10808, 21.793661, 20.204243]
1.0708336, [-38.356285, 23.384745, 38.25897, 0.0, 0.0, 0.0], 0
evidence number = 1
times imitated = 0
[157.76472, 43.921875, 18.603119, 16.227646, 152.60535, 145.4653, 23.038527, 21.158146]
0.11859223, [-38.73312, 22.558777, 38.708103, 0.0, 0.0, 0.0], -1
evidence number = 1
times imitated = 0
[151.92427, 43.921875, 24.443573, 16.227646, 158.63518, 153.32687, 23.06087, 21.434175]
0.0, [0.0, 0.0, 0.0, -22.497877, -40.91717, 36.58495], 4
evidence number = 1
times imitated = 0
[66.940704, 27.43632, 7.869568, 61.17049, 39.653168, 7.6064453, 20.007479, 21.731766]
0.81119263, [-41.035263, -33.46805, -25.49669, 0.0, 0.0, 0.0], -1
evidence number = 1
times imitated = 0
[127.89493, 41.51051, 46.04483, 43.061066, 115.5607, 68.867325, 14.481962, 16.197287]
0.35983977, [-45.503674, 7.4764886, 47.019836, 0.0, 0.0, 0.0], -1
evidence number = 1
times imitated = 0
[162.94221, 11.759974, 73.25108, 54.214573, 105.1021, 88.75902, 5.7042036, 17.711275]
0.41994843, [-21.84502, 10.208977, 67.94601, 0.0, 0.0, 0.0], -1
evidence number = 1
times imitated = 0
[163.11916, 11.7606, 73.42409, 54.214573, 116.23726, 93.5276, 6.4960504, 18.028965]
0.0, [0.0, 0.0, 0.0, -34.25118, -31.481829, -34.26699], 5
evidence number = 1
times imitated = 0
[176.61987, 11.235948, 93.173004, 54.22364, 147.68605, 112.24176, 7.88366, 17.861376]
0.5253553, [-1.1315576, 37.090137, 61.778305, 0.0, 0.0, 0.0], -1
evidence number = 1
times imitated = 0
[163.94661, 24.136831, 89.483765, 56.609882, 153.70947, 118.73163, 14.382788, 21.132093]
0.62681603, [-1.5282948, 41.336014, 57.13569, 0.0, 0.0, 0.0], -1
evidence number = 1
times imitated = 0
[166.65887, 21.06426, 91.015335, 56.59254, 153.88368, 115.541214, 12.349499, 19.677456]
3.8013952, [0.030718952, 41.74525, 58.22403, 0.0, 0.0, 0.0], -1
evidence number = 1
times imitated = 0
[152.76416, 8.455745, 79.47421, 57.10913, 78.61282, 80.52939, 4.9812937, 17.651127]
0.893373, [19.889456, 22.689358, 57.42119, 0.0, 0.0, 0.0], -1
evidence number = 1
times imitated = 0
[54.27115, 8.456156, 19.026978, 57.10913, 18.451569, 10.63974, 8.592494, 18.964191]
0.0, [0.0, 0.0, 0.0, -5.9305778, 11.167166, 82.90226], 3
evidence number = 1
times imitated = 0
[16.520668, 8.515621, 59.6958, 56.415665, 22.125519, 52.671448, 7.86586, 18.37089]
1.1088761, [27.039442, 36.716946, 36.24361, 0.0, 0.0, 0.0], -1
evidence number = 1
times imitated = 0
[-3.756168, 7.5946455, 86.94791, 55.516953, 69.41498, 81.70328, 5.3498783, 17.509296]
2.6953895, [15.5977545, 31.194958, 53.207283, 0.0, 0.0, 0.0], -1
evidence number = 1
times imitated = 0
[28.001194, 7.7449827, 58.227325, 55.517803, 29.162476, 57.87784, 5.9873614, 17.279366]
0.05999996, [0.0, 0.0, 0.0, 40.08395, 20.210318, -39.705734], 5
evidence number = 1
times imitated = 1
[41.30568, 15.479208, 45.377262, 55.608864, 3.9075966, -30.23901, 21.704678, 23.119728]
0.0, [0.0, 0.0, 0.0, -21.49516, 58.537365, 19.967478], 3
evidence number = 1
times imitated = 1
[29.510674, 16.383762, 54.55612, 56.214077, 12.39801, -19.380707, 23.91196, 23.919859]
0.8987589, [-28.256807, -39.56987, -32.173325, 0.0, 0.0, 0.0], -1
evidence number = 1
times imitated = 0
[0.88326263, 22.933893, 83.48127, 56.415455, 34.398476, 10.112406, 27.706327, 24.261518]
0.3585711, [-23.439096, -40.594612, -35.966293, 0.0, 0.0, 0.0], -1
evidence number = 1
times imitated = 0
[0.814621, 35.50437, 93.87223, 55.25235, 106.18314, 137.26552, 36.13077, 27.75819]
0.08400132, [0.0, 0.0, 0.0, 43.389557, 17.792221, 38.818214], -1
evidence number = 1
times imitated = 0
[8.125335, 36.427982, 101.85957, 55.18263, 115.59764, 146.71347, 43.189823, 34.46271]
0.92361766, [4.7074733, 33.32861, -61.963917, 0.0, 0.0, 0.0], -1
evidence number = 1
times imitated = 0
[13.422925, 36.42795, 107.15657, 55.183002, 121.19127, 152.27522, 44.644897, 35.928608]
0.0021308225, [0.0, 0.0, 0.0, -39.826157, -22.26361, -37.91023], 3
evidence number = 1
times imitated = 1
[70.870544, 23.358253, 57.58081, 49.125862, 57.28682, 58.347626, 17.5151, 5.012467]
0.0021408913, [0.0, 0.0, 0.0, -39.995647, -20.007067, -39.997288], 5
evidence number = 1
times imitated = 0
[93.7437, 23.366697, 80.445175, 49.13215, 84.944916, 125.08533, 17.278189, 7.2480803]
0.0022477238, [0.0, 0.0, 0.0, -29.511202, -40.97427, -29.51453], 4
evidence number = 1
times imitated = 0
[91.80206, 23.326008, 79.55557, 49.270622, 84.709656, 127.667786, 17.261965, 7.8612466]
0.8054145, [-34.069366, 56.416138, 9.514498, 0.0, 0.0, 0.0], -1
evidence number = 1
times imitated = 0
[46.83423, 23.732494, 58.022064, 49.818745, 58.625793, 60.460876, 17.833252, 5.283992]
1.4998416, [-22.001339, 7.0761905, -70.92247, 0.0, 0.0, 0.0], 2
evidence number = 1
times imitated = 0
[50.351685, 23.732876, 61.539307, 49.819134, 62.142456, 63.981995, 17.83325, 5.284156]
0.6000552, [-21.475271, -5.1587305, -73.366, 0.0, 0.0, 0.0], -1
evidence number = 1
times imitated = 0
[121.06144, 23.7051, 132.32062, 49.78201, 133.55432, 138.1278, 18.212574, 5.736554]
0.05860971, [0.0, 0.0, 0.0, -39.423573, -21.217588, -39.35884], 3
evidence number = 1
times imitated = 0
[127.395874, 23.21898, 139.75745, 49.15181, 140.05548, 141.57666, 17.792137, 5.275597]
0.95621836, [35.61115, 37.352295, 27.036556, 0.0, 0.0, 0.0], -1
evidence number = 1
times imitated = 0
[133.82275, 22.95716, 146.68655, 48.825386, 147.18027, 149.66327, 17.59181, 5.2922664]
0.41720515, [35.43417, 36.57772, 27.98811, 0.0, 0.0, 0.0], -1
evidence number = 1
times imitated = 0
[103.9884, 22.854465, 117.4303, 48.63302, 129.54703, 140.50366, 20.376299, 9.948549]
0.41903484, [32.62191, 50.182133, 17.195957, 0.0, 0.0, 0.0], -1
evidence number = 1
times imitated = 0
[62.297363, 21.984049, 109.79645, 36.366383, 111.90515, 113.72662, 8.854166, 4.871564]
0.7192755, [25.316795, 32.917698, -41.765507, 0.0, 0.0, 0.0], -1
evidence number = 1
times imitated = 0
[54.812103, 22.062414, 102.31763, 36.366383, 104.42697, 106.25275, 8.853772, 4.87131]
0.0, [0.0, 0.0, 0.0, 40.003143, 19.965506, 40.03135], -1
evidence number = 1
times imitated = 0
[22.44711, 25.472462, 69.52399, 36.618263, 70.8851, 72.549774, 8.8747835, 4.86334]
0.77989435, [-22.074871, -16.224047, -61.701084, 0.0, 0.0, 0.0], -1
evidence number = 1
times imitated = 0
[42.293045, 25.701868, 89.19383, 36.721165, 89.48787, 89.98085, 8.974533, 4.958961]
0.2408275, [-24.091248, -22.870052, -53.0387, 0.0, 0.0, 0.0], -1
evidence number = 1
times imitated = 0
[127.91368, 25.94784, 174.98805, 36.72931, 167.19957, 153.96278, 9.879725, 6.696989]
0.0031327736, [0.0, 0.0, 0.0, -49.253086, -1.8705404, -48.876373], 3
evidence number = 1
times imitated = 0
[174.86215, 31.372208, 123.15759, 36.358883, 144.32315, 161.84058, 12.191832, 10.418623]
0.6747572, [22.67188, 36.547916, 40.7802, 0.0, 0.0, 0.0], -1
evidence number = 1
times imitated = 0
[170.68777, 13.442066, 108.930435, 35.058777, 140.57388, 152.10666, 15.142104, 11.6768265]
5.1676707, [3.130312, 40.53497, 56.334717, 0.0, 0.0, 0.0], -1
evidence number = 1
times imitated = 0
[93.78128, 3.0093098, 91.160355, 32.38917, 108.45442, 107.39525, 9.316748, 4.1144543]
0.35994196, [-3.6474028, 72.390724, 23.961874, 0.0, 0.0, 0.0], -1
evidence number = 1
times imitated = 0
[52.785454, 3.7885787, 91.66174, 32.2373, 108.29736, 92.49666, 8.807273, 2.7199636]
2.2541292, [9.655467, 58.675568, -31.668964, 0.0, 0.0, 0.0], 2
evidence number = 1
times imitated = 0
[13.388374, 8.8743725, 121.78783, 32.978165, 119.5556, 122.1855, 8.776945, 5.0190244]
2.345425, [-3.317233, 11.801746, 84.88102, 0.0, 0.0, 0.0], 0
evidence number = 1
times imitated = 2
[51.876564, 15.153645, 56.787537, 33.324642, 37.031662, 9.79451, 10.187747, 5.866808]
0.59806156, [-27.372042, -44.097137, -28.53082, 0.0, 0.0, 0.0], -1
evidence number = 1
times imitated = 0
[12.492607, 32.76355, 121.564926, 31.971, 40.42279, 20.794891, 23.32884, 32.035397]
0.4344065, [8.538534, -45.550438, -45.911026, 0.0, 0.0, 0.0], -1
evidence number = 1
times imitated = 0
[84.539185, 23.823822, 44.878315, 25.933748, 7.723794, 49.771786, 4.69918, 9.54519]
0.0014848709, [0.0, 0.0, 0.0, -27.230253, -45.541454, 27.228292], 4
evidence number = 1
times imitated = 0
[145.10483, 21.106516, 12.0780945, 29.186716, 11.085236, 11.515533, 5.0742135, 9.006368]
0.5970344, [-35.619865, -35.657875, 28.722256, 0.0, 0.0, 0.0], -1
evidence number = 1
times imitated = 0
[162.5593, 21.106825, 5.366638, 29.186691, 5.7817993, 5.9177856, 5.030994, 9.00352]
0.0011140631, [0.0, 0.0, 0.0, 27.693977, 12.168123, -60.137897], 5
evidence number = 1
times imitated = 0
total contexts =251total imitated =39

NONPOS CONTEXTS:
[86.05504, 34.12903, 42.64061, 25.68266, 28.912659, 46.493347, 30.877817, 25.429739]
2.1394398, [39.969315, 43.938206, 16.092482, 0.0, 0.0, 0.0], -1
evidence number = 22
times imitated = 0
[144.41437, 35.329685, 145.37234, 46.96429, 172.26482, 151.57239, 32.472702, 34.274303]
3.4945985E-4, [0.0, 0.0, 0.0, -29.416714, -22.593225, -47.99006], 5
evidence number = 17
times imitated = 0
[16.18054, 24.465263, 112.88365, 38.08455, 0.62039566, 38.81172, 12.573123, 13.324221]
2.287454, [-12.5282955, 43.667923, 43.803787, 0.0, 0.0, 0.0], 0
evidence number = 10
times imitated = 0
[3.030632, 25.312626, 167.56952, 19.848526, 10.19664, 2.3013, 11.829425, 23.509676]
3.7134085, [38.406113, -26.973444, -34.62044, 0.0, 0.0, 0.0], 2
evidence number = 9
times imitated = 0
[55.379875, 24.421309, 82.73216, 32.030365, 55.502426, 49.397995, 19.043642, 10.244611]
2.0509493, [12.118972, 50.372868, 37.50816, 0.0, 0.0, 0.0], -1
evidence number = 8
times imitated = 0
[167.81406, 13.673425, 20.659546, 36.39061, 40.79886, 171.99628, 3.817159, 8.6697445]
5.20679, [-23.422655, 35.023083, 41.554264, 0.0, 0.0, 0.0], 0
evidence number = 8
times imitated = 0
[84.63554, 23.328142, 66.11545, 31.19292, 51.031967, 65.256744, 26.869175, 17.359713]
2.2653115, [18.7852, 41.95257, 39.262226, 0.0, 0.0, 0.0], -1
evidence number = 7
times imitated = 0
[51.978485, 23.440052, 22.736298, 56.09808, 28.54776, 45.160294, 29.96836, 27.755133]
0.0, [0.0, 0.0, 0.0, 37.729984, -20.142834, -42.127186], 5
evidence number = 7
times imitated = 2
[10.354263, 35.30287, 66.20499, 56.09808, 15.379471, 5.177307, 33.873215, 35.684612]
0.0, [0.0, 0.0, 0.0, -41.361282, 18.935146, 39.70357], 3
evidence number = 7
times imitated = 1
[12.043259, 35.306488, 74.83086, 54.528736, 25.030472, 1.3594971, 26.134209, 21.181347]
2.2637527, [16.213774, 42.186523, 41.599705, 0.0, 0.0, 0.0], -1
evidence number = 7
times imitated = 0
[15.998657, 32.238117, 75.56514, 53.76804, 51.477707, 19.831589, 18.170832, 8.534942]
2.283102, [12.269073, 41.849094, 45.881836, 0.0, 0.0, 0.0], -1
evidence number = 7
times imitated = 0
[1.6529875, 35.386127, 93.11187, 55.26098, 104.49209, 135.58125, 33.290844, 24.9194]
0.60819966, [6.452997, 29.456059, -64.09094, 0.0, 0.0, 0.0], -1
evidence number = 7
times imitated = 0
[38.26467, 3.2766726, 164.52936, 26.703125, 87.63309, 25.603874, 3.8718905, 4.6143684]
0.0, [0.0, 0.0, 0.0, -29.985678, 31.99455, 38.019768], 3
evidence number = 7
times imitated = 0
[59.788612, 36.79922, 103.652145, 17.483526, 99.33563, 44.11927, 4.6325936, 6.939637]
4.013813, [47.40499, 6.601335, -45.993675, 0.0, 0.0, 0.0], 2
evidence number = 7
times imitated = 0
[22.622395, 22.807198, 107.547035, 39.400337, 37.848885, 62.830208, 3.1529412, 13.495772]
2.0192611, [-18.801113, 36.01395, 45.184937, 0.0, 0.0, 0.0], 0
evidence number = 6
times imitated = 0
[21.950775, 26.204628, 51.500626, 52.279, 38.53972, 13.013428, 17.056074, 8.184817]
1.9278573, [26.25012, 35.36185, 38.388027, 0.0, 0.0, 0.0], -1
evidence number = 6
times imitated = 0
[-3.4609265, 10.949352, 88.928345, 55.61671, 90.88217, 76.30362, 4.9821906, 16.024677]
0.33964357, [5.100755, 2.730965, -92.168274, 0.0, 0.0, 0.0], -1
evidence number = 6
times imitated = 0
[1.040617, 30.860004, 93.05395, 55.235462, 64.85943, 57.83721, 21.813408, 10.774157]
3.0062544, [10.60758, 41.172817, 48.219604, 0.0, 0.0, 0.0], -1
evidence number = 6
times imitated = 0
[55.122543, 19.583231, 58.282043, 32.471466, 31.070557, 42.501648, 10.96809, 18.911255]
1.8395293, [13.6494665, 46.851616, 39.498917, 0.0, 0.0, 0.0], -1
evidence number = 6
times imitated = 0
[3.8783646, 39.31947, 98.35943, 31.695623, 17.419426, 0.5220108, 26.605366, 35.311867]
0.7999098, [12.886414, -42.531265, -44.58232, 0.0, 0.0, 0.0], -1
evidence number = 6
times imitated = 0
[56.265137, 37.76325, 51.75853, 30.616058, 33.311462, 51.929993, 24.857283, 33.64417]
1.5141805, [23.959503, 41.278645, 34.761856, 0.0, 0.0, 0.0], -1
evidence number = 6
times imitated = 0
[30.778023, 14.302672, 165.12271, 25.69799, 64.75963, 40.172348, 6.657633, 14.049522]
0.25227934, [40.353577, -24.172867, -35.473557, 0.0, 0.0, 0.0], -1
evidence number = 6
times imitated = 0
[49.495895, 39.676083, 105.167984, 16.965769, 171.91402, 53.47682, 5.2743654, 4.1183224]
2.817188, [29.82377, 4.1410837, -66.03515, 0.0, 0.0, 0.0], 2
evidence number = 6
times imitated = 0
[75.395096, 27.58228, 0.7742462, 32.110283, 0.17329407, 22.166214, 5.0131416, 6.68065]
5.4944386, [42.492626, 42.185764, 15.3216095, 0.0, 0.0, 0.0], -1
evidence number = 5
times imitated = 0
[13.841064, 37.80974, 66.951385, 55.625572, 13.679306, 6.122284, 33.519024, 32.736263]
0.5656941, [56.321697, -11.766848, -31.911453, 0.0, 0.0, 0.0], -1
evidence number = 5
times imitated = 0
[24.856354, 13.531229, 38.96982, 40.13197, 150.11588, 83.61658, 13.460089, 9.157986]
0.0, [0.0, 0.0, 0.0, -46.512234, -41.93061, -11.5571575], 3
evidence number = 5
times imitated = 1
[18.21513, 19.961042, 146.05383, 39.400337, 178.61655, 130.35251, 10.618934, 21.67237]
0.0, [0.0, 0.0, 0.0, -49.72731, -43.614746, 6.657938], 3
evidence number = 5
times imitated = 0
[57.431152, 20.117054, 38.35443, 46.25823, 37.649048, 123.51248, 11.751575, 2.858427]
9.875715, [-47.642025, 33.734756, -18.623219, 0.0, 0.0, 0.0], 0
evidence number = 5
times imitated = 3
[51.044556, 25.78134, 24.31401, 53.23401, 19.968643, 11.780289, 18.472124, 6.8799386]
10.748899, [-53.48993, -15.589545, -30.920523, 0.0, 0.0, 0.0], 0
evidence number = 5
times imitated = 1
[4.5883512, 21.092678, 68.2168, 57.070633, 37.354435, 66.17102, 4.9745183, 17.988869]
0.5833564, [12.229664, 25.998264, 61.772068, 0.0, 0.0, 0.0], -1
evidence number = 5
times imitated = 0
[45.294235, 39.254906, 57.17354, 31.646746, 23.98143, 40.896194, 26.523735, 35.243786]
0.018000022, [0.0, 0.0, 0.0, 40.079258, -19.783695, -40.13705], 5
evidence number = 5
times imitated = 0
[18.600677, 13.855115, 46.090393, 27.937828, 33.049454, 31.940521, 10.463644, 20.20406]
2.2443316, [-29.735065, -34.58061, -35.684326, 0.0, 0.0, 0.0], 2
evidence number = 4
times imitated = 0
[7.120178, 17.537384, 12.288925, 27.939518, 3.472763, 0.28507996, 5.9324875, 21.208635]
0.0017159192, [0.0, 0.0, 0.0, 47.65679, 24.054703, 28.288504], -1
evidence number = 4
times imitated = 0
[22.077301, 31.880896, 3.001068, 38.957634, 6.776825, 16.561691, 16.614174, 33.067135]
8.260101, [-34.85886, -33.790813, -31.350317, 0.0, 0.0, 0.0], 0
evidence number = 4
times imitated = 0
[25.119125, 29.208353, 1.324646, 36.69229, 3.2024078, 16.115143, 9.14037, 27.379448]
1.9974475, [34.494804, 33.83514, 31.670057, 0.0, 0.0, 0.0], -1
evidence number = 4
times imitated = 0
[18.323654, 32.976032, 74.59723, 53.544094, 71.50473, 70.98105, 17.265501, 4.9451337]
1.9250818, [13.231971, 31.5875, 55.18053, 0.0, 0.0, 0.0], -1
evidence number = 4
times imitated = 0
[29.992874, 31.065033, 115.44583, 46.963562, 67.1142, 44.78618, 28.52208, 31.029587]
3.3275262E-4, [0.0, 0.0, 0.0, -41.276802, -23.49782, -35.225384], 3
evidence number = 4
times imitated = 0
[137.51714, 27.85208, 134.36818, 41.057304, 175.39806, 146.58981, 23.611408, 25.814804]
6.638526, [24.211885, 39.155533, 36.632584, 0.0, 0.0, 0.0], -1
evidence number = 4
times imitated = 0
[129.14912, 20.601503, 107.532135, 34.399597, 174.46057, 139.03177, 12.258168, 17.189835]
12.533033, [27.44292, 40.166122, 32.39096, 0.0, 0.0, 0.0], -1
evidence number = 4
times imitated = 0
[133.6488, 15.085125, 69.995026, 34.656048, 121.28917, 141.97705, 5.1853914, 10.756796]
12.042551, [17.345726, 47.584503, 35.06977, 0.0, 0.0, 0.0], -1
evidence number = 4
times imitated = 0
[97.190865, 15.40581, 75.042694, 36.39061, 107.20465, 131.4192, 3.0671322, 11.976926]
0.0, [0.0, 0.0, 0.0, -46.03156, 8.785502, 45.182934], 3
evidence number = 4
times imitated = 2
[7.7358665, 7.746001, 78.48535, 55.517803, 62.109436, 78.135864, 5.339587, 17.279366]
0.5393094, [-0.63158226, 20.820202, 78.54822, 0.0, 0.0, 0.0], -1
evidence number = 4
times imitated = 0
[11.705635, 19.323334, 97.50949, 33.05436, 30.891922, 1.8148346, 13.605379, 16.990664]
2.2281177, [-0.9078031, 49.445587, 49.646606, 0.0, 0.0, 0.0], 0
evidence number = 4
times imitated = 2
[37.56794, 22.345474, 129.1283, 30.73142, 60.447716, 11.423008, 14.413371, 14.329912]
0.003037767, [0.0, 0.0, 0.0, 46.325996, 13.13643, -40.537575], 5
evidence number = 4
times imitated = 3
[13.854126, 40.372803, 129.56073, 25.941187, 32.646175, 11.101921, 21.91174, 23.872072]
0.0015402418, [0.0, 0.0, 0.0, 43.31105, 22.841198, 33.84775], -1
evidence number = 4
times imitated = 0
[31.025696, 40.71053, 146.45914, 25.942274, 55.49442, 20.314278, 15.874094, 17.041538]
0.0014517307, [0.0, 0.0, 0.0, -41.642765, -13.113041, -45.244194], 5
evidence number = 4
times imitated = 2
[9.582581, 40.710926, 125.018166, 25.943422, 50.462803, 18.536324, 9.357875, 10.828054]
0.0014808178, [0.0, 0.0, 0.0, 41.870735, 16.254225, 41.87504], -1
evidence number = 4
times imitated = 0
[177.27394, 5.183024, 93.39894, 27.767834, 115.119156, 133.17375, 9.668422, 6.5177774]
4.645361, [-19.687527, 25.030848, 55.28162, 0.0, 0.0, 0.0], 0
evidence number = 4
times imitated = 0
[36.127365, 32.540592, 159.98132, 19.847034, 43.726982, 40.319168, 10.789496, 20.836123]
0.0031225188, [0.0, 0.0, 0.0, -6.611666, -34.24773, -59.14061], 5
evidence number = 4
times imitated = 1
[36.38452, 42.90261, 77.36746, 16.92245, 123.33229, 62.457657, 6.803248, 12.307867]
5.89229, [6.904911, 30.267038, -62.828045, 0.0, 0.0, 0.0], 2
evidence number = 4
times imitated = 0
[37.57132, 26.485355, 86.03902, 32.895878, 2.9625092, 25.245193, 15.062517, 20.373446]
1.5878848, [-13.626608, 43.239353, 43.13404, 0.0, 0.0, 0.0], 0
evidence number = 3
times imitated = 0
[33.31669, 18.236198, 159.36484, 39.400337, 160.21362, 148.92377, 14.985568, 25.63587]
0.0, [0.0, 0.0, 0.0, -34.24016, -27.001043, -38.75879], 5
evidence number = 3
times imitated = 0
[122.42801, 14.968529, 49.646423, 36.39061, 22.858185, 137.32477, 2.6070347, 10.511109]
0.0, [0.0, 0.0, 0.0, -33.23834, 18.216204, 48.545456], 3
evidence number = 3
times imitated = 0
[76.9232, 15.931355, 60.73062, 38.79778, 43.203583, 129.00043, 5.3464465, 9.694787]
4.539482, [-47.16963, 52.078022, -0.75235254, 0.0, 0.0, 0.0], 0
evidence number = 3
times imitated = 5
[32.41577, 26.499258, 39.67668, 53.952698, 34.91127, 5.222824, 19.212547, 7.641064]
4.457045, [-35.290405, -38.071518, -26.638073, 0.0, 0.0, 0.0], 1
evidence number = 3
times imitated = 0
[17.366379, 27.024858, 48.794113, 53.342392, 45.268356, 15.509415, 18.553007, 6.7429214]
0.7700901, [-55.60486, -43.37744, 1.0177041, 0.0, 0.0, 0.0], -1
evidence number = 3
times imitated = 0
[15.557495, 34.863804, 82.62117, 53.201008, 80.89049, 77.274765, 18.007797, 6.2817445]
0.41997543, [-10.039081, -5.14219, 84.81873, 0.0, 0.0, 0.0], -1
evidence number = 3
times imitated = 0
[18.949244, 8.566958, 61.269714, 56.08902, 20.720917, 56.20517, 8.028681, 17.91751]
1.5132594, [19.44159, 34.683353, 45.875057, 0.0, 0.0, 0.0], -1
evidence number = 3
times imitated = 0
[1.3938956, 7.5120525, 85.464264, 55.450546, 81.34735, 85.64194, 5.022391, 17.211765]
2.2680042, [12.09693, 24.59664, 63.306435, 0.0, 0.0, 0.0], -1
evidence number = 3
times imitated = 0
[-5.6373644, 10.649836, 91.323364, 55.610607, 96.42102, 86.68027, 4.9958363, 16.738146]
0.0, [0.0, 0.0, 0.0, -41.824104, -18.577753, 39.598145], 3
evidence number = 3
times imitated = 2
[65.13659, 10.893746, 45.082504, 32.994457, 45.808975, 45.738495, 8.995813, 5.035575]
0.011135519, [0.0, 0.0, 0.0, 44.28145, 22.108055, -33.610497], 5
evidence number = 3
times imitated = 3
[4.8817368, 22.268532, 107.4656, 32.29663, 11.191658, 3.8535233, 15.623862, 23.275963]
0.47730896, [27.220749, 41.81183, 30.967422, 0.0, 0.0, 0.0], -1
evidence number = 3
times imitated = 0
[13.29451, 39.318913, 88.94328, 31.695623, 8.003281, 8.8941345, 26.605366, 35.311867]
0.0, [0.0, 0.0, 0.0, 69.28642, 11.1920185, -19.52156], 5
evidence number = 3
times imitated = 0
[107.37396, 3.3237293, 139.2489, 26.703125, 154.71771, 172.47879, 7.9884386, 4.414435]
1.9187285, [25.345854, 44.57946, 30.074682, 0.0, 0.0, 0.0], -1
evidence number = 3
times imitated = 0
[5.432953, 4.290761, 166.58635, 26.703125, 85.57998, 15.528809, 3.8730557, 5.2261224]
0.0, [0.0, 0.0, 0.0, 8.106501, 36.737286, 55.15621], -1
evidence number = 3
times imitated = 0
[59.261185, 32.54068, 136.83717, 19.846647, 77.304535, 66.85235, 10.035389, 16.463284]
0.0029486497, [0.0, 0.0, 0.0, 38.991978, -22.194885, -38.813137], -1
evidence number = 3
times imitated = 0
[17.247543, 18.546041, 0.15184021, 27.940174, 15.609055, 10.45874, 5.9331555, 21.683428]
0.0017099751, [0.0, 0.0, 0.0, 69.617424, 8.113049, -22.269527], 5
evidence number = 2
times imitated = 0
[20.840088, 19.166569, 4.5485535, 27.941206, 20.308075, 16.160904, 5.934196, 21.76456]
0.0017082707, [0.0, 0.0, 0.0, 33.1424, -18.076193, -48.78141], 5
evidence number = 2
times imitated = 0
[22.496109, 27.808407, 0.86354065, 34.925842, 6.2129364, 16.150558, 12.724092, 29.488316]
5.6069837, [-35.71827, -33.774643, -30.507092, 0.0, 0.0, 0.0], 0
evidence number = 2
times imitated = 0
[38.15448, 27.157059, 84.62537, 32.895878, 6.768265, 23.89441, 15.061376, 19.304829]
0.4624362, [-20.15468, 37.69525, 42.15007, 0.0, 0.0, 0.0], -1
evidence number = 2
times imitated = 0
[38.311554, 27.157059, 84.46829, 32.895878, 12.270508, 18.069641, 15.074933, 17.341171]
0.0, [0.0, 0.0, 0.0, 48.2472, -10.815009, -40.93779], -1
evidence number = 2
times imitated = 0
[48.08255, 26.650352, 77.14856, 32.720837, 15.678146, 14.695053, 14.83405, 13.985908]
0.53999543, [12.506231, 51.6203, 35.873463, 0.0, 0.0, 0.0], -1
evidence number = 2
times imitated = 0
[3.3101501, 25.320305, 76.813446, 54.84501, 77.13019, 77.49844, 17.451767, 4.936613]
0.11999974, [-28.932201, -28.41073, -42.657066, 0.0, 0.0, 0.0], -1
evidence number = 2
times imitated = 0
[18.219604, 25.320305, 91.7229, 54.84501, 92.03964, 92.39783, 17.451767, 4.9360876]
0.0, [0.0, 0.0, 0.0, -65.213905, -32.591507, 2.194584], 3
evidence number = 2
times imitated = 0
[9.253094, 22.807869, 120.91721, 39.400337, 107.47669, 86.22184, 3.089446, 15.039227]
0.55463386, [-27.843315, 9.902347, 62.25434, 0.0, 0.0, 0.0], -1
evidence number = 2
times imitated = 0
[174.45999, 13.673833, 2.9302673, 36.39061, 23.072754, 171.57068, 3.816444, 8.76768]
0.0, [0.0, 0.0, 0.0, 46.610023, -14.929156, -38.460823], -1
evidence number = 2
times imitated = 0
[8.473373, 33.67545, 89.704895, 53.20069, 87.97229, 73.71121, 18.008125, 6.250103]
1.3341177, [-24.040876, -4.513759, 71.445366, 0.0, 0.0, 0.0], 0
evidence number = 2
times imitated = 0
[31.777817, 37.05696, 66.40448, 53.201786, 60.21698, 66.00586, 19.538702, 7.0270996]
0.0013605203, [0.0, 0.0, 0.0, 48.001846, 3.9879296, -48.010223], 5
evidence number = 2
times imitated = 0
[39.68579, 24.726496, 113.96196, 56.58837, 114.64815, 114.23985, 4.9955387, 17.490166]
0.0047192797, [0.0, 0.0, 0.0, -44.195686, -22.092545, -33.71177], 3
evidence number = 2
times imitated = 1
[-2.937794, 8.450804, 83.47162, 56.039883, 51.581787, 80.78003, 6.7361526, 17.675825]
2.1301584, [22.079006, 34.313507, 43.60749, 0.0, 0.0, 0.0], -1
evidence number = 2
times imitated = 0
[13.863897, 7.5120525, 72.99426, 55.450546, 66.11795, 73.171936, 5.0499997, 17.211765]
1.5882401, [5.5912275, 16.615116, 77.793655, 0.0, 0.0, 0.0], -1
evidence number = 2
times imitated = 0
[5.831357, 31.334467, 89.74599, 55.354908, 79.195694, 93.464584, 22.1318, 10.604681]
2.0783734, [-6.570676, 7.4912386, 85.93809, 0.0, 0.0, 0.0], 0
evidence number = 2
times imitated = 1
[0.091067314, 31.638151, 95.357346, 55.325863, 94.8304, 117.18846, 23.695793, 12.782082]
0.584111, [-14.702122, -22.482758, 62.815125, 0.0, 0.0, 0.0], -1
evidence number = 2
times imitated = 0
[0.5014343, 9.9792, 109.73601, 32.994087, 110.45744, 110.381805, 8.99543, 5.035182]
1.4944887, [-10.848729, -3.1009424, 86.05033, 0.0, 0.0, 0.0], 0
evidence number = 2
times imitated = 0
[56.432045, 10.89433, 53.786057, 32.99426, 54.509964, 54.436996, 8.995607, 5.0353594]
0.6099304, [-19.598719, -17.912838, 62.48844, 0.0, 0.0, 0.0], -1
evidence number = 2
times imitated = 0
[1.8500671, 17.583405, 108.17758, 33.150005, 52.994797, 13.898636, 14.77467, 15.9498]
2.2231429, [4.517536, 48.340015, 47.14245, 0.0, 0.0, 0.0], -1
evidence number = 2
times imitated = 0
[3.387909, 27.14313, 112.63501, 31.971, 22.751587, 10.47406, 21.428736, 29.295147]
1.7897506, [11.603952, -44.400677, -43.99537, 0.0, 0.0, 0.0], 1
evidence number = 2
times imitated = 2
[65.601166, 37.42933, 44.380753, 30.122255, 39.728714, 60.853638, 24.93242, 33.13191]
0.9814302, [30.251753, 39.488003, 30.26025, 0.0, 0.0, 0.0], -1
evidence number = 2
times imitated = 0
[84.36642, 32.30607, 53.070816, 23.442957, 15.952927, 27.758194, 36.69719, 24.164703]
2.2335355, [44.760777, 54.197903, 1.0413238, 0.0, 0.0, 0.0], -1
evidence number = 2
times imitated = 0
[41.82055, 22.34413, 124.87822, 30.731897, 64.70055, 15.676998, 14.412709, 14.328883]
0.00289784, [0.0, 0.0, 0.0, 45.04982, -10.861132, -44.08905], -1
evidence number = 2
times imitated = 0
[152.3681, 4.966719, 116.68467, 27.664505, 137.87329, 156.0025, 9.493044, 6.3002205]
0.44114834, [-15.326712, 25.860495, 58.81279, 0.0, 0.0, 0.0], -1
evidence number = 2
times imitated = 0
[134.89656, 3.5559554, 116.98056, 26.878082, 133.58206, 151.58334, 8.243768, 4.7351136]
1.4995165, [23.768473, 43.12935, 33.10218, 0.0, 0.0, 0.0], -1
evidence number = 2
times imitated = 0
[122.16695, 3.3237293, 124.45592, 26.703125, 139.81819, 173.23755, 7.951602, 4.7527556]
0.0, [0.0, 0.0, 0.0, 45.718353, 8.563301, -45.718346], 5
evidence number = 2
times imitated = 0
[122.04794, 3.3237293, 124.57492, 26.703125, 137.0953, 172.59299, 6.904456, 5.474409]
0.0, [0.0, 0.0, 0.0, 45.476585, -9.046831, -45.476585], -1
evidence number = 2
times imitated = 0
[5.463211, 28.670338, 161.02347, 19.847963, 4.643257, 2.7644806, 13.193307, 24.739172]
0.0031853076, [0.0, 0.0, 0.0, 44.135098, 29.485762, 26.379145], -1
evidence number = 2
times imitated = 0
[3.7165222, 8.006411, 38.15703, 26.091856, 15.594696, 27.344238, 11.171521, 16.58771]
0.0010307553, [0.0, 0.0, 0.0, 33.52592, 19.998762, 46.47532], -1
evidence number = 1
times imitated = 0
[3.5667572, 9.020805, 39.11325, 26.498135, 16.516907, 27.88379, 11.7498665, 17.36183]
0.48223948, [-31.162565, -35.40679, -33.43064, 0.0, 0.0, 0.0], -1
evidence number = 1
times imitated = 0
[11.0269165, 10.324535, 46.180206, 27.312065, 26.150269, 34.634964, 12.418618, 18.637762]
1.4896576, [-30.566698, -35.130104, -34.303196, 0.0, 0.0, 0.0], 1
evidence number = 1
times imitated = 0
[10.697037, 14.696385, 36.232086, 27.938166, 24.861145, 21.244843, 9.023954, 20.137043]
0.8864424, [-28.748426, -34.347836, -36.90374, 0.0, 0.0, 0.0], -1
evidence number = 1
times imitated = 0
[19.25035, 19.05928, 2.777298, 27.940504, 18.537796, 13.402893, 5.933489, 21.756357]
0.0017045932, [0.0, 0.0, 0.0, 55.58212, -2.9290314, -41.488846], -1
evidence number = 1
times imitated = 0
[30.168716, 22.231659, 5.437271, 29.511536, 16.938492, 23.458374, 7.4211717, 24.070797]
1.578249, [-36.11169, -33.57614, -30.312166, 0.0, 0.0, 0.0], 0
evidence number = 1
times imitated = 0
[19.493835, 30.60301, 0.47209167, 37.55379, 3.9715576, 13.575897, 15.3427725, 32.031757]
9.629992, [-35.26638, -33.81245, -30.921173, 0.0, 0.0, 0.0], 0
evidence number = 1
times imitated = 0
[21.445694, 31.46435, 2.0989075, 38.51048, 5.8561707, 16.156174, 15.637705, 31.9805]
0.9638736, [-35.006306, -33.741585, -31.25212, 0.0, 0.0, 0.0], -1
evidence number = 1
times imitated = 0
[9.266907, 24.188923, 117.27403, 32.76875, 33.536484, 2.0917816, 14.271315, 20.981432]
2.2740924, [-10.212317, 45.94684, 43.840847, 0.0, 0.0, 0.0], 0
evidence number = 1
times imitated = 0
[28.621124, 25.320305, 44.88217, 54.84501, 44.898834, 45.546844, 17.497656, 4.9355345]
0.0, [0.0, 0.0, 0.0, 39.852596, 19.952051, -40.195354], 5
evidence number = 1
times imitated = 0
[15.125793, 33.57168, 77.79523, 53.544094, 77.9169, 78.42856, 17.405714, 4.9578447]
0.8694254, [17.163464, 19.629108, 63.207428, 0.0, 0.0, 0.0], -1
evidence number = 1
times imitated = 0
[26.639359, 36.426933, 66.206055, 53.544094, 65.384155, 66.839386, 18.156197, 4.9578447]
0.0, [0.0, 0.0, 0.0, 40.10802, 20.05401, -39.837967], 5
evidence number = 1
times imitated = 0
[40.533813, 13.739404, 55.0847, 40.289307, 166.27707, 102.856125, 13.191949, 10.370011]
0.27599978, [-30.040634, 31.805506, -38.15386, 0.0, 0.0, 0.0], -1
evidence number = 1
times imitated = 0
[4.830574, 22.733692, 125.28833, 39.400337, 131.04037, 94.82831, 3.9772906, 15.962676]
0.0, [0.0, 0.0, 0.0, -30.184174, -39.541447, 30.27438], 4
evidence number = 1
times imitated = 0
[153.87115, 36.67327, 135.73425, 46.839787, 178.236, 160.97005, 33.28134, 35.129677]
0.17402335, [27.705994, 37.679337, 34.614666, 0.0, 0.0, 0.0], -1
evidence number = 1
times imitated = 0
[155.59776, 13.674071, 15.933563, 36.39061, 4.279022, 156.27274, 3.8043385, 9.070477]
0.0, [0.0, 0.0, 0.0, 86.77134, 2.4788947, -10.74976], 5
evidence number = 1
times imitated = 0
[145.55614, 13.674241, 25.97647, 36.39061, 4.111908, 149.99808, 3.541559, 9.455135]
0.0, [0.0, 0.0, 0.0, 11.403181, 29.165861, 59.430958], -1
evidence number = 1
times imitated = 0
[19.355942, 37.057194, 78.82654, 53.2015, 75.58777, 74.67874, 18.483978, 6.4141026]
0.0014010031, [0.0, 0.0, 0.0, 30.573046, -38.83455, -30.592405], 4
evidence number = 1
times imitated = 0
[2.2969046, 12.394442, 71.337616, 57.169506, 55.243893, 69.20178, 5.0577507, 17.837475]
1.3432089, [-19.544008, -24.541025, -55.914967, 0.0, 0.0, 0.0], 2
evidence number = 1
times imitated = 0
[2.1233206, 31.334925, 93.45399, 55.354908, 86.72755, 104.64268, 22.609266, 11.263349]
1.4333109, [-7.1681476, -7.50487, 85.32698, 0.0, 0.0, 0.0], 1
evidence number = 1
times imitated = 0
[8.096849, 35.420387, 86.673874, 55.26098, 98.56178, 129.64507, 34.73013, 26.370121]
0.0, [0.0, 0.0, 0.0, 76.180046, 11.976607, -11.843342], 5
evidence number = 1
times imitated = 2
[10.262955, 19.719116, 98.47337, 33.139805, 28.856796, 2.8274841, 13.15665, 17.235037]
2.2480571, [0.23700169, 50.53538, 49.227615, 0.0, 0.0, 0.0], -1
evidence number = 1
times imitated = 0
[27.082443, 20.163435, 81.5177, 33.1119, 4.548279, 14.620712, 12.4840145, 17.320429]
2.2495878, [-0.290201, 50.826435, 48.883366, 0.0, 0.0, 0.0], 0
evidence number = 1
times imitated = 0
[8.203041, 27.64286, 117.335144, 31.971, 29.716782, 15.428497, 21.508368, 30.55918]
2.006671, [11.273682, -44.342976, -44.383343, 0.0, 0.0, 0.0], 2
evidence number = 1
times imitated = 0
[13.840279, 32.896843, 122.75393, 31.971, 41.528908, 22.208626, 23.671856, 32.356052]
0.0, [0.0, 0.0, 0.0, -38.27332, -22.192133, -39.53455], 5
evidence number = 1
times imitated = 0
[8.128349, 38.363228, 111.93075, 31.971, 30.235405, 12.661079, 25.737894, 34.36159]
0.0, [0.0, 0.0, 0.0, 45.778893, 21.39683, 32.82428], -1
evidence number = 1
times imitated = 0
[13.323715, 39.318546, 88.91408, 31.695623, 7.9740753, 8.92334, 26.605366, 35.311867]
0.0, [0.0, 0.0, 0.0, 50.29067, -6.248822, -43.46051], -1
evidence number = 1
times imitated = 0
[44.906975, 38.935516, 58.721085, 31.409922, 23.518951, 40.520767, 26.111074, 34.901054]
0.5400673, [25.523127, 40.46819, 34.008686, 0.0, 0.0, 0.0], -1
evidence number = 1
times imitated = 0
[85.52954, 33.562065, 49.2269, 24.014526, 19.90303, 35.696533, 34.878372, 24.12935]
2.2329528, [47.526436, 52.341537, -0.13202311, 0.0, 0.0, 0.0], 2
evidence number = 1
times imitated = 1
[42.55281, 22.343449, 124.14713, 30.732138, 65.34668, 16.409912, 14.426577, 14.328386]
0.002867219, [0.0, 0.0, 0.0, 39.98868, -20.006712, -40.004612], 5
evidence number = 1
times imitated = 2
[8.984543, 40.71106, 124.42059, 25.943647, 56.087456, 25.002563, 8.237896, 9.810624]
0.0015153885, [0.0, 0.0, 0.0, 38.801983, -22.389778, 38.80824], 4
evidence number = 1
times imitated = 0
[118.20509, 3.3237293, 128.41777, 26.703125, 143.89671, 161.64766, 7.9885736, 4.414435]
2.3382072, [24.816994, 44.088207, 31.094799, 0.0, 0.0, 0.0], -1
evidence number = 1
times imitated = 0
[111.04094, 3.3237293, 135.58192, 26.703125, 151.04738, 168.81178, 7.988341, 4.4144645]
0.35981846, [28.5646, 46.993263, 24.442137, 0.0, 0.0, 0.0], -1
evidence number = 1
times imitated = 0
[3.2065048, 26.152971, 166.31479, 19.848389, 9.184593, 1.4031296, 12.171679, 23.82173]
0.48399466, [37.08644, -29.764042, -33.14952, 0.0, 0.0, 0.0], -1
evidence number = 1
times imitated = 0
[2.29171, 26.993568, 166.18442, 19.848248, 9.300278, 1.6332092, 12.511004, 24.13161]
0.0031249847, [0.0, 0.0, 0.0, -13.0229, 35.341805, 51.635296], 3
evidence number = 1
times imitated = 0
[16.865257, 31.457365, 179.4534, 19.847403, 24.22696, 18.88678, 13.237467, 24.634962]
0.0032981697, [0.0, 0.0, 0.0, -57.670273, -19.077818, -23.251911], 3
evidence number = 1
times imitated = 0
[64.7742, 32.91391, 127.875946, 19.283894, 86.31423, 72.08678, 10.275228, 15.311837]
0.894443, [52.630077, -12.784698, -34.585224, 0.0, 0.0, 0.0], -1
evidence number = 1
times imitated = 0
[48.705093, 39.279583, 105.861694, 16.965698, 166.11328, 72.05115, 6.69025, 4.84516]
0.17521657, [22.343775, 26.680216, -50.97601, 0.0, 0.0, 0.0], -1
evidence number = 1
times imitated = 0
total contexts =133total imitated =37

POS IMITATED
1,RELROT:91.437584 MEDIST:36.426933 GOALROT:13.231441 GOALDIST:53.544094 OPPROT:13.330677;14.264335; OPPDIST18.157454;6.3251348;
Change = goal dist: 0.0 opp dist: 0.0 me dist: 0.0
goal rot: 30.751877 opp rot: 15.058131 me rot: -47.502136,5,
1,RELROT:123.14948 MEDIST:24.73334 GOALROT:130.82233 GOALDIST:56.59247 OPPROT:170.70578;148.81018; OPPDIST8.299644;18.994093;
Change = goal dist: 0.0 opp dist: 0.0 me dist: 0.0
goal rot: -18.266743 opp rot: -11.65009 me rot: -48.296368,5,
1,RELROT:59.262024 MEDIST:23.357985 GOALROT:45.972626 GOALDIST:49.125668 OPPROT:45.677887;46.73584; OPPDIST17.514908;5.012268;
Change = goal dist: 0.0 opp dist: 0.0 me dist: 0.0
goal rot: -10.272337 opp rot: -6.1038065 me rot: -49.168495,5,
2,RELROT:0.2032032 MEDIST:31.164194 GOALROT:95.3766 GOALDIST:55.247166 OPPROT:76.45091;80.63713; OPPDIST21.56939;9.944019;
Change = goal dist: -13.339245 opp dist: 22.99727 me dist: 63.663483
goal rot: 0.0 opp rot: 0.0 me rot: 0.0,0,
1,RELROT:147.23418 MEDIST:20.139812 GOALROT:12.6128235 GOALDIST:33.521683 OPPROT:80.88501;48.275436; OPPDIST17.68989;25.280577;
Change = goal dist: -38.158817 opp dist: -25.197617 me dist: 36.64357
goal rot: 0.0 opp rot: 0.0 me rot: 0.0,0,
1,RELROT:143.46954 MEDIST:36.426933 GOALROT:50.624138 GOALDIST:53.544094 OPPROT:53.81402;42.117943; OPPDIST20.229576;9.834674;
Change = goal dist: 0.0 opp dist: 0.0 me dist: 0.0
goal rot: -42.55758 opp rot: -14.884843 me rot: -42.55758,3,
1,RELROT:70.772705 MEDIST:27.43632 GOALROT:4.037567 GOALDIST:61.17049 OPPROT:35.096237;3.811676; OPPDIST18.58477;21.011072;
Change = goal dist: -46.68685 opp dist: -38.097607 me dist: -15.215546
goal rot: 0.0 opp rot: 0.0 me rot: 0.0,0,
2,RELROT:3.116159 MEDIST:25.856644 GOALROT:81.597275 GOALDIST:56.415455 OPPROT:32.51347;8.257092; OPPDIST27.70562;24.2203;
Change = goal dist: 0.0 opp dist: 0.0 me dist: 0.0
goal rot: -42.111942 opp rot: -16.343369 me rot: 41.54469,3,
1,RELROT:100.39236 MEDIST:10.892662 GOALROT:9.82869 GOALDIST:32.994816 OPPROT:10.55954;10.396332; OPPDIST8.996217;5.0305033;
Change = goal dist: 0.0 opp dist: 0.0 me dist: 0.0
goal rot: 39.99636 opp rot: 20.005344 me rot: -39.99829,5,
1,RELROT:77.30856 MEDIST:26.054136 GOALROT:5.340576 GOALDIST:57.62342 OPPROT:37.60089;6.53244; OPPDIST7.7165055;15.059345;
Change = goal dist: -71.58172 opp dist: -12.449151 me dist: 3.6223626
goal rot: 0.0 opp rot: 0.0 me rot: 0.0,0,
1,RELROT:56.519733 MEDIST:11.065158 GOALROT:28.919647 GOALDIST:55.608864 OPPROT:5.302246;38.079834; OPPDIST12.952946;20.02032;
Change = goal dist: 0.0 opp dist: 0.0 me dist: 0.0
goal rot: 44.33047 opp rot: 5.6974683 me rot: -44.333107,5,
1,RELROT:44.598297 MEDIST:25.320305 GOALROT:28.904999 GOALDIST:54.84501 OPPROT:3.3865051;1.9447021; OPPDIST30.454058;19.22959;
Change = goal dist: 0.0 opp dist: 0.0 me dist: 0.0
goal rot: -44.001152 opp rot: 1.4841871 me rot: 24.257908,3,
1,RELROT:51.931705 MEDIST:25.926731 GOALROT:124.31296 GOALDIST:55.279697 OPPROT:85.99411;90.723785; OPPDIST38.310474;43.157703;
Change = goal dist: 0.0 opp dist: 0.0 me dist: 0.0
goal rot: -40.25614 opp rot: -19.484459 me rot: -40.2594,5,
1,RELROT:146.57578 MEDIST:36.80828 GOALROT:11.884186 GOALDIST:24.349632 OPPROT:168.31883;163.3836; OPPDIST18.5677;17.639296;
Change = goal dist: -33.288418 opp dist: 36.67736 me dist: 30.034222
goal rot: 0.0 opp rot: 0.0 me rot: 0.0,0,
2,RELROT:21.040369 MEDIST:21.312973 GOALROT:63.20124 GOALDIST:56.391735 OPPROT:14.100563;-10.241173; OPPDIST27.64952;24.201866;
Change = goal dist: -27.32405 opp dist: -39.755817 me dist: -32.920135
goal rot: 0.0 opp rot: 0.0 me rot: 0.0,1,
3,RELROT:7.2726574 MEDIST:36.428032 GOALROT:101.007545 GOALDIST:55.182194 OPPROT:114.42918;145.57294; OPPDIST41.74121;33.00333;
Change = goal dist: 4.931196 opp dist: 32.92262 me dist: -62.146183
goal rot: 0.0 opp rot: 0.0 me rot: 0.0,2,
1,RELROT:11.150078 MEDIST:9.703281 GOALROT:86.35448 GOALDIST:32.895424 OPPROT:63.07141;26.57695; OPPDIST8.989585;7.5587044;
Change = goal dist: -7.2336993 opp dist: -32.098164 me dist: -60.668137
goal rot: 0.0 opp rot: 0.0 me rot: 0.0,2,
2,RELROT:27.50145 MEDIST:15.553403 GOALROT:78.6221 GOALDIST:33.62967 OPPROT:41.27188;8.640808; OPPDIST13.939472;11.3327265;
Change = goal dist: -26.107887 opp dist: -43.823578 me dist: -30.068535
goal rot: 0.0 opp rot: 0.0 me rot: 0.0,1,
1,RELROT:36.20581 MEDIST:24.56028 GOALROT:37.2023 GOALDIST:56.790108 OPPROT:47.558746;48.187897; OPPDIST34.734867;19.41781;
Change = goal dist: 0.0 opp dist: 0.0 me dist: 0.0
goal rot: -34.8645 opp rot: -20.144016 me rot: -44.991486,5,
1,RELROT:143.51973 MEDIST:47.924744 GOALROT:30.655914 GOALDIST:22.369804 OPPROT:154.03082;111.21936; OPPDIST11.253194;3.8505547;
Change = goal dist: 0.0 opp dist: 0.0 me dist: 0.0
goal rot: -21.971682 opp rot: -49.565453 me rot: -28.462866,4,
1,RELROT:64.219315 MEDIST:23.366121 GOALROT:50.92148 GOALDIST:49.131733 OPPROT:51.080963;86.33652; OPPDIST17.490158;6.273848;
Change = goal dist: 0.0 opp dist: 0.0 me dist: 0.0
goal rot: 44.90932 opp rot: -10.185333 me rot: 44.90535,4,
1,RELROT:142.18 MEDIST:21.106298 GOALROT:15.0060425 GOALDIST:29.186712 OPPROT:14.024933;14.449219; OPPDIST5.074119;9.004921;
Change = goal dist: 0.0 opp dist: 0.0 me dist: 0.0
goal rot: -32.068367 opp rot: -9.755115 me rot: 58.176517,3,
1,RELROT:45.337616 MEDIST:25.320305 GOALROT:28.16568 GOALDIST:54.84501 OPPROT:0.721344;3.780365; OPPDIST26.761189;14.886149;
Change = goal dist: 0.0 opp dist: 0.0 me dist: 0.0
goal rot: -46.674362 opp rot: 6.6512804 me rot: 46.674362,3,
1,RELROT:13.548992 MEDIST:25.926317 GOALROT:85.9341 GOALDIST:55.277897 OPPROT:47.613537;54.928997; OPPDIST38.309086;37.491528;
Change = goal dist: 0.0 opp dist: 0.0 me dist: 0.0
goal rot: -45.317165 opp rot: -21.787252 me rot: 32.895584,3,
1,RELROT:79.34268 MEDIST:23.09393 GOALROT:83.84854 GOALDIST:49.895172 OPPROT:85.427765;113.38861; OPPDIST17.521187;6.069563;
Change = goal dist: -3.0144465 opp dist: 92.76941 me dist: 0.65272
goal rot: 0.0 opp rot: 0.0 me rot: 0.0,0,
2,RELROT:172.54254 MEDIST:20.494106 GOALROT:11.2599945 GOALDIST:31.560675 OPPROT:43.901184;15.472748; OPPDIST7.283893;13.891451;
Change = goal dist: -31.547506 opp dist: -33.327133 me dist: 35.125362
goal rot: 0.0 opp rot: 0.0 me rot: 0.0,1,
1,RELROT:21.658447 MEDIST:19.427515 GOALROT:49.651794 GOALDIST:56.09808 OPPROT:11.980423;12.759857; OPPDIST26.946335;23.167246;
Change = goal dist: 0.0 opp dist: 0.0 me dist: 0.0
goal rot: 39.78356 opp rot: -10.65663 me rot: -49.55981,5,
1,RELROT:28.001194 MEDIST:7.7449827 GOALROT:58.227325 GOALDIST:55.517803 OPPROT:29.162476;57.87784; OPPDIST5.9873614;17.279366;
Change = goal dist: 0.0 opp dist: 0.0 me dist: 0.0
goal rot: 40.083954 opp rot: 20.210318 me rot: -39.705734,5,
1,RELROT:41.30568 MEDIST:15.479208 GOALROT:45.377262 GOALDIST:55.608864 OPPROT:3.9075966;-30.23901; OPPDIST21.704678;23.119728;
Change = goal dist: 0.0 opp dist: 0.0 me dist: 0.0
goal rot: -21.49516 opp rot: 58.537365 me rot: 19.967478,3,
1,RELROT:13.422925 MEDIST:36.42795 GOALROT:107.15657 GOALDIST:55.183002 OPPROT:121.19127;152.27522; OPPDIST44.644897;35.928608;
Change = goal dist: 0.0 opp dist: 0.0 me dist: 0.0
goal rot: -39.826157 opp rot: -22.26361 me rot: -37.91023,3,
2,RELROT:13.388374 MEDIST:8.8743725 GOALROT:121.78783 GOALDIST:32.978165 OPPROT:119.5556;122.1855; OPPDIST8.776945;5.0190244;
Change = goal dist: -3.317233 opp dist: 11.801746 me dist: 84.88102
goal rot: 0.0 opp rot: 0.0 me rot: 0.0,0,

NONPOS IMITATED
2,RELROT:51.978485 MEDIST:23.440052 GOALROT:22.736298 GOALDIST:56.09808 OPPROT:28.54776;45.160294; OPPDIST29.96836;27.755133;
Change = goal dist: 0.0 opp dist: 0.0 me dist: 0.0
goal rot: 37.729984 opp rot: -20.142834 me rot: -42.127186,5,
1,RELROT:10.354263 MEDIST:35.30287 GOALROT:66.20499 GOALDIST:56.09808 OPPROT:15.379471;5.177307; OPPDIST33.873215;35.684612;
Change = goal dist: 0.0 opp dist: 0.0 me dist: 0.0
goal rot: -41.361282 opp rot: 18.935146 me rot: 39.70357,3,
1,RELROT:24.856354 MEDIST:13.531229 GOALROT:38.96982 GOALDIST:40.13197 OPPROT:150.11588;83.61658; OPPDIST13.460089;9.157986;
Change = goal dist: 0.0 opp dist: 0.0 me dist: 0.0
goal rot: -45.05246 opp rot: -40.614628 me rot: -11.194439,3,
3,RELROT:57.431152 MEDIST:20.117054 GOALROT:38.35443 GOALDIST:46.25823 OPPROT:37.649048;123.51248; OPPDIST11.751575;2.858427;
Change = goal dist: -47.642025 opp dist: 33.734756 me dist: -18.623219
goal rot: 0.0 opp rot: 0.0 me rot: 0.0,0,
1,RELROT:51.044556 MEDIST:25.78134 GOALROT:24.31401 GOALDIST:53.23401 OPPROT:19.968643;11.780289; OPPDIST18.472124;6.8799386;
Change = goal dist: -51.338055 opp dist: -14.962385 me dist: -29.676603
goal rot: 0.0 opp rot: 0.0 me rot: 0.0,0,
2,RELROT:97.190865 MEDIST:15.40581 GOALROT:75.042694 GOALDIST:36.39061 OPPROT:107.20465;131.4192; OPPDIST3.0671322;11.976926;
Change = goal dist: 0.0 opp dist: 0.0 me dist: 0.0
goal rot: -46.03156 opp rot: 8.785502 me rot: 45.182934,3,
2,RELROT:11.705635 MEDIST:19.323334 GOALROT:97.50949 GOALDIST:33.05436 OPPROT:30.891922;1.8148346; OPPDIST13.605379;16.990664;
Change = goal dist: -0.9078031 opp dist: 49.445587 me dist: 49.646606
goal rot: 0.0 opp rot: 0.0 me rot: 0.0,0,
3,RELROT:37.56794 MEDIST:22.345474 GOALROT:129.1283 GOALDIST:30.73142 OPPROT:60.447716;11.423008; OPPDIST14.413371;14.329912;
Change = goal dist: 0.0 opp dist: 0.0 me dist: 0.0
goal rot: 46.325996 opp rot: 13.136431 me rot: -40.537575,5,
2,RELROT:31.025696 MEDIST:40.71053 GOALROT:146.45914 GOALDIST:25.942274 OPPROT:55.49442;20.314278; OPPDIST15.874094;17.041538;
Change = goal dist: 0.0 opp dist: 0.0 me dist: 0.0
goal rot: -41.642765 opp rot: -13.113042 me rot: -45.244194,5,
1,RELROT:36.127365 MEDIST:32.540592 GOALROT:159.98132 GOALDIST:19.847034 OPPROT:43.726982;40.319168; OPPDIST10.789496;20.836123;
Change = goal dist: 0.0 opp dist: 0.0 me dist: 0.0
goal rot: -5.8710203 opp rot: -30.411264 me rot: -52.515617,5,
5,RELROT:76.9232 MEDIST:15.931355 GOALROT:60.73062 GOALDIST:38.79778 OPPROT:43.203583;129.00043; OPPDIST5.3464465;9.694787;
Change = goal dist: -44.340744 opp dist: 48.954765 me dist: -0.707232
goal rot: 0.0 opp rot: 0.0 me rot: 0.0,0,
2,RELROT:-5.6373644 MEDIST:10.649836 GOALROT:91.323364 GOALDIST:55.610607 OPPROT:96.42102;86.68027; OPPDIST4.9958363;16.738146;
Change = goal dist: 0.0 opp dist: 0.0 me dist: 0.0
goal rot: -41.824104 opp rot: -18.577753 me rot: 39.598145,3,
3,RELROT:65.13659 MEDIST:10.893746 GOALROT:45.082504 GOALDIST:32.994457 OPPROT:45.808975;45.738495; OPPDIST8.995813;5.035575;
Change = goal dist: 0.0 opp dist: 0.0 me dist: 0.0
goal rot: 44.28145 opp rot: 22.108055 me rot: -33.610497,5,
1,RELROT:39.68579 MEDIST:24.726496 GOALROT:113.96196 GOALDIST:56.58837 OPPROT:114.64815;114.23985; OPPDIST4.9955387;17.490166;
Change = goal dist: 0.0 opp dist: 0.0 me dist: 0.0
goal rot: -44.19569 opp rot: -22.092546 me rot: -33.71177,3,
1,RELROT:5.831357 MEDIST:31.334467 GOALROT:89.74599 GOALDIST:55.354908 OPPROT:79.195694;93.464584; OPPDIST22.1318;10.604681;
Change = goal dist: -6.5706763 opp dist: 7.4912386 me dist: 85.93809
goal rot: 0.0 opp rot: 0.0 me rot: 0.0,0,
2,RELROT:3.387909 MEDIST:27.14313 GOALROT:112.63501 GOALDIST:31.971 OPPROT:22.751587;10.47406; OPPDIST21.428736;29.295147;
Change = goal dist: 11.603952 opp dist: -44.400677 me dist: -43.99537
goal rot: 0.0 opp rot: 0.0 me rot: 0.0,1,
2,RELROT:8.096849 MEDIST:35.420387 GOALROT:86.673874 GOALDIST:55.26098 OPPROT:98.56178;129.64507; OPPDIST34.73013;26.370121;
Change = goal dist: 0.0 opp dist: 0.0 me dist: 0.0
goal rot: 76.18005 opp rot: 11.976608 me rot: -11.843343,5,
1,RELROT:85.52954 MEDIST:33.562065 GOALROT:49.2269 GOALDIST:24.014526 OPPROT:19.90303;35.696533; OPPDIST34.878372;24.12935;
Change = goal dist: 47.526436 opp dist: 52.341537 me dist: -0.13202311
goal rot: 0.0 opp rot: 0.0 me rot: 0.0,2,
2,RELROT:42.55281 MEDIST:22.343449 GOALROT:124.14713 GOALDIST:30.732138 OPPROT:65.34668;16.409912; OPPDIST14.426577;14.328386;
Change = goal dist: 0.0 opp dist: 0.0 me dist: 0.0
goal rot: 39.98868 opp rot: -20.006712 me rot: -40.004612,5,

