POS CONTEXTS:
[60.349747, 17.06411, 61.69156, 52.62971, 48.02455, 69.56638, 16.71882, 12.03875]
6.6898336, [-85.09811, 11.419076, -3.4828181, 0.0, 0.0, 0.0], 0
evidence number = 17
times imitated = 3
[160.76743, 44.879353, 158.9815, 61.52876, 160.88005, 159.6589, 6.877566, 19.749077]
0.0, [0.0, 0.0, 0.0, -41.878925, -22.130627, -35.990448], 3
evidence number = 14
times imitated = 0
[60.222153, 16.972664, 133.34682, 38.664402, 131.15645, 129.30028, 9.09941, 5.1269183]
3.166551E-5, [0.0, 0.0, 0.0, -42.01052, -21.831789, -36.157696], 3
evidence number = 13
times imitated = 0
[157.66927, 17.861063, 135.65465, 38.664402, 137.85223, 140.31973, 9.09876, 5.152351]
0.0, [0.0, 0.0, 0.0, 19.09653, 5.295231, -75.60824], 5
evidence number = 13
times imitated = 0
[1.3127441, 35.807716, 23.417542, 56.258423, 15.58078, 30.772377, 17.87584, 4.0016284]
5.353337, [-51.71103, -15.4071865, -32.881783, 0.0, 0.0, 0.0], 0
evidence number = 13
times imitated = 1
[146.09926, 3.6666503, 114.33221, 53.70494, 133.85056, 139.03903, 19.809605, 25.389002]
0.0049998797, [0.0, 0.0, 0.0, -59.734543, -32.262447, 8.003007], 3
evidence number = 12
times imitated = 0
[69.15074, 14.122877, 70.708984, 22.087578, 49.13256, 39.798866, 11.811389, 4.188249]
0.0, [0.0, 0.0, 0.0, -49.032578, -4.5862384, 46.38118], 3
evidence number = 12
times imitated = 0
[28.305061, 18.7396, 153.06831, 16.470821, 88.83563, 39.130974, 13.609938, 20.038431]
0.0, [0.0, 0.0, 0.0, -40.42458, 16.49469, 43.08073], 3
evidence number = 11
times imitated = 1
[34.371536, 18.779942, 169.66621, 33.92156, 159.89653, 69.55533, 5.7769837, 9.198672]
0.0014999104, [0.0, 0.0, 0.0, -74.72435, -0.690606, 24.585052], 3
evidence number = 10
times imitated = 0
[110.44413, 18.468636, 28.040771, 39.009533, 112.340576, 71.298035, 7.524751, 9.068692]
8.483127, [-68.91084, 7.4930816, 23.596071, 0.0, 0.0, 0.0], 0
evidence number = 10
times imitated = 1
[98.021774, 11.253512, 24.16484, 51.20132, 55.426163, 23.283981, 4.3919177, 15.139123]
7.625387, [-46.02765, -13.996055, 39.9763, 0.0, 0.0, 0.0], 0
evidence number = 10
times imitated = 0
[6.382889, 33.388496, 159.07054, 18.312305, 60.71579, 12.687202, 11.4246, 25.729412]
7.6195924E-4, [0.0, 0.0, 0.0, -32.671574, 23.613184, 43.715244], 3
evidence number = 9
times imitated = 0
[13.836136, 19.608843, 121.27108, 27.76359, 37.089333, 1.007927, 11.379445, 20.066202]
0.0015254068, [0.0, 0.0, 0.0, -41.743343, 14.879109, 43.37755], 3
evidence number = 9
times imitated = 0
[86.37726, 44.879353, 82.10849, 61.52876, 83.06006, 82.374084, 4.914315, 17.402164]
7.942698, [-47.72943, 19.565022, -32.705544, 0.0, 0.0, 0.0], 0
evidence number = 9
times imitated = 0
[66.95624, 34.702774, 82.96663, 53.729076, 67.99779, 74.13097, 10.145657, 19.853916]
7.7887516, [33.321693, 42.18777, 24.490536, 0.0, 0.0, 0.0], -1
evidence number = 9
times imitated = 0
[81.63841, 27.896988, 15.179031, 38.03421, 17.426605, 19.00235, 8.85558, 4.846629]
0.0, [0.0, 0.0, 0.0, 38.15777, 17.224686, -44.617546], 5
evidence number = 9
times imitated = 2
[80.00946, 3.9414196, 159.52078, 26.169914, 169.69641, 155.6437, 6.6098685, 4.454907]
5.7622657, [35.741703, 39.558006, 24.700294, 0.0, 0.0, 0.0], -1
evidence number = 9
times imitated = 0
[18.090347, 14.664664, 128.65973, 25.808933, 128.87149, 115.76947, 9.025105, 1.5949883]
0.39641643, [-51.243835, 36.35864, -12.397529, 0.0, 0.0, 0.0], -1
evidence number = 9
times imitated = 0
[144.47278, 16.399696, 148.2031, 52.612984, 148.6864, 158.38162, 5.1022367, 9.3581705]
0.0, [0.0, 0.0, 0.0, -33.693127, -17.976473, -48.3304], 5
evidence number = 9
times imitated = 1
[78.47934, 8.379169, 26.364044, 42.270824, 71.49864, 108.4202, 12.186031, 6.25282]
7.630274, [-48.21399, 24.636677, 27.149338, 0.0, 0.0, 0.0], 0
evidence number = 9
times imitated = 2
[137.11389, 30.284296, 169.37201, 52.533638, 149.38167, 168.72903, 50.765366, 34.5728]
5.563298E-4, [0.0, 0.0, 0.0, -29.663483, -13.927267, -56.409252], 5
evidence number = 8
times imitated = 2
[57.988632, 16.68805, 174.80006, 42.310234, 174.97781, 175.78067, 17.567347, 4.9723797]
4.2655013E-4, [0.0, 0.0, 0.0, -50.12242, -25.064308, -24.813274], 3
evidence number = 8
times imitated = 0
[114.4475, 16.687521, 128.73872, 42.310097, 128.55971, 127.751366, 17.567213, 4.972256]
4.267086E-4, [0.0, 0.0, 0.0, 24.725636, 13.691427, -61.582935], 5
evidence number = 8
times imitated = 0
[150.75583, 16.68695, 92.42795, 42.30996, 92.38669, 91.43335, 17.516415, 4.9721313]
4.2885396E-4, [0.0, 0.0, 0.0, 40.05761, 20.03148, -39.910915], 5
evidence number = 8
times imitated = 0
[10.6089325, 17.566072, 106.45184, 42.30957, 29.02359, 56.5822, 19.378796, 13.658627]
5.2836275E-4, [0.0, 0.0, 0.0, 38.595573, 28.36034, 33.044083], -1
evidence number = 8
times imitated = 0
[62.983826, 43.31787, 60.47255, 44.91657, 121.098145, 80.88391, 6.9158955, 16.522959]
7.392302, [-48.08267, -5.6202226, -46.297108, 0.0, 0.0, 0.0], 0
evidence number = 8
times imitated = 0
[78.20502, 39.302006, 64.34271, 51.241226, 149.92935, 117.84329, 13.822312, 19.54162]
4.8191156, [-32.54712, 47.60726, -19.845621, 0.0, 0.0, 0.0], 0
evidence number = 8
times imitated = 1
[164.03575, 12.475471, 126.90657, 37.3176, 135.9001, 143.34538, 10.642449, 6.821366]
2.512803, [12.632804, 30.68144, 56.685757, 0.0, 0.0, 0.0], -1
evidence number = 8
times imitated = 0
[150.19989, 22.712793, 1.9020691, 26.867958, 168.9925, 97.81227, 6.5317345, 1.6129395]
0.6264042, [-20.43217, 44.592464, 34.97536, 0.0, 0.0, 0.0], -1
evidence number = 8
times imitated = 0
[48.346405, 14.0131855, 74.028595, 52.612984, 74.509, 75.30435, 5.1051145, 14.261609]
0.0, [0.0, 0.0, 0.0, -38.92884, -20.059473, 41.01169], 3
evidence number = 8
times imitated = 2
[84.26365, 23.104141, 87.51841, 57.73748, 48.51582, 85.7927, 47.438744, 42.9077]
5.884045E-4, [0.0, 0.0, 0.0, -43.926712, -21.521252, -34.552036], 3
evidence number = 8
times imitated = 0
[82.7142, 33.335846, 124.61282, 18.311361, 177.77473, 92.64365, 3.62762, 18.104834]
7.425077E-4, [0.0, 0.0, 0.0, -40.939274, 18.118963, 40.94176], 3
evidence number = 7
times imitated = 0
[8.954231, 26.12841, 99.30542, 25.920813, 1.313385, 28.832558, 25.512482, 17.77842]
0.0, [0.0, 0.0, 0.0, -46.314415, -14.125027, 39.560555], 3
evidence number = 7
times imitated = 0
[96.04928, 30.285774, 149.56195, 52.53309, 166.5336, 150.14807, 39.028175, 22.619055]
6.026003E-4, [0.0, 0.0, 0.0, -39.95037, -20.098362, -39.95127], 5
evidence number = 7
times imitated = 0
[2.4515991, 23.552492, 122.01107, 16.470821, 15.274353, 7.7891235, 17.353596, 23.2532]
0.0, [0.0, 0.0, 0.0, 40.962284, 21.324627, 37.71309], -1
evidence number = 7
times imitated = 0
[108.129974, 16.686438, 135.05173, 42.30987, 148.2877, 134.05084, 14.379473, 4.972055]
4.5963444E-4, [0.0, 0.0, 0.0, -40.043888, -20.018692, 39.93742], 3
evidence number = 7
times imitated = 0
[21.063652, 18.211119, 171.70403, 22.087578, 28.256027, 36.286507, 18.697721, 11.686417]
0.0, [0.0, 0.0, 0.0, -46.82779, 4.6547365, 48.51747], 3
evidence number = 7
times imitated = 0
[80.33197, 42.65743, 72.50925, 58.34813, 140.3509, 90.57565, 7.53146, 16.20253]
12.079005, [-35.219135, 46.451984, -18.328882, 0.0, 0.0, 0.0], 0
evidence number = 7
times imitated = 0
[72.108154, 22.846281, 136.2833, 53.734417, 111.25763, 104.03276, 38.151936, 41.198505]
0.0016293604, [0.0, 0.0, 0.0, -52.913624, -23.788683, -23.297688], 3
evidence number = 7
times imitated = 0
[127.39256, 27.896988, 60.93318, 38.03421, 63.162308, 64.79237, 8.854223, 4.848669]
1.70299E-8, [0.0, 0.0, 0.0, -39.3263, -21.3474, -39.3263], 3
evidence number = 7
times imitated = 0
[91.73726, 14.671346, 54.754974, 25.827204, 54.802063, 170.2229, 9.043287, 1.5949882]
0.03187659, [0.0, 0.0, 0.0, 40.870132, -18.458096, -40.671772], -1
evidence number = 7
times imitated = 0
[171.19763, 16.462307, 174.95831, 52.612984, 145.19928, 161.84668, 2.4833918, 6.0441575]
0.0, [0.0, 0.0, 0.0, -45.865765, -8.284485, -45.849747], 3
evidence number = 7
times imitated = 0
[52.583652, 23.104137, 55.838413, 57.737476, 25.85648, 54.08048, 32.28839, 27.71846]
5.5238047, [-31.95842, -38.855537, -29.186047, 0.0, 0.0, 0.0], 1
evidence number = 7
times imitated = 1
[88.2629, 33.338085, 119.070984, 18.309742, 118.169266, 133.5842, 3.528481, 5.987262]
7.5268536E-4, [0.0, 0.0, 0.0, 24.596457, 8.803178, -66.600365], 5
evidence number = 6
times imitated = 0
[137.9252, 18.692917, 150.48257, 52.474506, 154.0516, 120.11455, 31.533646, 17.976625]
0.0, [0.0, 0.0, 0.0, -36.95814, -12.861345, -50.18051], 5
evidence number = 6
times imitated = 0
[96.4594, 10.984968, 115.09329, 53.853092, 101.358, 113.48105, 51.07253, 38.965954]
0.0, [0.0, 0.0, 0.0, 16.906082, 9.888048, -73.20587], 5
evidence number = 6
times imitated = 0
[1.8065796, 13.783355, 30.822083, 14.669604, 14.392151, 173.03691, 14.315138, 7.908616]
0.25077477, [-44.880123, 1.4811462, -53.638725, 0.0, 0.0, 0.0], -1
evidence number = 6
times imitated = 0
[178.46269, 14.624957, 40.302338, 16.470821, 83.345505, 110.86658, 3.0273027, 7.8871503]
0.0, [0.0, 0.0, 0.0, -10.820162, -25.250023, -63.929813], 5
evidence number = 6
times imitated = 0
[175.99815, 12.615138, 91.21295, 36.067337, 91.624146, 88.75348, 8.654499, 4.698035]
8.363869, [10.064102, 30.527187, 59.408714, 0.0, 0.0, 0.0], -1
evidence number = 6
times imitated = 0
[104.768326, 12.615138, 19.983124, 36.067337, 22.056305, 19.2294, 7.561282, 3.1939805]
0.0, [0.0, 0.0, 0.0, 39.85977, 21.51664, 38.62359], -1
evidence number = 6
times imitated = 0
[0.09741211, 16.972664, 73.22208, 38.664402, 71.03171, 69.17554, 9.09941, 5.1269183]
0.0, [0.0, 0.0, 0.0, 41.072044, 20.536022, 38.391933], -1
evidence number = 6
times imitated = 0
[165.56085, 17.153482, 100.878494, 38.624744, 111.552444, 123.22032, 10.0664015, 6.630856]
0.6380798, [4.592815, 23.358818, 72.04836, 0.0, 0.0, 0.0], -1
evidence number = 6
times imitated = 0
[167.76382, 11.444482, 148.29239, 35.457367, 155.10147, 161.70139, 13.344997, 9.263975]
0.0, [0.0, 0.0, 0.0, -58.344604, -39.72078, 1.9346184], 3
evidence number = 6
times imitated = 0
[176.63219, 16.654451, 17.94632, 25.86648, 2.9877625, 97.18539, 6.334648, 1.5868464]
0.037278242, [0.0, 0.0, 0.0, 25.782576, 20.927664, -53.289764], 5
evidence number = 6
times imitated = 0
[13.904968, 30.39649, 3.4266205, 41.134956, 5.6398773, 87.56052, 5.1189003, 2.6957445]
4.3233995, [-49.95399, -4.6378794, -45.408134, 0.0, 0.0, 0.0], 0
evidence number = 6
times imitated = 0
[46.026276, 46.420837, 21.329605, 71.465775, 42.45102, 5.7057495, 70.39062, 47.96715]
4.5966215, [-37.152157, -34.614883, -28.23296, 0.0, 0.0, 0.0], 0
evidence number = 6
times imitated = 0
[163.72322, 3.8523195, 28.810913, 53.70996, 47.093567, 46.544403, 17.419252, 23.426561]
5.787599, [-38.19916, -25.34957, 36.451267, 0.0, 0.0, 0.0], 0
evidence number = 5
times imitated = 0
[62.931442, 16.210184, 76.6221, 27.763136, 1.9945068, 39.60286, 10.009177, 10.621726]
0.0013039187, [0.0, 0.0, 0.0, -33.12014, -14.42168, 52.458183], 3
evidence number = 5
times imitated = 0
[41.828857, 19.761242, 62.311874, 25.920813, 30.699959, 0.47108078, 18.947794, 11.993805]
0.0, [0.0, 0.0, 0.0, -62.145245, -5.688825, 32.165928], 3
evidence number = 5
times imitated = 0
[92.98059, 18.780052, 131.73799, 33.922043, 131.1776, 141.54274, 4.98084, 7.596712]
0.0014802451, [0.0, 0.0, 0.0, 30.23406, 13.117812, -56.64813], 5
evidence number = 5
times imitated = 0
[27.61074, 19.260872, 162.45789, 33.559837, 119.66351, 41.18526, 15.491164, 19.184109]
0.47956434, [35.57782, -18.110922, -46.311256, 0.0, 0.0, 0.0], -1
evidence number = 5
times imitated = 0
[170.30751, 11.388575, 16.170074, 22.087578, 53.147644, 11.634369, 6.3946643, 3.312896]
0.14335784, [-34.28911, -32.320454, 33.390438, 0.0, 0.0, 0.0], -1
evidence number = 5
times imitated = 0
[37.078674, 36.54911, 33.888992, 37.961258, 110.41318, 49.400024, 3.2106905, 11.47305]
5.480315, [-41.85029, 19.373638, -38.776077, 0.0, 0.0, 0.0], 0
evidence number = 5
times imitated = 0
[113.72826, 44.879295, 117.996994, 61.52876, 143.60606, 129.43556, 11.219591, 24.310125]
0.0, [0.0, 0.0, 0.0, 38.702995, 14.325741, 46.971264], -1
evidence number = 5
times imitated = 0
[123.06033, 27.946953, 58.793793, 39.401184, 79.96327, 90.38449, 11.940205, 8.145814]
1.365399, [-56.0423, -41.86173, -2.095973, 0.0, 0.0, 0.0], 0
evidence number = 5
times imitated = 1
[24.650146, 12.546154, 52.540085, 37.819046, 51.74385, 40.772293, 8.717201, 3.94356]
1.7602476, [-49.902344, -48.30187, 1.7957879, 0.0, 0.0, 0.0], 0
evidence number = 5
times imitated = 0
[3.3762817, 14.814003, 77.14807, 38.664402, 74.9577, 73.10153, 9.09941, 5.1269183]
1.3983505, [-27.375008, -30.74077, -41.88422, 0.0, 0.0, 0.0], 2
evidence number = 5
times imitated = 0
[164.72437, 11.119097, 116.72103, 35.457367, 116.509514, 116.05337, 8.90763, 4.9114585]
3.9017189, [25.553183, 31.560963, 42.885857, 0.0, 0.0, 0.0], -1
evidence number = 5
times imitated = 0
[149.72052, 19.418333, 24.502075, 25.993992, 46.516663, 89.21731, 4.203541, 1.5956845]
0.29154527, [-30.28746, 43.452145, 26.260393, 0.0, 0.0, 0.0], -1
evidence number = 5
times imitated = 0
[30.83014, 40.769253, 1.0620422, 64.10175, 22.919083, 15.432434, 49.409878, 25.356945]
3.1549413, [-36.70172, -34.146103, -29.152176, 0.0, 0.0, 0.0], 0
evidence number = 5
times imitated = 2
[145.25523, 33.337536, 62.07695, 18.310139, 61.169937, 124.958664, 3.5285292, 3.8192186]
7.5719145E-4, [0.0, 0.0, 0.0, 44.5815, 10.838599, -44.5799], 5
evidence number = 4
times imitated = 0
[18.69889, 40.85896, 132.5719, 17.427809, 75.07242, 0.4870453, 16.04253, 20.28717]
1.0860857, [34.276203, -24.249834, -41.473965, 0.0, 0.0, 0.0], 2
evidence number = 4
times imitated = 0
[76.061424, 6.58686, 27.214706, 16.470821, 27.909378, 23.19104, 3.5286684, 8.509368]
0.0, [0.0, 0.0, 0.0, -35.97336, -16.064415, 47.96223], 3
evidence number = 4
times imitated = 0
[149.03934, 17.143057, 69.8811, 16.470821, 154.54568, 165.96843, 4.907716, 12.059186]
0.0, [0.0, 0.0, 0.0, -36.963184, -54.57006, -8.4667635], 4
evidence number = 4
times imitated = 0
[32.46974, 16.68718, 149.28871, 42.30972, 64.33684, 110.637054, 15.237717, 8.754743]
4.146143E-4, [0.0, 0.0, 0.0, -31.052166, 5.010388, 63.937454], 3
evidence number = 4
times imitated = 0
[35.183395, 23.191515, 159.27722, 22.087578, 43.94951, 56.813812, 23.395634, 12.396818]
0.0, [0.0, 0.0, 0.0, 25.537577, -30.437809, -44.024612], 5
evidence number = 4
times imitated = 0
[53.674652, 29.514364, 49.28006, 30.51318, 109.50046, 71.85387, 3.3948588, 7.3820643]
0.0, [0.0, 0.0, 0.0, -17.803913, -32.134167, -50.061916], 5
evidence number = 4
times imitated = 0
[177.78731, 18.313938, 101.4162, 36.880795, 121.325226, 136.00145, 10.394023, 7.0594335]
6.3603983, [13.904682, 38.998375, 47.096943, 0.0, 0.0, 0.0], -1
evidence number = 4
times imitated = 0
[140.37288, 15.603918, 41.85765, 46.01407, 134.04842, 58.406235, 4.3958173, 11.9373]
7.0998487, [-32.717064, 22.65453, 44.628407, 0.0, 0.0, 0.0], 0
evidence number = 4
times imitated = 0
[59.83896, 10.243551, 13.223724, 52.612984, 13.704132, 14.123901, 5.1051145, 15.082727]
0.0, [0.0, 0.0, 0.0, 33.8052, 16.307428, 49.88737], -1
evidence number = 4
times imitated = 0
[43.298035, 44.598076, 17.05481, 69.07379, 37.981125, 1.3892212, 59.484604, 36.443287]
5.2564626, [-36.010235, -33.7167, -30.273066, 0.0, 0.0, 0.0], 0
evidence number = 4
times imitated = 0
[159.16655, 14.674241, 45.677246, 39.68367, 151.57367, 96.153305, 11.663531, 11.235141]
11.058699, [-31.984404, 30.038652, 37.97694, 0.0, 0.0, 0.0], 0
evidence number = 3
times imitated = 0
[166.6983, 5.3443527, 36.29782, 51.31812, 58.12239, 45.300262, 7.713767, 17.26211]
15.724931, [-40.582077, 8.9944515, 50.423477, 0.0, 0.0, 0.0], 0
evidence number = 3
times imitated = 0
[28.910652, 33.338936, 178.42584, 18.30913, 177.53265, 178.1514, 3.5278575, 9.093135]
7.482374E-4, [0.0, 0.0, 0.0, -55.636955, -27.694052, -16.668995], 3
evidence number = 3
times imitated = 0
[149.51764, 33.3371, 57.813232, 18.310453, 56.903366, 172.272, 3.5273197, 5.883366]
7.428597E-4, [0.0, 0.0, 0.0, 42.928677, -14.144507, -42.92682], -1
evidence number = 3
times imitated = 0
[23.111847, 13.008799, 40.04178, 52.474506, 40.006683, 38.991394, 17.42786, 5.1307564]
0.0, [0.0, 0.0, 0.0, 44.958035, 22.479826, -32.56214], 5
evidence number = 3
times imitated = 1
[31.30719, 15.200984, 72.716, 52.474506, 73.334015, 64.16879, 18.920874, 6.114884]
0.0, [0.0, 0.0, 0.0, -57.730762, -25.25069, 17.018547], 3
evidence number = 3
times imitated = 0
[75.5016, 16.913357, 102.02678, 52.474506, 103.432816, 85.252335, 21.109066, 8.020034]
0.0, [0.0, 0.0, 0.0, -37.86507, -12.794016, -49.34091], 5
evidence number = 3
times imitated = 0
[162.31226, 18.692917, 174.86963, 52.474506, 178.99097, 142.40634, 36.020863, 22.420017]
0.0, [0.0, 0.0, 0.0, -41.097317, -17.805367, -41.097317], 3
evidence number = 3
times imitated = 0
[173.00638, 18.692917, 174.43625, 52.474506, 169.89227, 151.72186, 40.422966, 26.791058]
0.0, [0.0, 0.0, 0.0, -27.92294, -22.59577, -49.48129], 5
evidence number = 3
times imitated = 0
[8.945213, 18.780619, 126.320595, 33.92411, 126.85233, 126.733955, 4.9828825, 9.084103]
0.0015024405, [0.0, 0.0, 0.0, 49.836136, 24.910149, -25.253714], 5
evidence number = 3
times imitated = 0
[8.672508, 18.779867, 143.97302, 33.919415, 117.07294, 26.298813, 8.727627, 15.684316]
0.0015031203, [0.0, 0.0, 0.0, 29.45467, 31.978966, 38.56637], -1
evidence number = 3
times imitated = 0
[121.14192, 16.686108, 122.03854, 42.309837, 158.76698, 121.29675, 12.171201, 4.9791574]
4.819356E-4, [0.0, 0.0, 0.0, 40.022045, 19.957983, -40.01997], 5
evidence number = 3
times imitated = 0
[173.09824, 11.529691, 18.958466, 21.95052, 0.522583, 20.908295, 6.770211, 3.4422507]
0.0, [0.0, 0.0, 0.0, 24.059242, 4.306747, -71.63401], 5
evidence number = 3
times imitated = 0
[56.521973, 31.445124, 77.95715, 53.729908, 58.795013, 63.122498, 14.566538, 22.185907]
3.5902824, [23.395071, -20.072594, -56.532333, 0.0, 0.0, 0.0], 2
evidence number = 3
times imitated = 1
[50.88208, 25.861101, 87.78909, 53.73217, 64.38965, 59.31102, 26.343952, 31.938305]
0.0015750718, [0.0, 0.0, 0.0, -66.70448, -13.356439, -19.939075], 3
evidence number = 3
times imitated = 2
[5.9922333, 27.896988, 60.467148, 38.03421, 58.219574, 56.64383, 8.85558, 4.846629]
0.0, [0.0, 0.0, 0.0, 52.678455, 26.339228, -20.982317], 5
evidence number = 3
times imitated = 0
[106.88765, 27.896988, 40.42827, 38.03421, 42.673126, 44.257263, 8.855379, 4.846953]
3.973643E-8, [0.0, 0.0, 0.0, -38.599598, -22.8008, -38.599598], 3
evidence number = 3
times imitated = 0
[15.13739, 7.018287, 161.62106, 26.169914, 143.01514, 102.87894, 5.519045, 3.4715052]
0.0, [0.0, 0.0, 0.0, -19.540304, 26.62595, 53.833748], 3
evidence number = 3
times imitated = 0
[11.470245, 9.794886, 142.15683, 26.169914, 128.74796, 100.25647, 5.1484385, 3.4334273]
0.0, [0.0, 0.0, 0.0, 41.321056, 17.310228, 41.368713], -1
evidence number = 3
times imitated = 0
[14.048706, 14.627885, 136.27684, 25.523285, 138.79576, 104.35834, 8.752227, 1.5954286]
1.4221891, [25.293688, 33.64391, -41.062405, 0.0, 0.0, 0.0], 2
evidence number = 3
times imitated = 0
[19.996704, 14.627885, 130.32884, 25.523285, 132.84776, 110.307526, 8.752227, 1.5954196]
0.3050148, [-44.796806, 41.028316, -14.174882, 0.0, 0.0, 0.0], -1
evidence number = 3
times imitated = 0
[94.59076, 7.1861677, 6.403946, 29.238249, 57.529495, 107.744675, 4.720013, 4.964964]
3.6706643, [-53.279346, 25.939444, 20.78121, 0.0, 0.0, 0.0], 0
evidence number = 3
times imitated = 0
[77.412506, 18.44211, 67.40256, 54.030556, 60.98941, 84.430084, 18.40571, 13.486112]
7.334411E-4, [0.0, 0.0, 0.0, -35.1213, -14.710309, -50.168396], 5
evidence number = 3
times imitated = 1
[16.78482, 32.966637, 0.45303345, 43.591545, 5.9422607, 64.33905, 5.135514, 3.4991217]
4.893089, [-41.858624, -17.2048, -40.936577, 0.0, 0.0, 0.0], 0
evidence number = 3
times imitated = 0
[58.808533, 29.79748, 27.636047, 47.24134, 45.159622, 158.07288, 10.06657, 5.435674]
2.6695175, [-55.318577, 12.579536, -32.10188, 0.0, 0.0, 0.0], 0
evidence number = 3
times imitated = 2
[74.30997, 13.183627, 139.70547, 53.286545, 175.97995, 167.33362, 42.1879, 27.3201]
1.7809438, [19.86351, 44.93563, -35.20086, 0.0, 0.0, 0.0], 2
evidence number = 2
times imitated = 0
[135.75285, 22.266056, 34.37639, 29.230213, 142.43219, 120.44299, 20.747213, 10.39909]
0.042285353, [0.0, 0.0, 0.0, -25.264776, -29.910418, -44.824806], 5
evidence number = 2
times imitated = 0
[145.46227, 20.626139, 40.323456, 32.754204, 149.95618, 118.037125, 19.541752, 10.577152]
3.0603542, [-33.521004, 31.519274, 34.959724, 0.0, 0.0, 0.0], 0
evidence number = 2
times imitated = 0
[9.855675, 36.08032, 143.55519, 18.31262, 48.758057, 2.8272476, 11.871128, 25.729515]
7.6737546E-4, [0.0, 0.0, 0.0, 44.240486, 22.356976, 33.40254], -1
evidence number = 2
times imitated = 0
[119.56918, 15.290063, 28.17601, 27.762861, 27.788895, 53.189087, 7.808759, 4.4028053]
0.0013164827, [0.0, 0.0, 0.0, -29.00955, -21.216595, 49.773857], 3
evidence number = 2
times imitated = 0
[0.24987793, 14.665917, 30.725311, 14.670032, 16.035645, 172.94012, 15.247117, 7.9081573]
0.0010352711, [0.0, 0.0, 0.0, 49.955868, 11.929424, 38.114708], -1
evidence number = 2
times imitated = 0
[104.36441, 18.77996, 120.35153, 33.921688, 119.786194, 139.974, 4.979547, 6.740674]
0.0015158396, [0.0, 0.0, 0.0, 47.195763, -5.6313524, -47.172886], -1
evidence number = 2
times imitated = 0
[22.832184, 18.779495, 158.12952, 33.91991, 139.6008, 48.523422, 6.9061747, 11.706979]
0.0015257556, [0.0, 0.0, 0.0, 2.5166397, 48.61959, 48.86377], -1
evidence number = 2
times imitated = 0
[42.65802, 21.37741, 174.79478, 33.558575, 138.71779, 54.930916, 25.03441, 20.635704]
0.0021247198, [0.0, 0.0, 0.0, -37.62561, -20.006475, -42.367912], 5
evidence number = 2
times imitated = 0
[50.276634, 30.284914, 103.79009, 52.53254, 116.12051, 104.23269, 28.920303, 12.139686]
5.741349E-4, [0.0, 0.0, 0.0, -39.97061, -20.05828, -39.971107], 5
evidence number = 2
times imitated = 0
[95.544556, 16.685913, 147.63507, 42.309795, 154.31935, 164.17198, 12.21933, 5.790615]
4.3384437E-4, [0.0, 0.0, 0.0, -37.261665, -25.475264, 37.26307], 3
evidence number = 2
times imitated = 0
[76.93881, 42.908653, 73.737686, 44.91657, 154.83868, 113.91875, 11.927881, 17.684343]
0.0, [0.0, 0.0, 0.0, -34.610054, -30.30191, -35.088036], 5
evidence number = 2
times imitated = 0
[95.02876, 27.896988, 28.569382, 38.03421, 30.816956, 32.3927, 8.85558, 4.846629]
0.0, [0.0, 0.0, 0.0, -15.735431, -14.661644, -69.60292], 5
evidence number = 2
times imitated = 0
[153.23491, 12.615138, 68.44971, 36.067337, 68.868164, 65.98572, 8.654275, 4.6971445]
0.0, [0.0, 0.0, 0.0, 51.49985, 25.75835, 22.741796], -1
evidence number = 2
times imitated = 0
[15.423416, 16.972664, 88.54808, 38.664402, 86.35771, 84.50154, 9.09941, 5.1269183]
0.0, [0.0, 0.0, 0.0, -42.87006, -21.43503, -35.694904], 3
evidence number = 2
times imitated = 0
[130.30827, 14.685144, 15.670807, 25.863726, 15.392151, 130.7707, 9.079964, 1.5953321]
0.13092929, [-48.5942, 33.900406, -17.505398, 0.0, 0.0, 0.0], -1
evidence number = 2
times imitated = 0
[141.00635, 21.036238, 3.9524841, 30.019623, 168.66446, 49.77243, 6.2606177, 3.1575782]
3.2923274, [-42.41222, 21.028063, 36.559715, 0.0, 0.0, 0.0], 0
evidence number = 2
times imitated = 0
[146.7976, 19.466967, 50.468597, 41.547844, 163.11508, 93.7294, 10.112209, 10.357724]
0.0022600791, [0.0, 0.0, 0.0, -36.9437, -20.557772, -42.498528], 5
evidence number = 2
times imitated = 0
[19.191742, 32.709427, 2.2332, 43.591545, 7.7223053, 77.02603, 5.1355047, 3.1523914]
2.9543962, [-38.768364, -21.390587, -39.84105, 0.0, 0.0, 0.0], 2
evidence number = 2
times imitated = 0
[16.679428, 36.99914, 40.457886, 57.62001, 23.14264, 49.87332, 27.916256, 6.230849]
0.0012277627, [0.0, 0.0, 0.0, -51.328587, -33.498783, 15.172627], 3
evidence number = 2
times imitated = 0
[42.533463, 37.916206, 15.606308, 60.578453, 36.78412, 1.3529968, 38.890846, 14.640621]
2.444919, [-35.372864, -33.212685, -31.41445, 0.0, 0.0, 0.0], 0
evidence number = 2
times imitated = 0
[47.315598, 46.4232, 22.61438, 71.4662, 44.59883, 6.6702576, 80.822296, 58.47107]
0.18198512, [-36.88578, -34.420578, -28.693638, 0.0, 0.0, 0.0], -1
evidence number = 2
times imitated = 0
[79.098114, 13.2662, 141.51483, 53.286545, 174.18855, 169.44102, 42.105022, 28.768883]
0.084000096, [0.0, 0.0, 0.0, -36.077454, -18.553268, -45.369278], 5
evidence number = 1
times imitated = 0
[84.59608, 13.573003, 141.47449, 53.149364, 174.20407, 169.74353, 41.404716, 30.15981]
0.17520155, [42.174458, 53.2986, -4.526943, 0.0, 0.0, 0.0], -1
evidence number = 1
times imitated = 0
[167.49258, 3.8521357, 32.579407, 53.70996, 51.413605, 52.439667, 18.889294, 24.600948]
0.47998533, [-39.856937, -32.450397, 27.692663, 0.0, 0.0, 0.0], -1
evidence number = 1
times imitated = 0
[174.24023, 3.8517663, 39.327606, 53.70996, 58.575348, 61.237183, 20.16955, 25.885069]
0.0, [0.0, 0.0, 0.0, -36.350395, -27.298683, -36.350925], 5
evidence number = 1
times imitated = 0
[142.10556, 33.336983, 65.224915, 18.31054, 64.31392, 172.99821, 3.5269518, 6.983743]
7.322362E-4, [0.0, 0.0, 0.0, 22.475048, -55.05414, -22.470814], 4
evidence number = 1
times imitated = 0
[6.4559326, 33.85697, 159.27731, 18.312414, 60.922928, 12.894356, 11.424437, 25.7294]
7.655338E-4, [0.0, 0.0, 0.0, 13.626726, 28.743135, 57.63014], -1
evidence number = 1
times imitated = 0
[8.230095, 40.62415, 143.52509, 17.620543, 64.63007, 2.4193497, 13.681968, 25.07079]
0.84957826, [32.587452, -27.989262, -39.423283, 0.0, 0.0, 0.0], -1
evidence number = 1
times imitated = 0
[170.52234, 18.53302, 176.82849, 52.31276, 172.13193, 148.77405, 41.834446, 28.202757]
0.16199818, [34.604374, 31.998703, 33.396923, 0.0, 0.0, 0.0], -1
evidence number = 1
times imitated = 0
[162.80621, 13.941568, 0.018234253, 27.762636, 17.176575, 20.669037, 7.7132254, 3.8823972]
0.001303305, [0.0, 0.0, 0.0, 62.866516, 1.0399445, 36.09354], -1
evidence number = 1
times imitated = 0
[149.40381, 13.94752, 13.2738495, 27.762686, 9.143311, 17.847153, 7.516781, 3.6456919]
0.0013096163, [0.0, 0.0, 0.0, 29.428259, 8.0215, 62.55024], -1
evidence number = 1
times imitated = 0
[135.83385, 14.038307, 25.208862, 27.762724, 2.66716, 17.300446, 7.385968, 3.5438266]
0.0013142459, [0.0, 0.0, 0.0, -25.963963, -5.8977222, 68.13831], 3
evidence number = 1
times imitated = 0
[140.31128, 14.28029, 17.40947, 27.762772, 16.436035, 36.70781, 7.3228054, 3.587079]
0.0013153264, [0.0, 0.0, 0.0, -18.277843, -23.833914, 57.88824], 4
evidence number = 1
times imitated = 0
[4.8399506, 10.987598, 143.60979, 53.853092, 155.53337, 145.13173, 40.639187, 28.388754]
0.0, [0.0, 0.0, 0.0, 45.856995, 22.851648, 31.291357], -1
evidence number = 1
times imitated = 0
[72.17035, 15.067751, -0.5313339, 25.920813, 53.552658, -12.892021, 8.793088, 5.1898847]
0.0, [0.0, 0.0, 0.0, 41.68315, 33.995888, -24.320965], 5
evidence number = 1
times imitated = 0
[64.94875, 15.530526, 11.929279, 25.920813, 49.199657, -7.7035027, 9.519252, 5.4299455]
0.0, [0.0, 0.0, 0.0, 34.155052, 44.927517, 20.917425], -1
evidence number = 1
times imitated = 0
[12.561611, 18.781027, 122.69223, 33.925724, 123.20218, 123.09534, 4.9844747, 9.085699]
0.001480556, [0.0, 0.0, 0.0, 59.97463, 29.981762, 10.04361], -1
evidence number = 1
times imitated = 0
[4.452194, 18.780909, 130.80557, 33.925182, 131.32254, 131.21198, 4.983939, 9.085162]
0.0014954654, [0.0, 0.0, 0.0, 61.95772, 30.961731, 7.0805473], -1
evidence number = 1
times imitated = 0
[5.6315765, 18.780865, 140.89056, 33.92502, 141.40979, 141.29803, 4.983777, 9.085]
0.001467856, [0.0, 0.0, 0.0, -51.205368, -25.609476, 23.185156], 3
evidence number = 1
times imitated = 0
[52.93805, 18.780537, 171.79355, 33.923756, 171.25708, 171.37552, 4.9825306, 9.083587]
0.0015505109, [0.0, 0.0, 0.0, -45.34054, -22.310873, -32.348587], 3
evidence number = 1
times imitated = 0
[47.634956, 30.284689, 101.1486, 52.532417, 111.53623, 101.51237, 26.132292, 9.599042]
5.49903E-4, [0.0, 0.0, 0.0, -46.17151, -22.127386, -31.7011], 3
evidence number = 1
times imitated = 0
[127.522736, 30.199686, 178.7417, 52.38895, 158.13916, 178.09189, 53.625168, 37.471153]
0.1444817, [39.30458, 38.18413, 22.511288, 0.0, 0.0, 0.0], -1
evidence number = 1
times imitated = 0
[108.7005, 6.5852613, 5.4366302, 16.470821, 4.743408, 5.0702972, 3.5299423, 9.05321]
1.4392185, [18.959995, 24.201096, 56.838913, 0.0, 0.0, 0.0], -1
evidence number = 1
times imitated = 0
[87.99468, 6.5855255, 15.271362, 16.470821, 15.964584, 15.636948, 3.5299423, 9.053178]
0.70577425, [35.635593, 36.545692, 27.818712, 0.0, 0.0, 0.0], -1
evidence number = 1
times imitated = 0
[68.09089, 6.5858035, 35.17737, 16.470821, 35.87059, 35.542206, 3.5299423, 9.053145]
0.07446395, [0.0, 0.0, 0.0, 64.58229, 32.26796, 3.1497557], -1
evidence number = 1
times imitated = 0
[90.88917, 6.5933623, 12.473938, 16.470821, 13.170898, 4.4123383, 3.5282953, 8.105734]
0.0, [0.0, 0.0, 0.0, 37.17812, 25.48844, -37.333443], 5
evidence number = 1
times imitated = 0
[22.743042, 18.80981, 149.85207, 16.470821, 38.713852, 33.567276, 15.868519, 21.774656]
0.0, [0.0, 0.0, 0.0, 11.444679, 31.12989, 57.425434], -1
evidence number = 1
times imitated = 0
[28.908539, 16.68873, 87.89993, 42.3104, 88.076065, 88.87192, 17.567505, 4.972528]
4.090441E-4, [0.0, 0.0, 0.0, 40.000507, 19.996298, -40.003197], 5
evidence number = 1
times imitated = 1
[64.73749, 16.68812, 178.4514, 42.310253, 178.27383, 177.47168, 17.567366, 4.972398]
4.311138E-4, [0.0, 0.0, 0.0, -39.088898, -18.49324, -42.417862], 5
evidence number = 1
times imitated = 0
[26.224434, 19.67219, 166.02129, 22.087578, 33.472046, 42.17215, 20.158901, 11.720203]
0.0, [0.0, 0.0, 0.0, -34.703617, -43.834312, -21.462069], 4
evidence number = 1
times imitated = 0
[11.623596, 29.514364, 16.018188, 30.51318, 15.190918, 16.34018, 4.920591, 9.03965]
1.3078814, [-33.710827, -33.530296, -32.758877, 0.0, 0.0, 0.0], 0
evidence number = 1
times imitated = 0
[3.1177368, 29.514364, 7.512329, 30.51318, 1.1754456, 7.283127, 4.471798, 8.972613]
0.83782023, [-33.891243, -33.188034, -32.920723, 0.0, 0.0, 0.0], -1
evidence number = 1
times imitated = 0
[70.45465, 43.31787, 67.943375, 44.91657, 135.91278, 93.42383, 8.0338125, 16.617168]
0.59990084, [-44.49638, -12.230436, -43.273182, 0.0, 0.0, 0.0], -1
evidence number = 1
times imitated = 0
[64.96591, 43.317867, 62.454636, 44.91657, 136.27594, 93.22638, 9.348966, 16.85818]
0.0, [0.0, 0.0, 0.0, -35.862473, -28.275057, -35.862473], 3
evidence number = 1
times imitated = 0
[83.40387, 42.360256, 79.094986, 45.025234, 162.61499, 123.42944, 13.181297, 18.23467]
0.23669823, [-32.50458, 39.951077, -27.54434, 0.0, 0.0, 0.0], -1
evidence number = 1
times imitated = 0
[93.30864, 44.879353, 89.03987, 61.52876, 89.99144, 89.305466, 4.914315, 17.402164]
0.8999712, [-37.903015, -31.923357, -30.173626, 0.0, 0.0, 0.0], -1
evidence number = 1
times imitated = 0
[79.16181, 22.862799, 146.28741, 53.734978, 121.00443, 114.03733, 41.08912, 41.198814]
0.0015877495, [0.0, 0.0, 0.0, 32.072086, 17.40052, 50.527393], -1
evidence number = 1
times imitated = 0
[91.25658, 27.896988, 24.797195, 38.03421, 31.62796, 37.60324, 8.60751, 4.614738]
0.0, [0.0, 0.0, 0.0, 41.849403, 16.301193, 41.849403], -1
evidence number = 1
times imitated = 0
[89.77292, 27.897272, 23.896057, 38.402046, 32.268555, 38.967453, 8.862176, 4.8723526]
0.40199685, [-53.27337, -46.68574, -0.040883467, 0.0, 0.0, 0.0], -1
evidence number = 1
times imitated = 0
[131.08932, 27.946953, 66.822784, 39.401184, 92.08075, 102.72641, 12.980584, 9.198338]
0.17999639, [-57.09168, -37.738216, -5.170106, 0.0, 0.0, 0.0], -1
evidence number = 1
times imitated = 0
[174.64835, 27.946953, 110.381805, 39.401184, 139.34494, 150.12447, 14.163142, 10.45199]
0.0, [0.0, 0.0, 0.0, -38.37831, -23.243378, -38.37831], 3
evidence number = 1
times imitated = 0
[173.67072, 27.42822, 108.8056, 39.231033, 140.36275, 151.14653, 14.990058, 11.332589]
0.52199674, [15.254948, 38.734303, 46.010746, 0.0, 0.0, 0.0], -1
evidence number = 1
times imitated = 0
[168.57771, 12.615138, 83.79251, 36.067337, 84.20618, 81.33078, 8.654441, 4.697622]
0.6595264, [11.233194, 13.2874775, 75.47933, 0.0, 0.0, 0.0], -1
evidence number = 1
times imitated = 0
[97.15959, 12.598573, 12.904968, 36.1919, 15.366486, 17.252228, 7.347597, 3.173646]
0.12779982, [-47.39675, -46.605896, 5.997352, 0.0, 0.0, 0.0], -1
evidence number = 1
times imitated = 0
[22.991684, 12.750337, 53.49826, 37.958504, 51.145233, 36.064636, 8.860963, 3.90219]
0.22542396, [-27.968472, -33.05022, -38.981308, 0.0, 0.0, 0.0], -1
evidence number = 1
times imitated = 0
[8.618225, 14.813995, 82.390076, 38.664402, 80.19971, 78.34354, 9.09941, 5.1269183]
0.0, [0.0, 0.0, 0.0, -43.10705, -39.637215, 17.255737], 3
evidence number = 1
times imitated = 0
[4.1195984, 14.8767185, 77.87108, 38.664402, 75.68071, 73.82454, 9.09941, 5.1269183]
0.0, [0.0, 0.0, 0.0, -35.807255, -44.878326, 19.314411], 4
evidence number = 1
times imitated = 0
[10.39241, 16.972664, 83.517075, 38.664402, 81.326706, 79.470535, 9.09941, 5.1269183]
0.0, [0.0, 0.0, 0.0, 40.0, 20.0, 40.0], -1
evidence number = 1
times imitated = 0
[168.06969, 17.861063, 103.5646, 38.664402, 105.77175, 109.550865, 9.097874, 5.198821]
0.0, [0.0, 0.0, 0.0, 53.8, 25.552494, -20.647512], 5
evidence number = 1
times imitated = 0
[166.50719, 17.861063, 102.002106, 38.664402, 105.25336, 114.81714, 9.147382, 5.522348]
0.0, [0.0, 0.0, 0.0, 74.42863, 25.03516, 0.53621095], -1
evidence number = 1
times imitated = 0
[165.10919, 17.15362, 100.426735, 38.624714, 112.64881, 124.78565, 10.273528, 6.8909507]
9.294974E-4, [0.0, 0.0, 0.0, -33.832806, -32.32825, -33.838943], 5
evidence number = 1
times imitated = 1
[157.89482, 11.444482, 113.951035, 35.457367, 113.73851, 113.28902, 8.907353, 4.911455]
1.1994616, [26.175087, 28.375343, 45.449574, 0.0, 0.0, 0.0], -1
evidence number = 1
times imitated = 0
[162.82933, 11.444482, 118.885544, 35.457367, 118.675156, 118.34184, 8.908663, 4.9267945]
0.30000025, [25.866014, 26.330563, 47.80342, 0.0, 0.0, 0.0], -1
evidence number = 1
times imitated = 0
[162.99591, 11.31187, 152.75485, 35.33409, 160.44455, 167.61795, 14.213017, 10.165872]
0.13859923, [32.342236, 34.906445, 32.75132, 0.0, 0.0, 0.0], -1
evidence number = 1
times imitated = 0
[66.86221, 4.181785, 168.60727, 26.169914, 179.29294, 143.03876, 6.3114896, 4.236809]
0.7176088, [44.66219, 51.68771, 3.6500976, 0.0, 0.0, 0.0], -1
evidence number = 1
times imitated = 0
[2.3628082, 8.452714, 153.62495, 26.169914, 132.23747, 90.678085, 5.257207, 3.1959577]
0.0, [0.0, 0.0, 0.0, 5.0815034, 27.996319, 66.92217], -1
evidence number = 1
times imitated = 0
[27.262672, 10.966308, 176.98318, 26.169914, 177.54279, 178.26645, 6.5198097, 2.9327755]
0.0, [0.0, 0.0, 0.0, -25.374964, -47.575336, -27.0497], 4
evidence number = 1
times imitated = 0
[24.13977, 14.635246, 127.195786, 25.432463, 129.61385, 111.916595, 8.747212, 1.5957539]
1.3789705, [26.749233, 32.410095, -40.840668, 0.0, 0.0, 0.0], 2
evidence number = 1
times imitated = 0
[20.66571, 14.627885, 129.65984, 25.523285, 132.17876, 110.973045, 8.752227, 1.5953277]
0.08649859, [0.0, 0.0, 0.0, 40.226402, -21.263174, -38.510426], -1
evidence number = 1
times imitated = 0
[103.81647, 14.678385, 42.410645, 25.846052, 42.289093, 157.70416, 9.062161, 1.5938854]
0.08864165, [0.0, 0.0, 0.0, 49.549137, 1.5201207, -48.93074], 5
evidence number = 1
times imitated = 0
[135.662, 19.980743, 34.591125, 25.993994, 54.632324, 79.13865, 4.654481, 1.5956641]
0.088274635, [0.0, 0.0, 0.0, -26.339573, 13.4619, 60.19853], 3
evidence number = 1
times imitated = 0
[130.97818, 18.520803, 40.097305, 41.548702, 149.54945, 83.355545, 8.842281, 10.358696]
0.47780216, [-78.22376, -18.580437, -3.195803, 0.0, 0.0, 0.0], -1
evidence number = 1
times imitated = 0
[91.4209, 10.220398, 17.561554, 52.612984, 17.081146, 16.661377, 5.1051145, 15.082758]
0.35974327, [-37.99374, -37.901474, 24.104786, 0.0, 0.0, 0.0], -1
evidence number = 1
times imitated = 0
[172.13208, 16.821594, 176.18137, 52.47589, 126.45929, 160.17279, 2.0296931, 5.9142113]
0.1374001, [36.422012, 28.423819, 35.154167, 0.0, 0.0, 0.0], -1
evidence number = 1
times imitated = 0
[83.28926, 6.9242425, 10.998962, 23.541903, 89.96689, 175.87071, 2.6581028, 3.9104693]
0.23999988, [-60.90194, 27.997118, -11.1009445, 0.0, 0.0, 0.0], -1
evidence number = 1
times imitated = 0
[104.41092, 7.063749, 20.093002, 23.541903, 110.14491, 172.13675, 2.998886, 4.869947]
0.0, [0.0, 0.0, 0.0, -16.844925, -31.921682, -51.233395], 5
evidence number = 1
times imitated = 0
[98.22922, 7.4292073, 5.362213, 23.893028, 95.278564, 145.7091, 2.9185522, 5.7128205]
0.3535967, [-59.431004, 30.599525, 9.969466, 0.0, 0.0, 0.0], -1
evidence number = 1
times imitated = 0
[73.51529, 18.537527, 63.539062, 54.030464, 56.194977, 81.54097, 18.186195, 15.021688]
0.0021286781, [0.0, 0.0, 0.0, -38.094074, -23.857079, -38.048847], 3
evidence number = 1
times imitated = 2
[70.0069, 19.85875, 64.63861, 55.12444, 52.210907, 77.04233, 19.812197, 16.985703]
2.3997998, [-38.20984, -34.32221, -27.467955, 0.0, 0.0, 0.0], 0
evidence number = 1
times imitated = 3
[43.36365, 23.104137, 46.618412, 57.737476, 12.499668, 44.968388, 37.711937, 32.530014]
0.0, [0.0, 0.0, 0.0, 39.01896, 21.96208, 39.01896], -1
evidence number = 1
times imitated = 0
[24.02449, 21.80931, 1.0054474, 34.074284, 1.5397491, 152.01031, 3.8652906, 5.180534]
0.0, [0.0, 0.0, 0.0, 54.141117, 0.5982457, 45.26064], -1
evidence number = 1
times imitated = 0
[21.966705, 22.371058, 0.45903015, 34.677147, 0.70396423, 151.8823, 3.7498984, 6.0105906]
0.6030443, [-50.663418, -2.9112225, -46.425358, 0.0, 0.0, 0.0], -1
evidence number = 1
times imitated = 0
[23.55008, 32.30522, 5.5641937, 43.591545, 11.053711, 95.2547, 5.135497, 3.6308875]
0.90234566, [-35.957, -24.861933, -39.18106, 0.0, 0.0, 0.0], -1
evidence number = 1
times imitated = 0
[11.407776, 30.76031, 11.071793, 43.591545, 15.164139, 121.15442, 6.2727413, 7.939207]
0.0, [0.0, 0.0, 0.0, -22.846561, -57.032944, 20.120495], 4
evidence number = 1
times imitated = 0
[49.97975, 29.40577, 22.489212, 43.591545, 57.599686, 160.32518, 7.2659802, 9.380436]
4.7683716E-7, [0.0, 0.0, 0.0, -13.242337, -38.424812, -48.332848], 5
evidence number = 1
times imitated = 1
[2.5973358, 37.767162, 24.701782, 57.620434, 15.821533, 24.086548, 21.39696, 4.93998]
0.24014038, [-38.242905, -35.78326, -25.973833, 0.0, 0.0, 0.0], -1
evidence number = 1
times imitated = 0
[2.3778687, 37.766777, 24.48201, 57.620342, 13.556534, 23.86908, 22.635769, 4.939892]
0.0012567097, [0.0, 0.0, 0.0, 1.3874385, 2.0226557, 96.589905], -1
evidence number = 1
times imitated = 0
[5.258957, 35.838963, 31.880554, 57.61977, 11.310776, 49.443604, 31.881718, 8.142716]
0.0011933895, [0.0, 0.0, 0.0, -44.73927, -50.013393, -5.247338], 4
evidence number = 1
times imitated = 0
[1.2090607, 36.594913, 28.416351, 58.613327, 7.153961, 42.659546, 34.487946, 9.67282]
1.150955, [-32.06514, -31.059021, -36.87584, 0.0, 0.0, 0.0], 2
evidence number = 1
times imitated = 0
total contexts =206total imitated =35

NONPOS CONTEXTS:
[83.68692, 24.952122, 42.207092, 19.654861, 57.18543, 77.94861, 12.725615, 20.455814]
9.7060826E-4, [0.0, 0.0, 0.0, 41.332554, -20.287924, -38.379524], -1
evidence number = 15
times imitated = 0
[5.8934326, 9.848147, 161.65967, 19.934069, 9.146675, 21.722694, 12.036585, 5.760582]
0.0013107018, [0.0, 0.0, 0.0, -47.862267, 29.84899, 22.288746], 3
evidence number = 12
times imitated = 0
[143.50352, 7.957314, 34.373524, 55.244865, 53.30209, 106.604546, 15.095279, 6.610718]
7.3797617, [-44.211273, 8.86814, 46.92059, 0.0, 0.0, 0.0], 0
evidence number = 12
times imitated = 1
[106.38643, 5.465231, 128.97557, 56.45507, 131.06294, 153.98802, 25.350077, 12.580116]
0.0022193007, [0.0, 0.0, 0.0, -51.369076, -13.515104, 35.115818], 3
evidence number = 12
times imitated = 1
[16.772335, 12.288025, 48.980675, 52.474506, 48.94564, 47.931522, 17.42826, 5.1331472]
0.0, [0.0, 0.0, 0.0, -44.17099, -10.06165, 45.767357], 3
evidence number = 11
times imitated = 0
[49.14688, 31.374807, 157.63535, 25.920813, 54.630287, 78.26297, 27.32997, 19.279636]
0.0, [0.0, 0.0, 0.0, -56.758827, -25.985756, -17.255415], 3
evidence number = 11
times imitated = 0
[58.99588, 15.8727865, 162.28764, 34.028103, 74.5555, 148.09802, 7.746644, 8.671941]
0.0015695138, [0.0, 0.0, 0.0, -45.867218, 4.969826, 49.162952], 3
evidence number = 11
times imitated = 0
[2.6500854, 30.202784, 155.59741, 18.463718, 77.77665, 126.90458, 3.5828025, 3.194299]
0.56241626, [32.46787, 65.42259, 2.1095467, 0.0, 0.0, 0.0], -1
evidence number = 10
times imitated = 0
[108.95549, 23.735762, 3.0340424, 25.807518, 66.22426, 105.58911, 10.960884, 16.639492]
6.705906, [-39.870865, 25.864782, 34.26435, 0.0, 0.0, 0.0], 0
evidence number = 10
times imitated = 4
[125.98447, 12.91042, 11.855988, 40.636803, 44.28679, 107.87123, 13.763945, 9.820872]
4.511658, [-53.10863, 5.54492, 41.34645, 0.0, 0.0, 0.0], 0
evidence number = 9
times imitated = 0
[108.77838, 26.140976, 16.709381, 27.764208, 77.52823, 103.42915, 15.314316, 25.083412]
0.0013164849, [0.0, 0.0, 0.0, 42.251347, -20.31923, -37.429424], -1
evidence number = 9
times imitated = 0
[93.63219, 7.3981786, 4.5874023, 42.310883, 13.728088, 64.77582, 16.354103, 8.583237]
8.151938, [-53.88296, -17.930109, 28.18693, 0.0, 0.0, 0.0], 0
evidence number = 9
times imitated = 0
[58.37825, 22.455137, 24.198898, 38.03421, 18.581955, 10.904663, 9.29087, 6.4865627]
8.811626, [-67.782, -20.345392, 11.872614, 0.0, 0.0, 0.0], 0
evidence number = 9
times imitated = 4
[173.59395, 21.496881, 0.76156616, 18.637556, 158.45721, 169.98923, 4.595654, 17.459023]
7.7574607E-4, [0.0, 0.0, 0.0, 42.814293, -18.481222, -38.704483], -1
evidence number = 8
times imitated = 0
[35.721436, 12.201735, 67.61041, 42.310726, 38.85901, 11.982559, 15.532558, 10.711604]
4.2710535E-4, [0.0, 0.0, 0.0, -44.85596, 17.887156, 37.256886], 3
evidence number = 8
times imitated = 1
[3.6642456, 32.014477, 2.8449097, 25.920813, 1.8712769, 8.212036, 27.326406, 4.449187]
4.5522804, [-36.524555, -26.322334, -37.153107, 0.0, 0.0, 0.0], 2
evidence number = 7
times imitated = 0
[121.04412, 15.53598, 102.060196, 34.029587, 133.38525, 153.07915, 11.57022, 8.873168]
7.7291236, [-24.550463, 33.010323, 42.439213, 0.0, 0.0, 0.0], 0
evidence number = 7
times imitated = 0
[142.40085, 29.880981, 101.01953, 16.470821, 167.16263, 146.83414, 15.476066, 25.640642]
0.0, [0.0, 0.0, 0.0, 5.1741514, -31.72351, -63.10234], 5
evidence number = 7
times imitated = 0
[120.108604, 21.49919, 67.06616, 18.63639, 135.25296, 121.92065, 4.5973377, 16.787062]
6.367043, [-16.291754, 45.81209, 37.896152, 0.0, 0.0, 0.0], 0
evidence number = 7
times imitated = 1
[155.37238, 10.260904, 1.9191895, 31.766834, 25.028107, 137.29323, 8.217297, 7.824219]
9.304184, [-40.97692, 20.278599, 38.744476, 0.0, 0.0, 0.0], 0
evidence number = 7
times imitated = 2
[19.423141, 14.182537, 96.44377, 42.31062, 75.13028, 25.410126, 14.093167, 5.65499]
4.7048673E-4, [0.0, 0.0, 0.0, -57.480877, 0.49550813, 42.023613], 3
evidence number = 7
times imitated = 0
[62.230667, 17.133955, 53.39592, 42.309498, 30.774002, 11.779633, 18.15813, 11.607765]
4.6901233E-4, [0.0, 0.0, 0.0, 41.027397, 22.479372, -36.49323], 5
evidence number = 7
times imitated = 4
[56.337357, 11.382647, 3.7881775, 52.474506, 0.51156616, 10.644012, 18.58621, 6.1650286]
8.962086, [-60.564888, -38.061687, 1.373427, 0.0, 0.0, 0.0], 0
evidence number = 6
times imitated = 0
[16.238274, 28.205235, 139.22775, 33.557175, 112.68957, 22.136585, 35.8666, 21.493507]
0.0014469043, [0.0, 0.0, 0.0, 46.30602, 21.038153, 32.65583], -1
evidence number = 6
times imitated = 0
[6.883377, 16.6892, 109.92316, 42.31049, 110.09819, 110.8893, 17.567596, 4.9726114]
4.6008555E-4, [0.0, 0.0, 0.0, -25.925627, -57.797726, 16.27665], 4
evidence number = 6
times imitated = 2
[25.906372, 18.424044, 129.99146, 19.936613, 18.313286, 9.044624, 14.66564, 7.219753]
0.0013182847, [0.0, 0.0, 0.0, 56.016273, 17.040524, -26.943203], 5
evidence number = 5
times imitated = 0
[9.197441, 15.994482, 166.03519, 17.043123, 31.321342, 24.237778, 11.551803, 16.458765]
7.511776E-4, [0.0, 0.0, 0.0, -47.84405, 22.280684, 29.875261], 3
evidence number = 5
times imitated = 0
[131.3205, 29.563377, 6.408661, 17.042688, 111.72014, 126.41542, 14.591794, 26.459373]
7.449059E-4, [0.0, 0.0, 0.0, 40.913204, -20.028898, -39.0579], -1
evidence number = 5
times imitated = 0
[145.70505, 27.121887, 22.168243, 32.220394, 114.08432, 140.02219, 16.49935, 25.639765]
3.0921226, [-40.57368, 25.091372, 34.334946, 0.0, 0.0, 0.0], 0
evidence number = 5
times imitated = 0
[139.33182, 26.851078, 19.540405, 36.03994, 103.77144, 132.24265, 17.036179, 24.942297]
4.60059, [-45.00725, 21.195204, 33.797546, 0.0, 0.0, 0.0], 0
evidence number = 5
times imitated = 0
[12.513069, 10.007596, 162.03299, 53.853092, 171.35349, 162.39832, 31.394768, 18.555176]
2.504899, [38.448154, 37.997375, -23.554472, 0.0, 0.0, 0.0], 2
evidence number = 5
times imitated = 1
[14.95652, 18.781063, 120.29604, 33.9259, 120.80367, 120.69805, 4.984649, 9.085875]
0.12002716, [31.7124, 31.957668, -36.32993, 0.0, 0.0, 0.0], -1
evidence number = 5
times imitated = 0
[3.45821, 32.68891, 121.574356, 33.55544, 101.43581, 15.905804, 44.61288, 8.563541]
0.0014803266, [0.0, 0.0, 0.0, 46.8998, 15.834167, 37.266033], -1
evidence number = 5
times imitated = 0
[16.877464, 29.132502, 174.87344, 22.087578, 20.280067, 31.593628, 25.46943, 14.433481]
0.0, [0.0, 0.0, 0.0, -27.214876, 27.728271, 45.056854], 3
evidence number = 5
times imitated = 1
[16.035835, 32.466667, 141.34177, 21.376793, 69.15589, 81.12141, 7.4450164, 8.393628]
0.70758134, [41.68884, -17.65621, -40.654953, 0.0, 0.0, 0.0], -1
evidence number = 5
times imitated = 0
[15.9140625, 26.006374, 60.91086, 38.03421, 58.663284, 57.08754, 8.85558, 4.846629]
0.0, [0.0, 0.0, 0.0, -45.551033, -1.5878052, 52.86116], 3
evidence number = 5
times imitated = 1
[24.39746, 21.80933, 1.3784332, 34.074284, 1.5549927, 147.93433, 4.5645, 4.213753]
0.36440143, [-51.216515, -1.5299587, -47.253525, 0.0, 0.0, 0.0], -1
evidence number = 5
times imitated = 0
[42.807816, 22.85083, 171.30896, 19.938623, 43.532074, 74.61433, 13.125768, 5.126444]
0.0012667973, [0.0, 0.0, 0.0, -59.46203, -36.758743, -3.779225], 3
evidence number = 4
times imitated = 0
[23.290428, 27.335726, 174.35355, 18.87218, 7.2476273, 15.838287, 4.539437, 2.6654735]
1.0735059, [37.43173, -33.065178, -29.503098, 0.0, 0.0, 0.0], 1
evidence number = 4
times imitated = 0
[32.882393, 40.86064, 118.39264, 17.427822, 78.362625, 4.0637817, 21.013197, 15.211313]
7.781146E-4, [0.0, 0.0, 0.0, 48.01498, -3.9614975, -48.02352], 5
evidence number = 4
times imitated = 0
[171.22157, 16.304789, 47.979004, 46.6802, 100.73807, 156.54001, 12.676138, 14.069365]
10.670974, [-30.294245, 29.728022, 39.977734, 0.0, 0.0, 0.0], 0
evidence number = 4
times imitated = 1
[2.1083984, 29.012077, 11.677734, 23.609978, 7.433777, 33.12912, 26.210886, 2.28975]
6.3672686, [-47.113453, -3.0029418, -49.8836, 0.0, 0.0, 0.0], 2
evidence number = 4
times imitated = 0
[68.73606, 14.551143, 8.332245, 25.920813, 42.08989, 8.027985, 8.000399, 4.9977083]
0.0, [0.0, 0.0, 0.0, -14.920096, -3.670154, -81.40975], 5
evidence number = 4
times imitated = 0
[0.9112549, 16.525345, 135.94351, 34.02641, 92.81476, 136.08939, 3.07709, 9.139725]
0.0015684566, [0.0, 0.0, 0.0, 41.46395, 4.7933607, 53.742687], -1
evidence number = 4
times imitated = 0
[9.009514, 27.025269, 110.89937, 16.470821, 9.65313, 2.152855, 17.580149, 24.597015]
0.0, [0.0, 0.0, 0.0, 55.590446, 13.12881, -31.280745], 5
evidence number = 4
times imitated = 0
[33.639503, 29.880981, 150.21913, 16.470821, 58.40129, 38.072807, 15.476066, 25.640642]
0.0, [0.0, 0.0, 0.0, -55.27309, -22.647842, -22.07906], 3
evidence number = 4
times imitated = 0
[20.770485, 30.578005, 173.6955, 18.3079, 174.5715, 169.51303, 3.5266063, 7.7672734]
0.04193063, [0.0, 0.0, 0.0, -51.97742, -45.147255, 2.875325], 3
evidence number = 3
times imitated = 0
[0.085121155, 33.339516, 152.57663, 18.30871, 153.46405, 152.84967, 3.5274308, 9.092716]
0.001050927, [0.0, 0.0, 0.0, 56.62007, 20.995829, 22.384094], -1
evidence number = 3
times imitated = 0
[16.858597, 40.436382, 134.26767, 17.4278, 98.40036, 42.227234, 23.062195, 12.924395]
7.670654E-4, [0.0, 0.0, 0.0, -38.500637, -22.920351, 38.579014], 3
evidence number = 3
times imitated = 0
[27.365776, 38.103287, 122.81772, 17.4278, 86.9496, 57.216187, 23.061829, 13.162086]
7.624747E-4, [0.0, 0.0, 0.0, -12.874651, -71.08127, 16.044085], 4
evidence number = 3
times imitated = 0
[38.16149, 23.67477, 105.70241, 17.042929, 17.848099, 29.871765, 13.019124, 22.80617]
7.3740096E-4, [0.0, 0.0, 0.0, 49.761616, -10.38953, -39.848854], -1
evidence number = 3
times imitated = 0
[164.09251, 31.191908, 28.03482, 17.04262, 145.4078, 159.18704, 15.97387, 27.616474]
7.4742263E-4, [0.0, 0.0, 0.0, 0.8189177, -32.978203, -66.20289], 5
evidence number = 3
times imitated = 0
[16.230927, 30.37893, 87.038765, 25.920813, 9.939369, 14.565777, 27.201918, 19.40307]
0.0, [0.0, 0.0, 0.0, 47.810177, 26.139889, -26.049936], 5
evidence number = 3
times imitated = 0
[111.725266, 31.364904, 139.7845, 25.921526, 117.209015, 140.84341, 27.34185, 19.195433]
8.014043E-4, [0.0, 0.0, 0.0, -4.638895, -31.787592, -63.57351], 5
evidence number = 3
times imitated = 0
[27.730362, 30.510931, 144.95882, 33.517406, 124.50133, 76.16235, 44.11102, 7.145624]
0.040200904, [0.0, 0.0, 0.0, -7.4616804, -81.89472, -10.643594], 4
evidence number = 3
times imitated = 0
[2.187027, 25.975185, 74.86786, 38.03421, 72.620285, 71.04454, 8.85558, 4.846629]
0.0, [0.0, 0.0, 0.0, -38.805504, -23.700027, 37.494473], 3
evidence number = 3
times imitated = 0
[42.4494, 16.972664, 115.574066, 38.664402, 113.3837, 111.52753, 9.09941, 5.1269183]
0.0, [0.0, 0.0, 0.0, -39.561573, -19.780787, -40.657642], 5
evidence number = 3
times imitated = 1
[18.66475, 19.526539, 134.51962, 19.937096, 11.986938, 28.632957, 15.170594, 6.432724]
0.0012379236, [0.0, 0.0, 0.0, 52.08846, -33.169483, -14.742063], 4
evidence number = 2
times imitated = 0
[48.510406, 23.395252, 166.3874, 19.939142, 44.304222, 73.56949, 10.210185, 3.7079637]
0.0013197106, [0.0, 0.0, 0.0, -22.945137, -22.49596, -54.558903], 5
evidence number = 2
times imitated = 0
[13.852837, 33.34006, 166.5129, 18.30832, 167.39468, 166.78453, 3.527033, 9.092322]
9.1364473E-4, [0.0, 0.0, 0.0, -30.739386, -42.577717, -26.682898], 4
evidence number = 2
times imitated = 0
[1.0421448, 17.733633, 152.37587, 17.043093, 18.612122, 13.707878, 12.235151, 19.343956]
7.4839004E-4, [0.0, 0.0, 0.0, 17.240213, 29.38952, 53.370262], -1
evidence number = 2
times imitated = 0
[9.69754, 19.418316, 140.71713, 17.043041, 8.27491, 4.5497437, 12.858886, 22.146486]
7.478946E-4, [0.0, 0.0, 0.0, 61.51088, 23.685884, 14.803237], -1
evidence number = 2
times imitated = 0
[20.735779, 21.09641, 126.94687, 17.043003, 3.4032593, 9.141365, 13.347359, 22.238945]
7.4440846E-4, [0.0, 0.0, 0.0, 62.77294, 16.40866, -20.8184], 5
evidence number = 2
times imitated = 0
[170.26479, 25.974234, 29.41397, 22.773764, 140.09576, 164.69774, 11.562116, 22.101748]
5.530964, [-32.053215, 32.47294, 35.473846, 0.0, 0.0, 0.0], 0
evidence number = 2
times imitated = 0
[93.02925, 10.211059, 8.030457, 47.18878, 25.74762, 66.566376, 17.82332, 8.317315]
8.7585745, [-57.306713, -12.175282, 30.518003, 0.0, 0.0, 0.0], 0
evidence number = 2
times imitated = 0
[159.55916, 26.528095, 36.29135, 31.236683, 128.35715, 154.54456, 16.19649, 25.43953]
1.837601, [-41.4962, 24.283772, 34.220028, 0.0, 0.0, 0.0], 0
evidence number = 2
times imitated = 0
[162.19937, 25.16967, 41.28363, 38.940815, 120.82617, 153.29791, 16.10373, 22.904205]
2.729498, [-31.389627, 30.042246, 38.568123, 0.0, 0.0, 0.0], 0
evidence number = 2
times imitated = 0
[1.7307434, 10.987598, 146.719, 53.853092, 157.18869, 148.16907, 34.873768, 22.531109]
0.24000311, [37.092762, 36.228855, -26.678387, 0.0, 0.0, 0.0], -1
evidence number = 2
times imitated = 0
[6.315735, 10.987598, 142.134, 53.853092, 153.39154, 143.62048, 37.760468, 25.45047]
0.0, [0.0, 0.0, 0.0, 46.763153, 21.472576, 31.764273], -1
evidence number = 2
times imitated = 0
[178.72937, 29.03357, 67.78088, 26.668264, 175.30464, 148.44588, 25.012627, 17.14646]
1.7389882, [-13.22425, 42.370502, 44.40525, 0.0, 0.0, 0.0], 0
evidence number = 2
times imitated = 0
[137.40605, 26.538332, 86.010345, 16.386906, 163.59076, 141.50046, 11.348808, 22.11459]
3.373138, [1.1343012, 52.720825, 46.144875, 0.0, 0.0, 0.0], -1
evidence number = 2
times imitated = 0
[6.0506516, 32.490154, 160.39444, 22.087578, 2.4278488, 21.695953, 20.75177, 13.519994]
0.0, [0.0, 0.0, 0.0, 38.21084, 22.31483, 39.474327], -1
evidence number = 2
times imitated = 0
[35.12849, 31.867723, 122.4445, 21.376793, 112.08945, 62.823414, 6.9846854, 8.435707]
0.0, [0.0, 0.0, 0.0, 65.07675, 7.376556, -27.546688], 5
evidence number = 2
times imitated = 0
[12.354599, 14.108424, 152.39325, 19.935326, 1.1431503, 14.449165, 13.044435, 7.145491]
0.0012442804, [0.0, 0.0, 0.0, 43.55186, 46.332573, 10.115567], -1
evidence number = 1
times imitated = 0
[21.169304, 19.938375, 130.76572, 19.937338, 14.666534, 24.881844, 15.361812, 6.4327116]
0.0012043797, [0.0, 0.0, 0.0, 56.398445, -7.480604, -36.12095], -1
evidence number = 1
times imitated = 0
[40.406013, 23.72747, 173.67734, 19.523996, 32.417343, 51.469902, 9.179153, 2.9707844]
0.41655043, [40.605244, -28.882984, -30.511772, 0.0, 0.0, 0.0], -1
evidence number = 1
times imitated = 0
[16.183838, 27.6906, 166.8052, 18.872341, 7.9573593, 18.696228, 3.5437033, 2.1816187]
0.65593374, [37.78148, -31.955517, -30.263004, 0.0, 0.0, 0.0], -1
evidence number = 1
times imitated = 0
[6.902893, 28.417797, 156.65771, 18.872494, 3.0978088, 42.266006, 2.5167146, 1.6165142]
8.430529E-4, [0.0, 0.0, 0.0, 30.951448, -13.341739, 55.70681], 4
evidence number = 1
times imitated = 0
[14.543251, 33.339924, 138.11722, 18.308416, 139.00037, 138.38919, 3.5271323, 9.092421]
0.0010513428, [0.0, 0.0, 0.0, 77.13861, 8.007967, -14.853421], 5
evidence number = 1
times imitated = 0
[25.676437, 40.85929, 125.59519, 17.427816, 72.33135, 3.7472534, 16.879395, 19.163252]
0.235929, [35.945415, -20.57317, -43.481415, 0.0, 0.0, 0.0], -1
evidence number = 1
times imitated = 0
[32.545616, 37.53197, 117.3882, 17.42779, 81.51988, 57.750626, 23.061735, 13.634484]
7.680615E-4, [0.0, 0.0, 0.0, 41.85527, -19.24633, -38.8984], -1
evidence number = 1
times imitated = 0
[139.46973, 30.047564, 2.0203705, 17.042677, 120.15428, 134.49158, 14.937056, 26.763348]
7.457319E-4, [0.0, 0.0, 0.0, 38.896484, -20.297264, -40.806244], 5
evidence number = 1
times imitated = 0
[161.58911, 30.116282, 24.946625, 18.444208, 140.77737, 156.60812, 15.070845, 26.45219]
1.5602905, [-33.269733, 31.792427, 34.93784, 0.0, 0.0, 0.0], 0
evidence number = 1
times imitated = 0
[55.15123, 11.233629, 7.4873047, 52.474506, 6.6879883, 4.5651245, 17.60938, 5.2353215]
0.36000016, [-43.192833, -42.973923, -13.833242, 0.0, 0.0, 0.0], -1
evidence number = 1
times imitated = 0
[16.91755, 20.340792, 116.95831, 27.763632, 31.850266, 4.8159485, 11.669337, 20.815802]
0.0013362718, [0.0, 0.0, 0.0, -30.974781, 19.919329, 49.10589], 3
evidence number = 1
times imitated = 0
[131.6948, 23.599829, 2.8127747, 27.764057, 94.86185, 123.03058, 14.418216, 24.027006]
0.0013122517, [0.0, 0.0, 0.0, 39.005096, -20.59177, -40.403133], 5
evidence number = 1
times imitated = 0
[134.16284, 26.755617, 8.9092865, 27.764257, 103.98375, 129.15839, 15.576258, 25.425991]
0.0013110132, [0.0, 0.0, 0.0, 34.930496, -22.495417, -42.574093], 5
evidence number = 1
times imitated = 0
[142.55014, 27.255495, 17.056946, 27.764303, 112.9167, 137.39801, 15.843893, 25.770006]
0.0013126602, [0.0, 0.0, 0.0, -44.122505, -22.252157, -33.625336], 3
evidence number = 1
times imitated = 0
[160.41678, 27.73518, 34.799866, 27.764355, 131.39656, 155.21368, 16.118551, 26.114647]
0.0012935934, [0.0, 0.0, 0.0, -30.590824, -24.019173, -45.390003], 5
evidence number = 1
times imitated = 0
[165.39767, 27.02025, 41.92337, 31.236683, 134.83142, 160.31924, 16.441261, 25.779108]
0.30002195, [-42.62567, 23.470709, 33.903618, 0.0, 0.0, 0.0], -1
evidence number = 1
times imitated = 0
[171.50204, 27.50721, 47.753357, 31.236683, 141.46762, 166.26607, 16.697283, 26.121115]
0.0, [0.0, 0.0, 0.0, -39.17499, -20.059868, -40.765144], 5
evidence number = 1
times imitated = 0
[149.36603, 27.339334, 29.363586, 36.03994, 114.29321, 142.04219, 17.311182, 25.286726]
0.83998173, [-50.770164, 16.486536, 32.743298, 0.0, 0.0, 0.0], -1
evidence number = 1
times imitated = 0
[156.3353, 27.872963, 36.319733, 36.03994, 121.89612, 148.90862, 17.629772, 25.652983]
0.0, [0.0, 0.0, 0.0, -39.551834, -19.855919, -40.592247], 5
evidence number = 1
times imitated = 0
[148.24304, 5.807184, 31.254395, 56.45045, 44.184906, 96.79489, 14.736292, 4.6769753]
0.6007805, [-46.40233, -12.958593, 40.63908, 0.0, 0.0, 0.0], -1
evidence number = 1
times imitated = 0
[179.26398, 5.463379, 54.578278, 56.451706, 67.287384, 120.67114, 14.610671, 4.490291]
0.002412919, [0.0, 0.0, 0.0, -29.962814, -16.626007, -53.41118], 5
evidence number = 1
times imitated = 0
[173.532, 5.463422, 61.78711, 56.452084, 74.40881, 124.23309, 14.642018, 4.7338147]
0.0023940804, [0.0, 0.0, 0.0, -40.610744, -19.129686, -40.25957], 3
evidence number = 1
times imitated = 0
[62.954735, 5.6597695, 169.82477, 56.299778, 165.23923, 176.65, 26.581446, 13.796357]
0.15767138, [42.25716, 42.186462, -15.556377, 0.0, 0.0, 0.0], -1
evidence number = 1
times imitated = 0
[7.377655, 18.674711, 29.977142, 15.131482, 18.070923, 172.84755, 17.023308, 7.370546]
0.540781, [-46.27188, 1.3654562, -52.362663, 0.0, 0.0, 0.0], -1
evidence number = 1
times imitated = 0
[0.32058716, 19.937134, 21.007324, 15.969292, 10.273804, 163.50569, 17.966019, 6.477986]
1.455736, [-47.56866, 0.5019791, -51.92936, 0.0, 0.0, 0.0], 2
evidence number = 1
times imitated = 0
[2.0692444, 32.014477, 4.439911, 25.920813, 0.534729, 9.807037, 27.002848, 4.449187]
0.42000088, [-33.33771, -33.125774, -33.53651, 0.0, 0.0, 0.0], -1
evidence number = 1
times imitated = 0
[134.16452, 31.36401, 117.34398, 25.92204, 139.64851, 163.28418, 27.340982, 19.194769]
0.0022163424, [0.0, 0.0, 0.0, 40.000717, -20.000534, -39.99875], -1
evidence number = 1
times imitated = 0
[174.21074, 31.292679, 77.13042, 25.938047, 179.70721, 156.5712, 27.269302, 19.12903]
0.07375777, [0.0, 0.0, 0.0, 32.896362, -15.999367, -51.10427], 5
evidence number = 1
times imitated = 0
[116.34696, 15.53609, 106.76204, 34.030136, 128.6914, 157.77998, 11.570973, 8.874096]
7.79434, [-25.91167, 31.962738, 42.12559, 0.0, 0.0, 0.0], 0
evidence number = 1
times imitated = 0
[113.06523, 15.536212, 110.037186, 34.029392, 125.40502, 161.05824, 11.57, 8.8728485]
0.54041255, [-27.630615, 28.73132, 43.638065, 0.0, 0.0, 0.0], -1
evidence number = 1
times imitated = 0
[28.57077, 16.439022, 163.58948, 34.027164, 54.223164, 133.34586, 6.51721, 8.108764]
0.0015853711, [0.0, 0.0, 0.0, 4.190405, 14.572352, 81.23724], -1
evidence number = 1
times imitated = 0
[7.9134674, 17.013914, 143.01086, 34.026215, 124.4802, 143.7088, 3.5052328, 9.186817]
0.001548316, [0.0, 0.0, 0.0, 44.333847, -11.162784, 44.50337], 4
evidence number = 1
times imitated = 0
[150.6372, 29.74126, 92.07567, 16.464247, 175.50311, 155.07022, 15.316358, 25.495283]
0.16019593, [2.2096648, 51.26493, 46.525402, 0.0, 0.0, 0.0], -1
evidence number = 1
times imitated = 0
[138.0669, 25.007286, 75.18106, 16.724146, 164.15958, 141.80118, 9.360398, 20.491842]
6.2903376, [-2.3662112, 52.608627, 45.02516, 0.0, 0.0, 0.0], 0
evidence number = 1
times imitated = 0
[108.42011, 21.49906, 78.75412, 18.636509, 123.56411, 110.23214, 4.597189, 16.786993]
0.30076456, [-27.35575, 39.612312, 33.031937, 0.0, 0.0, 0.0], -1
evidence number = 1
times imitated = 0
[90.9131, 7.8652067, 9.02269, 42.310867, 10.42128, 62.006012, 16.223787, 8.819356]
0.23983939, [-55.992867, -36.40162, 7.6055183, 0.0, 0.0, 0.0], -1
evidence number = 1
times imitated = 0
[18.71614, 32.432724, 173.23344, 22.087578, 7.047142, 42.54641, 15.331037, 10.8248005]
0.0, [0.0, 0.0, 0.0, -34.63615, -31.24105, -34.122803], 3
evidence number = 1
times imitated = 0
[117.569626, 25.054523, 7.946808, 19.895464, 86.05197, 115.28708, 11.059924, 20.204155]
0.24223979, [-60.323536, 11.514897, 28.161564, 0.0, 0.0, 0.0], -1
evidence number = 1
times imitated = 0
[58.51271, 22.60258, 23.23198, 38.03421, 20.984406, 0.5427551, 8.85558, 5.6011558]
0.35993472, [-51.758205, -47.54773, 0.6940596, 0.0, 0.0, 0.0], -1
evidence number = 1
times imitated = 0
[4.642624, 26.182129, 70.97685, 38.03421, 68.72928, 67.153534, 8.85558, 4.846629]
0.0, [0.0, 0.0, 0.0, 54.94489, 27.472445, 17.582664], -1
evidence number = 1
times imitated = 0
[2.3030396, 15.379774, 75.88808, 38.664402, 73.69771, 71.84154, 9.09941, 5.1269183]
0.0, [0.0, 0.0, 0.0, -46.12831, -27.649673, 26.222017], 3
evidence number = 1
times imitated = 2
[16.900864, 13.462763, 139.98582, 26.169914, 142.00221, 152.93599, 9.199712, 1.7961017]
0.0, [0.0, 0.0, 0.0, 61.637203, 21.100136, 17.262661], -1
evidence number = 1
times imitated = 0
[26.288864, 13.462763, 130.59782, 26.169914, 134.7535, 144.22185, 9.433253, 1.869126]
0.0, [0.0, 0.0, 0.0, 39.962086, 21.904833, -38.133083], 5
evidence number = 1
times imitated = 1
total contexts =117total imitated =28

POS IMITATED
3,RELROT:60.349747 MEDIST:17.06411 GOALROT:61.69156 GOALDIST:52.62971 OPPROT:48.02455;69.56638; OPPDIST16.71882;12.03875;
Change = goal dist: -56.321926 opp dist: 7.557681 me dist: -2.3050928
goal rot: 0.0 opp rot: 0.0 me rot: 0.0,0,
1,RELROT:1.3127441 MEDIST:35.807716 GOALROT:23.417542 GOALDIST:56.258423 OPPROT:15.58078;30.772377; OPPDIST17.87584;4.0016284;
Change = goal dist: -49.494717 opp dist: -14.746841 me dist: -31.472483
goal rot: 0.0 opp rot: 0.0 me rot: 0.0,0,
1,RELROT:28.305061 MEDIST:18.7396 GOALROT:153.06831 GOALDIST:16.470821 OPPROT:88.83563;39.130974; OPPDIST13.609938;20.038431;
Change = goal dist: 0.0 opp dist: 0.0 me dist: 0.0
goal rot: -39.265854 opp rot: 16.021889 me rot: 41.84587,3,
1,RELROT:110.44413 MEDIST:18.468636 GOALROT:28.040771 GOALDIST:39.009533 OPPROT:112.340576;71.298035; OPPDIST7.524751;9.068692;
Change = goal dist: -64.918915 opp dist: 7.0590153 me dist: 22.229176
goal rot: 0.0 opp rot: 0.0 me rot: 0.0,0,
2,RELROT:81.63841 MEDIST:27.896988 GOALROT:15.179031 GOALDIST:38.03421 OPPROT:17.426605;19.00235; OPPDIST8.85558;4.846629;
Change = goal dist: 0.0 opp dist: 0.0 me dist: 0.0
goal rot: 38.15777 opp rot: 17.224686 me rot: -44.617546,5,
1,RELROT:144.47278 MEDIST:16.399696 GOALROT:148.2031 GOALDIST:52.612984 OPPROT:148.6864;158.38162; OPPDIST5.1022367;9.3581705;
Change = goal dist: 0.0 opp dist: 0.0 me dist: 0.0
goal rot: -33.693127 opp rot: -17.976473 me rot: -48.3304,5,
2,RELROT:78.47934 MEDIST:8.379169 GOALROT:26.364044 GOALDIST:42.270824 OPPROT:71.49864;108.4202; OPPDIST12.186031;6.25282;
Change = goal dist: -48.21399 opp dist: 24.636677 me dist: 27.149338
goal rot: 0.0 opp rot: 0.0 me rot: 0.0,0,
2,RELROT:137.11389 MEDIST:30.284296 GOALROT:169.37201 GOALDIST:52.533638 OPPROT:149.38167;168.72903; OPPDIST50.765366;34.5728;
Change = goal dist: 0.0 opp dist: 0.0 me dist: 0.0
goal rot: -28.086575 opp rot: -13.186895 me rot: -53.41054,5,
1,RELROT:78.20502 MEDIST:39.302006 GOALROT:64.34271 GOALDIST:51.241226 OPPROT:149.92935;117.84329; OPPDIST13.822312;19.54162;
Change = goal dist: -32.54712 opp dist: 47.60726 me dist: -19.845621
goal rot: 0.0 opp rot: 0.0 me rot: 0.0,0,
2,RELROT:48.346405 MEDIST:14.0131855 GOALROT:74.028595 GOALDIST:52.612984 OPPROT:74.509;75.30435; OPPDIST5.1051145;14.261609;
Change = goal dist: 0.0 opp dist: 0.0 me dist: 0.0
goal rot: -35.747845 opp rot: -18.420351 me rot: 37.660496,3,
1,RELROT:52.583652 MEDIST:23.104137 GOALROT:55.838413 GOALDIST:57.737476 OPPROT:25.85648;54.08048; OPPDIST32.28839;27.71846;
Change = goal dist: -31.958418 opp dist: -38.855537 me dist: -29.186047
goal rot: 0.0 opp rot: 0.0 me rot: 0.0,1,
1,RELROT:123.06033 MEDIST:27.946953 GOALROT:58.793793 GOALDIST:39.401184 OPPROT:79.96327;90.38449; OPPDIST11.940205;8.145814;
Change = goal dist: -56.042297 opp dist: -41.861725 me dist: -2.0959728
goal rot: 0.0 opp rot: 0.0 me rot: 0.0,0,
2,RELROT:30.83014 MEDIST:40.769253 GOALROT:1.0620422 GOALDIST:64.10175 OPPROT:22.919083;15.432434; OPPDIST49.409878;25.356945;
Change = goal dist: -36.70172 opp dist: -34.146103 me dist: -29.152176
goal rot: 0.0 opp rot: 0.0 me rot: 0.0,0,
1,RELROT:23.111847 MEDIST:13.008799 GOALROT:40.04178 GOALDIST:52.474506 OPPROT:40.006683;38.991394; OPPDIST17.42786;5.1307564;
Change = goal dist: 0.0 opp dist: 0.0 me dist: 0.0
goal rot: 44.958035 opp rot: 22.479826 me rot: -32.56214,5,
1,RELROT:56.521973 MEDIST:31.445124 GOALROT:77.95715 GOALDIST:53.729908 OPPROT:58.795013;63.122498; OPPDIST14.566538;22.185907;
Change = goal dist: 17.037968 opp dist: -14.618301 me dist: -41.170902
goal rot: 0.0 opp rot: 0.0 me rot: 0.0,2,
2,RELROT:50.88208 MEDIST:25.861101 GOALROT:87.78909 GOALDIST:53.73217 OPPROT:64.38965;59.31102; OPPDIST26.343952;31.938305;
Change = goal dist: 0.0 opp dist: 0.0 me dist: 0.0
goal rot: -66.70448 opp rot: -13.356439 me rot: -19.939075,3,
1,RELROT:77.412506 MEDIST:18.44211 GOALROT:67.40256 GOALDIST:54.030556 OPPROT:60.98941;84.430084; OPPDIST18.40571;13.486112;
Change = goal dist: 0.0 opp dist: 0.0 me dist: 0.0
goal rot: -35.1213 opp rot: -14.710309 me rot: -50.168392,5,
2,RELROT:58.808533 MEDIST:29.79748 GOALROT:27.636047 GOALDIST:47.24134 OPPROT:45.159622;158.07288; OPPDIST10.06657;5.435674;
Change = goal dist: -55.318577 opp dist: 12.579536 me dist: -32.10188
goal rot: 0.0 opp rot: 0.0 me rot: 0.0,0,
1,RELROT:28.908539 MEDIST:16.68873 GOALROT:87.89993 GOALDIST:42.3104 OPPROT:88.076065;88.87192; OPPDIST17.567505;4.972528;
Change = goal dist: 0.0 opp dist: 0.0 me dist: 0.0
goal rot: 40.000507 opp rot: 19.996298 me rot: -40.003197,5,
1,RELROT:165.10919 MEDIST:17.15362 GOALROT:100.426735 GOALDIST:38.624714 OPPROT:112.64881;124.78565; OPPDIST10.273528;6.8909507;
Change = goal dist: 0.0 opp dist: 0.0 me dist: 0.0
goal rot: -33.832806 opp rot: -32.32825 me rot: -33.838943,5,
2,RELROT:73.51529 MEDIST:18.537527 GOALROT:63.539062 GOALDIST:54.030464 OPPROT:56.194977;81.54097; OPPDIST18.186195;15.021688;
Change = goal dist: 0.0 opp dist: 0.0 me dist: 0.0
goal rot: -38.094074 opp rot: -23.857079 me rot: -38.048847,3,
3,RELROT:70.0069 MEDIST:19.85875 GOALROT:64.63861 GOALDIST:55.12444 OPPROT:52.210907;77.04233; OPPDIST19.812197;16.985703;
Change = goal dist: -38.20984 opp dist: -34.32221 me dist: -27.467955
goal rot: 0.0 opp rot: 0.0 me rot: 0.0,0,
1,RELROT:49.97975 MEDIST:29.40577 GOALROT:22.489212 GOALDIST:43.591545 OPPROT:57.599686;160.32518; OPPDIST7.2659802;9.380436;
Change = goal dist: 0.0 opp dist: 0.0 me dist: 0.0
goal rot: -13.242337 opp rot: -38.424812 me rot: -48.332848,5,

NONPOS IMITATED
1,RELROT:143.50352 MEDIST:7.957314 GOALROT:34.373524 GOALDIST:55.244865 OPPROT:53.30209;106.604546; OPPDIST15.095279;6.610718;
Change = goal dist: -41.867516 opp dist: 8.398016 me dist: 44.4332
goal rot: 0.0 opp rot: 0.0 me rot: 0.0,0,
1,RELROT:106.38643 MEDIST:5.465231 GOALROT:128.97557 GOALDIST:56.45507 OPPROT:131.06294;153.98802; OPPDIST25.350077;12.580116;
Change = goal dist: 0.0 opp dist: 0.0 me dist: 0.0
goal rot: -49.106834 opp rot: -12.919913 me rot: 33.56935,3,
4,RELROT:108.95549 MEDIST:23.735762 GOALROT:3.0340424 GOALDIST:25.807518 OPPROT:66.22426;105.58911; OPPDIST10.960884;16.639492;
Change = goal dist: -39.870865 opp dist: 25.864782 me dist: 34.26435
goal rot: 0.0 opp rot: 0.0 me rot: 0.0,0,
4,RELROT:58.37825 MEDIST:22.455137 GOALROT:24.198898 GOALDIST:38.03421 OPPROT:18.581955;10.904663; OPPDIST9.29087;6.4865627;
Change = goal dist: -66.78676 opp dist: -20.046663 me dist: 11.698289
goal rot: 0.0 opp rot: 0.0 me rot: 0.0,0,
1,RELROT:35.721436 MEDIST:12.201735 GOALROT:67.61041 GOALDIST:42.310726 OPPROT:38.85901;11.982559; OPPDIST15.532558;10.711604;
Change = goal dist: 0.0 opp dist: 0.0 me dist: 0.0
goal rot: -44.85596 opp rot: 17.887156 me rot: 37.256886,3,
1,RELROT:120.108604 MEDIST:21.49919 GOALROT:67.06616 GOALDIST:18.63639 OPPROT:135.25296;121.92065; OPPDIST4.5973377;16.787062;
Change = goal dist: -16.291754 opp dist: 45.81209 me dist: 37.896152
goal rot: 0.0 opp rot: 0.0 me rot: 0.0,0,
2,RELROT:155.37238 MEDIST:10.260904 GOALROT:1.9191895 GOALDIST:31.766834 OPPROT:25.028107;137.29323; OPPDIST8.217297;7.824219;
Change = goal dist: -40.97692 opp dist: 20.278599 me dist: 38.744476
goal rot: 0.0 opp rot: 0.0 me rot: 0.0,0,
4,RELROT:62.230667 MEDIST:17.133955 GOALROT:53.39592 GOALDIST:42.309498 OPPROT:30.774002;11.779633; OPPDIST18.15813;11.607765;
Change = goal dist: 0.0 opp dist: 0.0 me dist: 0.0
goal rot: 41.027397 opp rot: 22.479372 me rot: -36.49323,5,
2,RELROT:6.883377 MEDIST:16.6892 GOALROT:109.92316 GOALDIST:42.31049 OPPROT:110.09819;110.8893; OPPDIST17.567596;4.9726114;
Change = goal dist: 0.0 opp dist: 0.0 me dist: 0.0
goal rot: -25.925629 opp rot: -57.79772 me rot: 16.27665,4,
1,RELROT:12.513069 MEDIST:10.007596 GOALROT:162.03299 GOALDIST:53.853092 OPPROT:171.35349;162.39832; OPPDIST31.394768;18.555176;
Change = goal dist: 38.448154 opp dist: 37.997375 me dist: -23.554472
goal rot: 0.0 opp rot: 0.0 me rot: 0.0,2,
1,RELROT:16.877464 MEDIST:29.132502 GOALROT:174.87344 GOALDIST:22.087578 OPPROT:20.280067;31.593628; OPPDIST25.46943;14.433481;
Change = goal dist: 0.0 opp dist: 0.0 me dist: 0.0
goal rot: -27.214876 opp rot: 27.728271 me rot: 45.056854,3,
1,RELROT:15.9140625 MEDIST:26.006374 GOALROT:60.91086 GOALDIST:38.03421 OPPROT:58.663284;57.08754; OPPDIST8.85558;4.846629;
Change = goal dist: 0.0 opp dist: 0.0 me dist: 0.0
goal rot: -36.366886 opp rot: -1.2676668 me rot: 42.20312,3,
1,RELROT:171.22157 MEDIST:16.304789 GOALROT:47.979004 GOALDIST:46.6802 OPPROT:100.73807;156.54001; OPPDIST12.676138;14.069365;
Change = goal dist: -30.294245 opp dist: 29.728024 me dist: 39.977734
goal rot: 0.0 opp rot: 0.0 me rot: 0.0,0,
1,RELROT:42.4494 MEDIST:16.972664 GOALROT:115.574066 GOALDIST:38.664402 OPPROT:113.3837;111.52753; OPPDIST9.09941;5.1269183;
Change = goal dist: 0.0 opp dist: 0.0 me dist: 0.0
goal rot: -39.561573 opp rot: -19.780787 me rot: -40.657642,5,
2,RELROT:2.3030396 MEDIST:15.379774 GOALROT:75.88808 GOALDIST:38.664402 OPPROT:73.69771;71.84154; OPPDIST9.09941;5.1269183;
Change = goal dist: 0.0 opp dist: 0.0 me dist: 0.0
goal rot: -46.12831 opp rot: -27.649673 me rot: 26.222017,3,
1,RELROT:26.288864 MEDIST:13.462763 GOALROT:130.59782 GOALDIST:26.169914 OPPROT:134.7535;144.22185; OPPDIST9.433253;1.869126;
Change = goal dist: 0.0 opp dist: 0.0 me dist: 0.0
goal rot: 39.962086 opp rot: 21.904833 me rot: -38.133083,5,

