POS CONTEXTS:
[158.07053, 20.256454, 132.9349, 64.35849, 126.443634, 132.31056, 26.134016, 6.051151]
0.0021391788, [0.0, 0.0, 0.0, -19.778114, -9.769236, -70.45265], 5
evidence number = 26
times imitated = 1
[121.2377, 26.080145, 110.237335, 52.32972, 155.05896, 109.875305, 32.036766, 22.152023]
4.8651372E-4, [0.0, 0.0, 0.0, -62.89901, -31.549368, -5.551619], 3
evidence number = 13
times imitated = 0
[63.435486, 23.500795, 31.736162, 37.72625, 90.58522, 55.516613, 33.76558, 2.2196116]
6.094582, [-58.158787, 20.713593, -21.127617, 0.0, 0.0, 0.0], 0
evidence number = 11
times imitated = 0
[132.97574, 15.701205, 140.76482, 52.384605, 162.27122, 153.69043, 45.7044, 23.783823]
4.8479124E-4, [0.0, 0.0, 0.0, -44.042675, -11.9133, -44.044025], 5
evidence number = 11
times imitated = 1
[84.010605, 19.061342, 149.664, 53.749, 145.11423, 123.29056, 31.972296, 37.47981]
0.0, [0.0, 0.0, 0.0, -40.88919, -19.490122, -39.62069], 3
evidence number = 11
times imitated = 0
[81.63665, 25.665052, 66.75906, 50.72433, 109.14524, 84.74578, 29.379622, 13.733918]
8.014779, [-50.636887, 47.958817, -1.4042963, 0.0, 0.0, 0.0], 0
evidence number = 10
times imitated = 0
[55.600235, 46.464096, 60.756638, 58.514183, 108.26834, 61.968697, 6.271796, 17.594112]
0.0, [0.0, 0.0, 0.0, -39.655636, -20.688726, -39.655636], 3
evidence number = 10
times imitated = 0
[49.061066, 26.092499, 15.539185, 44.44656, 66.19507, 14.5060425, 36.266384, 5.0276628]
3.1275618, [-47.708645, -25.756207, -26.53515, 0.0, 0.0, 0.0], 0
evidence number = 9
times imitated = 0
[132.54405, 7.400652, 49.125504, 53.22704, 84.89421, 148.99875, 15.256959, 11.717398]
7.2876353, [-36.1039, 20.657824, 43.238274, 0.0, 0.0, 0.0], 0
evidence number = 9
times imitated = 0
[75.09004, 23.202572, 95.17885, 56.701576, 111.52721, 96.584854, 36.15868, 23.89847]
1.05963814E-7, [0.0, 0.0, 0.0, -41.77981, -20.956608, -37.263577], 3
evidence number = 9
times imitated = 0
[54.806763, 3.4006877, 140.4222, 30.266127, 142.3857, 140.85677, 6.270873, 10.225672]
7.9950423, [35.762398, 38.925606, 25.311995, 0.0, 0.0, 0.0], -1
evidence number = 9
times imitated = 0
[107.10858, 25.34568, 36.70526, 52.57699, 39.08435, 31.579102, 9.878766, 20.32584]
6.556277, [-47.8869, -26.199287, 25.913807, 0.0, 0.0, 0.0], 0
evidence number = 8
times imitated = 0
[177.38535, 26.094238, 166.36386, 52.01851, 147.37173, 165.9943, 33.34014, 22.13691]
0.0, [0.0, 0.0, 0.0, -40.005413, -19.985523, -40.009064], 5
evidence number = 8
times imitated = 0
[129.00557, 20.704763, 12.893738, 23.754412, 75.240456, 27.29718, 5.8061886, 3.1491022]
1.9764028, [-41.12714, -33.14767, 25.725191, 0.0, 0.0, 0.0], 0
evidence number = 8
times imitated = 0
[105.77232, 11.090054, 103.00084, 55.400337, 90.38724, 74.99507, 30.297012, 39.946606]
0.0, [0.0, 0.0, 0.0, -40.24706, -19.496115, -40.256824], 5
evidence number = 8
times imitated = 0
[105.47751, 7.951068, 15.644989, 41.68931, 29.628021, 69.75134, 5.568474, 14.877907]
8.485579, [-57.726757, -6.03819, 36.235054, 0.0, 0.0, 0.0], 0
evidence number = 8
times imitated = 1
[13.980408, 43.365562, 19.34607, 55.454216, 25.453857, 20.30011, 3.2069762, 15.690576]
7.3096056, [-42.52165, -12.177127, -45.30122, 0.0, 0.0, 0.0], 2
evidence number = 8
times imitated = 0
[128.61473, 63.92173, 51.342834, 31.125568, 158.90274, 103.32888, 11.020082, 7.0205927]
4.144485, [-28.851149, 35.25671, 35.892143, 0.0, 0.0, 0.0], 0
evidence number = 8
times imitated = 0
[148.68092, 35.666885, 58.505188, 53.79753, 79.25, 65.8421, 6.1522636, 18.4384]
6.194924, [-27.731552, 4.9225454, 67.3459, 0.0, 0.0, 0.0], 0
evidence number = 8
times imitated = 0
[111.45581, 39.943882, 38.121094, 32.108967, 45.158783, 66.73224, 4.234082, 6.7382274]
6.7934265, [-75.18003, 1.4815166, 23.338453, 0.0, 0.0, 0.0], 0
evidence number = 8
times imitated = 0
[113.95033, 29.711134, 43.76407, 43.380886, 49.02539, 74.78494, 15.321031, 3.2736197]
10.180599, [-40.08735, 34.00724, 25.905409, 0.0, 0.0, 0.0], 0
evidence number = 8
times imitated = 0
[140.92767, 21.622065, 76.7121, 48.28746, 82.85968, 95.3992, 19.12506, 6.433015]
5.504072, [-21.53374, 14.334756, 64.13151, 0.0, 0.0, 0.0], 0
evidence number = 8
times imitated = 0
[88.73813, 20.251232, 23.777039, 64.36288, 2.96286, 1.7951355, 47.687767, 23.914827]
0.0021997008, [0.0, 0.0, 0.0, 38.344627, 23.30536, 38.350014], -1
evidence number = 8
times imitated = 0
[117.10325, 36.902836, 34.226303, 38.80992, 125.79451, 58.137405, 9.397251, 6.047972]
5.3176613, [-73.014854, 0.9249972, 26.060146, 0.0, 0.0, 0.0], 0
evidence number = 7
times imitated = 0
[131.36388, 19.169552, 73.61502, 24.25079, 156.76183, 131.35707, 12.139126, 8.789766]
5.449567E-7, [0.0, 0.0, 0.0, -26.9571, -26.20459, -46.838314], 5
evidence number = 7
times imitated = 0
[170.23074, 3.8651397, 43.86876, 45.824753, 54.58403, 43.217667, 14.441246, 5.048538]
6.976543, [-37.768383, -11.247046, 50.984566, 0.0, 0.0, 0.0], 0
evidence number = 7
times imitated = 0
[165.03476, 3.2109075, 45.130203, 50.637787, 55.449265, 121.5038, 15.107259, 6.2564945]
4.7369123, [-47.171432, -0.31326428, 52.515305, 0.0, 0.0, 0.0], 0
evidence number = 7
times imitated = 0
[0.34500122, 15.791972, 72.540146, 56.613335, 73.00951, 76.10857, 17.316513, 4.8183656]
7.344005, [-34.319126, -9.012138, -56.66874, 0.0, 0.0, 0.0], 2
evidence number = 7
times imitated = 2
[120.37761, 23.202572, 140.46642, 56.701576, 160.0218, 141.94789, 46.25599, 34.17608]
0.0, [0.0, 0.0, 0.0, -39.982597, -20.034803, -39.982597], 3
evidence number = 7
times imitated = 1
[31.47033, 42.89333, 44.713226, 22.732077, 71.19605, 45.770416, 4.915531, 3.5281644]
0.0, [0.0, 0.0, 0.0, -34.974487, -18.194128, 46.831387], 3
evidence number = 7
times imitated = 0
[98.24871, 42.89333, 22.065155, 22.732077, 149.2826, 65.088684, 6.417801, 3.494257]
0.0, [0.0, 0.0, 0.0, 34.883083, 5.363851, -59.75306], 5
evidence number = 7
times imitated = 0
[164.43335, 25.34704, 94.03125, 52.57786, 97.815765, 81.83223, 23.202679, 26.532991]
6.765126E-4, [0.0, 0.0, 0.0, -41.394527, -17.212399, -41.393074], 3
evidence number = 6
times imitated = 0
[168.92233, 13.349067, 24.518127, 40.322495, 71.79541, 47.638855, 4.0586147, 9.888449]
9.644485, [-45.628033, 5.092587, 49.279377, 0.0, 0.0, 0.0], 0
evidence number = 6
times imitated = 1
[22.407562, 10.670166, 23.562042, 63.199493, 23.149323, 22.787598, 28.215809, 15.70362]
0.0, [0.0, 0.0, 0.0, 42.651577, 14.291428, 43.05699], -1
evidence number = 6
times imitated = 0
[13.513367, 46.464096, 18.66977, 58.514183, 17.66632, 18.442932, 4.9772563, 17.487019]
0.7397932, [-33.299465, -33.313705, -33.38683, 0.0, 0.0, 0.0], -1
evidence number = 6
times imitated = 0
[91.395096, 47.12149, 97.44948, 58.796368, 130.89247, 109.41676, 9.926342, 21.358786]
3.0679078, [-13.301717, 55.9218, -30.776485, 0.0, 0.0, 0.0], 2
evidence number = 6
times imitated = 0
[125.1962, 42.549953, 135.83926, 52.08798, 64.52583, 107.406204, 2.3132784, 32.891243]
0.0, [0.0, 0.0, 0.0, 36.24742, 27.503895, 36.24868], -1
evidence number = 6
times imitated = 0
[121.18443, 54.131767, 39.832397, 44.389572, 54.06079, 42.113068, 3.856953, 16.259789]
8.92894, [-50.954193, 11.916877, 37.128925, 0.0, 0.0, 0.0], 0
evidence number = 6
times imitated = 0
[141.26175, 49.132607, 59.04532, 49.178616, 113.97098, 86.77661, 6.6258163, 16.772482]
4.4133077, [-40.925114, 8.837969, 50.236916, 0.0, 0.0, 0.0], 0
evidence number = 6
times imitated = 0
[148.9005, 17.935566, 83.00525, 52.012505, 106.19391, 84.70599, 6.8349776, 17.362335]
10.796194, [8.144424, 38.58095, 53.27462, 0.0, 0.0, 0.0], -1
evidence number = 6
times imitated = 0
[144.28914, 12.696279, 41.904785, 31.432217, 51.1615, 54.50055, 4.4099665, 7.890259]
8.591576, [-37.571064, 6.4032726, 56.025665, 0.0, 0.0, 0.0], 0
evidence number = 6
times imitated = 0
[144.47876, 12.214387, 42.19937, 32.449524, 57.510895, 81.13818, 4.6896925, 7.842817]
3.510171, [-39.90252, -11.16423, 48.933247, 0.0, 0.0, 0.0], 0
evidence number = 6
times imitated = 0
[30.448883, 6.7815027, 59.89987, 53.30833, 59.247375, 80.74332, 16.014296, 3.5744762]
8.82346, [-44.291763, 33.557472, 22.150764, 0.0, 0.0, 0.0], 0
evidence number = 6
times imitated = 1
[30.760635, 23.202572, 50.84944, 56.701576, 62.625107, 52.033585, 27.60926, 14.984222]
0.0, [0.0, 0.0, 0.0, -57.91025, -29.5023, 12.587452], 3
evidence number = 6
times imitated = 0
[39.93632, 41.987625, 40.064693, 20.746363, 42.307217, 45.134487, 8.077096, 2.352334]
9.206987, [-27.021238, 38.2854, -34.69336, 0.0, 0.0, 0.0], 2
evidence number = 6
times imitated = 0
[179.43402, 10.856985, 108.913635, 44.503902, 110.05902, 108.451996, 17.649178, 4.940845]
6.593947, [17.709679, 29.088518, 53.201805, 0.0, 0.0, 0.0], -1
evidence number = 6
times imitated = 0
[24.74556, 4.7679696, 128.21643, 28.728294, 124.11774, 126.0148, 4.91268, 8.912063]
2.8437603, [39.524254, 40.84314, -19.632608, 0.0, 0.0, 0.0], 2
evidence number = 6
times imitated = 0
[28.776962, 4.7674947, 74.688644, 28.72945, 35.921005, 56.51071, 5.2076974, 8.6819515]
7.7715225E-4, [0.0, 0.0, 0.0, 39.49238, 30.249327, -30.258295], 5
evidence number = 6
times imitated = 1
[39.355293, 6.6042047, 130.69122, 28.730057, 73.37914, 101.49471, 6.276793, 9.314304]
7.4705825E-4, [0.0, 0.0, 0.0, -66.41759, -22.380632, 11.201777], 3
evidence number = 6
times imitated = 1
[108.16597, 20.252043, 43.20085, 64.361404, 26.095993, 26.593948, 36.026226, 12.114474]
0.0021466117, [0.0, 0.0, 0.0, 39.489502, 24.385263, 36.125233], -1
evidence number = 6
times imitated = 0
[14.863586, 23.462393, 3.0664062, 28.554596, 49.89048, 72.39209, 20.48217, 3.8689306]
3.968173, [-50.964443, -6.2854595, -42.75009, 0.0, 0.0, 0.0], 0
evidence number = 5
times imitated = 0
[86.41048, 26.355213, 57.2751, 46.64258, 105.9507, 121.64308, 35.31883, 10.763237]
3.5584419, [-57.515804, 35.73506, -6.7491307, 0.0, 0.0, 0.0], 0
evidence number = 5
times imitated = 0
[163.56097, 20.704659, 47.44931, 23.754412, 164.49347, 138.175, 10.494401, 6.229938]
0.0, [0.0, 0.0, 0.0, -28.160677, -43.67863, -28.16069], 4
evidence number = 5
times imitated = 0
[54.435303, 9.580101, 54.861877, 63.199493, 54.756348, 41.911804, 19.440742, 9.89733]
9.879848, [-74.00152, -24.50099, -1.4974979, 0.0, 0.0, 0.0], 0
evidence number = 5
times imitated = 0
[0.3387146, 45.684536, 5.560089, 57.739384, 5.5331116, 5.5510254, 4.6178737, 17.113894]
2.05891, [-33.32562, -33.01826, -33.656116, 0.0, 0.0, 0.0], 2
evidence number = 5
times imitated = 0
[138.82599, 43.474976, 149.11151, 53.118107, 150.4884, 145.5982, 6.028446, 19.384361]
0.0, [0.0, 0.0, 0.0, -40.384045, -19.231913, -40.384045], 3
evidence number = 5
times imitated = 0
[125.47098, 53.07469, 44.313477, 45.94364, 45.901306, 44.763733, 4.92941, 17.417143]
5.74424, [-44.110348, -27.090696, 28.798958, 0.0, 0.0, 0.0], 0
evidence number = 5
times imitated = 0
[159.54912, 41.992554, 72.11461, 51.05515, 128.0785, 83.729996, 5.5784297, 15.997657]
4.504968, [-13.450696, 30.77192, 55.77738, 0.0, 0.0, 0.0], 0
evidence number = 5
times imitated = 0
[166.52707, 35.66572, 103.30052, 53.800365, 150.84904, 128.39806, 11.910971, 22.902342]
0.002174378, [0.0, 0.0, 0.0, -42.872208, -32.35373, -24.774065], 3
evidence number = 5
times imitated = 0
[93.877815, 17.281504, 135.79245, 52.096863, 179.41098, 135.876, 19.232063, 20.966158]
0.0, [0.0, 0.0, 0.0, -39.988346, -20.023317, 39.988335], 3
evidence number = 5
times imitated = 0
[31.683517, 17.281504, 162.01324, 52.096863, 112.367165, 161.82574, 31.01141, 31.216753]
0.0, [0.0, 0.0, 0.0, -29.738504, -14.759236, 55.50226], 3
evidence number = 5
times imitated = 1
[129.47469, 13.598557, 57.095062, 28.164011, 111.90236, 79.04294, 4.1474643, 7.0540595]
6.837843, [-21.0664, 38.332363, 40.60124, 0.0, 0.0, 0.0], 0
evidence number = 5
times imitated = 0
[137.04373, 13.013873, 46.22824, 34.17669, 75.757416, 130.26683, 7.8481593, 13.401528]
2.3321733, [-43.853672, 11.247134, 44.899197, 0.0, 0.0, 0.0], 0
evidence number = 5
times imitated = 0
[179.50851, 11.78137, 62.186646, 36.97355, 90.98959, 158.21387, 13.490306, 11.090727]
5.8752546, [-26.369057, 45.431675, 28.199276, 0.0, 0.0, 0.0], 0
evidence number = 5
times imitated = 0
[46.63552, 19.863295, 99.71725, 53.542583, 95.667595, 96.2163, 20.022905, 27.67599]
0.0, [0.0, 0.0, 0.0, -59.378307, -29.06813, 11.553565], 3
evidence number = 5
times imitated = 3
[16.02472, 4.768575, 87.43616, 28.728842, 72.42146, 83.1427, 4.8053503, 8.842017]
7.7185547E-4, [0.0, 0.0, 0.0, 47.865955, 24.357267, 27.776775], -1
evidence number = 5
times imitated = 0
[113.96477, 40.147575, 24.719208, 30.550205, 67.327545, 148.21762, 4.6498523, 3.478409]
8.499645, [-42.200752, 34.414597, 23.384655, 0.0, 0.0, 0.0], 0
evidence number = 4
times imitated = 0
[89.51376, 26.092506, 55.991913, 44.44657, 106.65555, 107.951324, 36.264923, 5.8931956]
3.814697E-6, [0.0, 0.0, 0.0, -30.983782, -38.032448, -30.983772], 4
evidence number = 4
times imitated = 0
[165.53589, 15.813488, 47.051407, 40.322536, 157.9874, 70.18196, 11.221593, 9.8865795]
1.192093E-5, [0.0, 0.0, 0.0, -61.686718, -30.85402, -7.4592605], 3
evidence number = 4
times imitated = 0
[137.80739, 19.841057, 0.015350342, 25.335411, 103.020485, 3.794464, 8.108224, 4.4678645]
9.795213, [-37.795227, 27.040594, 35.164177, 0.0, 0.0, 0.0], 0
evidence number = 4
times imitated = 0
[162.647, 19.583984, 27.183441, 25.867802, 144.80487, 64.10048, 13.030768, 4.8445997]
6.085419, [-47.21799, 11.155972, 41.62604, 0.0, 0.0, 0.0], 0
evidence number = 4
times imitated = 0
[166.91086, 18.358587, 45.182404, 28.408268, 167.83632, 99.877075, 10.81538, 6.9903345]
3.2804132, [-28.956266, 31.45103, 39.592697, 0.0, 0.0, 0.0], 0
evidence number = 4
times imitated = 0
[166.66254, 13.125717, 60.431854, 41.6908, 103.00367, 140.23633, 9.378607, 19.581066]
0.0019607078, [0.0, 0.0, 0.0, -28.039497, -24.736582, -47.22392], 5
evidence number = 4
times imitated = 0
[158.44131, 10.392715, 53.952667, 48.12309, 72.4104, 144.5574, 14.188022, 15.990451]
8.319958, [-26.105515, 26.048267, 47.84622, 0.0, 0.0, 0.0], 0
evidence number = 4
times imitated = 1
[80.87559, 13.872344, 48.074524, 34.533615, 77.11639, 125.19858, 8.265649, 12.508239]
0.0, [0.0, 0.0, 0.0, -25.305138, -28.334982, -46.359886], 5
evidence number = 4
times imitated = 0
[44.060974, 30.500454, 45.889923, 43.3792, 51.672394, 45.060272, 14.631991, 4.989283]
11.426467, [-44.968475, 13.538631, -41.49289, 0.0, 0.0, 0.0], 0
evidence number = 4
times imitated = 0
[101.43538, 43.99214, 110.59389, 54.30244, 136.8665, 117.323166, 6.7878027, 18.68527]
6.158204, [28.086266, 51.176804, 20.736933, 0.0, 0.0, 0.0], -1
evidence number = 4
times imitated = 0
[152.7443, 42.54999, 163.38602, 52.08798, 163.88852, 151.00409, 5.087088, 21.33551]
1.1384733, [34.967834, 33.77384, 31.258324, 0.0, 0.0, 0.0], -1
evidence number = 4
times imitated = 0
[102.13402, 68.50032, 31.838318, 27.477863, 77.82921, 59.228104, 7.8361864, 4.5626826]
0.0, [0.0, 0.0, 0.0, -17.916063, -18.617231, -63.46671], 5
evidence number = 4
times imitated = 0
[122.87718, 59.99528, 42.22586, 35.699924, 156.1218, 68.25964, 8.206916, 9.365904]
4.352308, [-37.39577, 29.309984, 33.294243, 0.0, 0.0, 0.0], 0
evidence number = 4
times imitated = 0
[149.68048, 17.281504, 79.98979, 52.096863, 110.73985, 79.9868, 9.379254, 17.435154]
7.4826727, [-4.3482122, 27.250662, 68.40112, 0.0, 0.0, 0.0], 0
evidence number = 4
times imitated = 0
[174.7198, 6.8621197, 50.994904, 42.86922, 57.429626, 90.56198, 15.416727, 3.7289174]
12.377303, [-24.665562, 24.331095, 51.00334, 0.0, 0.0, 0.0], 0
evidence number = 4
times imitated = 0
[28.413498, 20.595085, 8.293549, 56.701576, 8.109802, 8.753082, 17.405851, 4.8993936]
0.0, [0.0, 0.0, 0.0, 50.916283, 25.450819, -23.6329], 5
evidence number = 4
times imitated = 0
[68.374115, 32.28475, 80.37593, 12.528727, 141.08873, 166.21931, 9.436497, 13.570131]
4.7683713E-7, [0.0, 0.0, 0.0, -39.999237, -20.00152, 39.999245], 3
evidence number = 4
times imitated = 0
[88.31912, 42.891296, 11.39444, 21.760227, 11.99527, 14.064514, 8.252718, 2.718704]
0.014999709, [0.0, 0.0, 0.0, 37.119125, 17.982552, -44.898327], 5
evidence number = 4
times imitated = 0
[106.674225, 39.37525, 33.6604, 33.246777, 47.58893, 103.06435, 5.2865543, 7.736448]
1.474376, [-55.221153, -17.323507, 27.455341, 0.0, 0.0, 0.0], 0
evidence number = 4
times imitated = 0
[128.74539, 15.061023, 111.8161, 44.285263, 121.09024, 118.85538, 19.021791, 9.813748]
1.1394572, [19.133244, 33.93397, 46.932785, 0.0, 0.0, 0.0], -1
evidence number = 4
times imitated = 0
[2.6361907, 3.2416708, 93.00025, 27.665424, 77.69511, 80.42863, 4.514027, 8.87332]
1.223833, [42.8083, 44.263832, 12.927871, 0.0, 0.0, 0.0], -1
evidence number = 4
times imitated = 0
[121.078, 45.445183, 30.550446, 20.741768, 96.78375, 161.8081, 2.4028912, 10.22118]
0.001500015, [0.0, 0.0, 0.0, -26.694855, -46.609158, -26.695984], 4
evidence number = 3
times imitated = 0
[124.59705, 45.4446, 34.06888, 20.74254, 140.00104, 171.80301, 4.20452, 14.110276]
0.0014988714, [0.0, 0.0, 0.0, -33.609543, -32.779343, -33.61111], 5
evidence number = 3
times imitated = 0
[111.61159, 38.203136, 25.137848, 34.890244, 69.42343, 55.949615, 5.2034397, 2.3238516]
7.270043, [-49.746014, 27.746761, 22.507229, 0.0, 0.0, 0.0], 0
evidence number = 3
times imitated = 0
[125.25464, 28.18256, 46.44873, 47.286484, 106.83084, 55.74411, 3.8364348, 14.258723]
10.961131, [-39.109562, 20.673546, 40.216896, 0.0, 0.0, 0.0], 0
evidence number = 3
times imitated = 0
[24.712158, 14.102122, 16.981262, 20.799345, 60.882446, 147.81866, 6.920198, 2.9569592]
5.748299, [-41.02111, 25.623522, -33.355366, 0.0, 0.0, 0.0], 0
evidence number = 3
times imitated = 0
[58.644592, 23.166685, 38.901917, 28.55629, 101.195786, 156.45099, 31.687279, 10.187787]
0.0014557444, [0.0, 0.0, 0.0, -34.323307, -27.5964, -38.080296], 5
evidence number = 3
times imitated = 0
[35.943466, 11.0906, 33.190536, 55.400337, 24.149765, 13.743332, 12.131577, 27.892965]
12.750161, [-54.6996, -39.08879, -6.211609, 0.0, 0.0, 0.0], 0
evidence number = 3
times imitated = 1
[29.171463, 11.0906, 26.418533, 55.400337, 15.796204, 3.2875671, 16.588852, 31.973297]
5.5543694, [-35.032494, -39.384647, -25.582853, 0.0, 0.0, 0.0], 1
evidence number = 3
times imitated = 0
[150.78052, 13.79383, 35.756287, 32.45699, 152.3202, 76.38339, 5.8023076, 8.819143]
8.999832, [-31.727276, 28.377426, 39.895294, 0.0, 0.0, 0.0], 0
evidence number = 3
times imitated = 0
[149.15747, 12.852141, 65.715515, 53.228893, 116.42078, 160.8664, 16.234518, 13.702953]
0.0033331756, [0.0, 0.0, 0.0, -41.44289, -17.046785, -41.510326], 5
evidence number = 3
times imitated = 0
[50.874695, 10.671849, 52.027863, 63.199493, 51.707306, 51.381073, 28.28879, 15.750021]
0.0, [0.0, 0.0, 0.0, -39.18597, -22.787643, -38.026382], 3
evidence number = 3
times imitated = 0
[39.55362, 12.11372, 18.398438, 34.533615, 32.816803, 70.281166, 6.0231714, 8.839319]
0.0, [0.0, 0.0, 0.0, -25.136618, -63.569176, 11.294203], 4
evidence number = 3
times imitated = 1
[48.396423, 30.499165, 50.22589, 43.377888, 62.992523, 49.39264, 12.347344, 4.987319]
3.1536727, [-38.165043, -23.132511, -38.702446, 0.0, 0.0, 0.0], 2
evidence number = 3
times imitated = 0
[38.526184, 38.24883, 43.121338, 50.68854, 114.77992, 53.19403, 3.4667537, 13.845499]
7.5737724, [-38.488117, 21.174715, -40.337162, 0.0, 0.0, 0.0], 2
evidence number = 3
times imitated = 0
[91.89967, 43.474976, 102.185196, 53.118107, 102.75731, 102.320755, 4.921756, 17.445341]
7.2475924, [31.404316, 52.81529, 15.780396, 0.0, 0.0, 0.0], -1
evidence number = 3
times imitated = 0
[126.182755, 68.50032, 55.887054, 27.477863, 127.66162, 107.8436, 9.868671, 5.142623]
0.0, [0.0, 0.0, 0.0, -32.608444, -34.78311, -32.608444], 4
evidence number = 3
times imitated = 0
[133.17825, 53.07354, 52.020477, 45.94473, 88.3522, 61.153687, 4.4668775, 16.104376]
0.0024079233, [0.0, 0.0, 0.0, -36.240417, -27.517822, -36.241756], 5
evidence number = 3
times imitated = 0
[21.799076, 17.281504, 152.12881, 52.096863, 101.21625, 151.90063, 36.941193, 37.191944]
0.0, [0.0, 0.0, 0.0, 36.489616, 18.387405, 45.122982], -1
evidence number = 3
times imitated = 0
[37.51358, 3.5678573, 2.2763977, 17.856087, 3.57312, 15.144562, 11.359502, 6.455313]
1.8207475, [37.703545, 37.215275, 25.08118, 0.0, 0.0, 0.0], -1
evidence number = 3
times imitated = 0
[36.719936, 42.889584, 40.25356, 21.701414, 39.969135, 39.184437, 8.638697, 3.1400778]
3.3068962, [-38.444134, -25.14207, -36.413795, 0.0, 0.0, 0.0], 0
evidence number = 3
times imitated = 0
[85.00506, 42.89333, 8.821503, 22.732077, 12.368408, 7.7501526, 7.875844, 3.5301135]
1.0586975, [-50.092064, -49.72661, -0.18132238, 0.0, 0.0, 0.0], 0
evidence number = 3
times imitated = 0
[130.3053, 36.90445, 56.12805, 35.166046, 97.36136, 162.41171, 10.395983, 12.095794]
2.195384, [-28.751036, 33.84243, 37.406532, 0.0, 0.0, 0.0], 0
evidence number = 3
times imitated = 0
[104.583374, 28.617786, 37.95935, 46.007362, 39.1622, 36.775085, 17.403187, 5.021852]
9.53468, [-53.486, -13.156028, 33.357967, 0.0, 0.0, 0.0], 0
evidence number = 3
times imitated = 0
[130.3561, 28.617786, 63.73207, 46.007362, 76.09389, 121.931625, 16.796955, 7.2153745]
0.0, [0.0, 0.0, 0.0, -28.828716, -42.342567, -28.828716], 4
evidence number = 3
times imitated = 0
[173.59613, 21.622065, 109.380554, 48.28746, 121.545105, 141.93295, 21.29903, 8.971887]
0.0, [0.0, 0.0, 0.0, -35.243626, -29.51275, -35.243626], 3
evidence number = 3
times imitated = 0
[23.078503, 3.2416708, 113.442566, 27.665424, 126.34808, 100.871185, 3.6401143, 8.873288]
0.572913, [27.823942, 31.727562, 40.448494, 0.0, 0.0, 0.0], -1
evidence number = 3
times imitated = 0
[118.474365, 42.684998, 27.10019, 25.279985, 99.04463, 166.63617, 3.2889433, 8.934859]
3.7959151, [-38.203217, 37.739113, 24.05767, 0.0, 0.0, 0.0], 0
evidence number = 2
times imitated = 0
[135.02501, 36.902836, 52.148056, 38.80992, 160.24341, 94.999374, 14.349104, 8.525309]
0.0, [0.0, 0.0, 0.0, -33.695988, -32.608013, -33.696], 5
evidence number = 2
times imitated = 0
[130.53703, 31.753252, 48.123825, 43.207054, 149.80763, 73.10631, 7.61693, 11.949022]
5.625649, [-32.782635, 28.004356, 39.213005, 0.0, 0.0, 0.0], 0
evidence number = 2
times imitated = 1
[27.95401, 19.361895, 14.876831, 25.24613, 54.007782, 45.47003, 10.281695, 2.339081]
11.955446, [-45.433342, 19.473785, -35.092873, 0.0, 0.0, 0.0], 0
evidence number = 2
times imitated = 0
[31.493683, 22.338663, 12.447327, 27.269102, 55.675873, 40.610657, 13.452987, 3.029154]
10.812169, [-50.73182, 10.754681, -38.513496, 0.0, 0.0, 0.0], 0
evidence number = 2
times imitated = 0
[16.010376, 23.462944, 1.9194336, 28.55504, 54.26093, 100.27173, 23.262789, 5.951644]
0.2707383, [-52.52938, -1.4432536, -46.027367, 0.0, 0.0, 0.0], -1
evidence number = 2
times imitated = 0
[41.128754, 23.463745, 23.19925, 28.555681, 82.94293, 140.36679, 27.489702, 9.9980135]
0.0014884348, [0.0, 0.0, 0.0, -23.375948, -48.603245, -28.020802], 4
evidence number = 2
times imitated = 0
[46.852997, 22.178816, 5.7316895, 39.288708, 63.105347, 14.639191, 33.49589, 1.5816816]
0.79527897, [-97.273415, -2.5479848, 0.17860566, 0.0, 0.0, 0.0], -1
evidence number = 2
times imitated = 0
[69.68732, 26.092499, 36.165436, 44.44656, 86.82422, 49.873657, 36.265858, 4.800569]
0.0, [0.0, 0.0, 0.0, -27.809727, -19.094723, -53.09555], 5
evidence number = 2
times imitated = 0
[153.35062, 10.570761, 44.75299, 44.48907, 141.32733, 47.948364, 5.950125, 12.849997]
4.619714, [-38.463432, 11.513018, 50.02355, 0.0, 0.0, 0.0], 0
evidence number = 2
times imitated = 0
[106.4673, 6.554758, 38.840775, 48.898693, 74.67372, 31.056412, 3.8262055, 16.861599]
10.390971, [-47.040924, 3.727674, 49.2314, 0.0, 0.0, 0.0], 0
evidence number = 2
times imitated = 0
[173.92586, 20.91042, 48.30316, 25.867802, 168.53818, 109.1929, 14.471313, 6.061655]
0.0, [0.0, 0.0, 0.0, -35.639275, -37.491875, -26.86885], 4
evidence number = 2
times imitated = 0
[129.6634, 10.185146, 33.187927, 36.847927, 91.39675, 64.53293, 2.391934, 11.884241]
12.340883, [-35.861572, 24.925035, 39.213394, 0.0, 0.0, 0.0], 0
evidence number = 2
times imitated = 1
[88.543274, 16.190569, 56.8432, 34.533615, 93.437195, 141.44763, 10.5903845, 14.966877]
0.0, [0.0, 0.0, 0.0, -31.598515, -29.251524, -39.149963], 5
evidence number = 2
times imitated = 0
[45.78131, 30.492805, 47.613464, 43.371395, 161.35165, 87.354675, 12.274908, 8.313316]
0.002710511, [0.0, 0.0, 0.0, 10.671026, -78.65037, 10.678608], 4
evidence number = 2
times imitated = 0
[46.250885, 32.101986, 48.915863, 44.911816, 161.2512, 87.47366, 10.038238, 10.982074]
1.7868425, [-35.758568, 27.291286, -36.950146, 0.0, 0.0, 0.0], 2
evidence number = 2
times imitated = 0
[107.3575, 47.019093, 113.5078, 58.657867, 152.42534, 129.89613, 12.386401, 23.52484]
0.26997286, [6.920319, 81.70723, -11.37245, 0.0, 0.0, 0.0], -1
evidence number = 2
times imitated = 0
[95.96974, 43.474976, 106.255264, 53.118107, 106.82738, 106.39082, 4.921756, 17.445341]
13.72399, [29.102325, 52.337433, 18.560246, 0.0, 0.0, 0.0], -1
evidence number = 2
times imitated = 0
[141.39404, 53.072464, 60.235916, 45.945656, 122.49394, 77.32323, 5.3523526, 15.3340225]
0.002432657, [0.0, 0.0, 0.0, -33.629234, -32.74021, -33.63055], 5
evidence number = 2
times imitated = 0
[159.05011, 32.298042, 105.08014, 52.784554, 154.8558, 130.80484, 11.3500185, 21.820019]
2.3471608, [14.070278, 39.66462, 46.265106, 0.0, 0.0, 0.0], -1
evidence number = 2
times imitated = 0
[47.764854, 18.964064, 21.633026, 24.250786, 74.34181, 38.663815, 8.149462, 3.8499432]
0.0, [0.0, 0.0, 0.0, 6.0036993, -8.971968, -85.02433], 5
evidence number = 2
times imitated = 0
[170.39029, 15.099279, 65.27992, 34.17669, 106.141525, 158.40845, 11.185935, 17.105528]
0.0, [0.0, 0.0, 0.0, -23.929197, -28.17645, -47.894356], 5
evidence number = 2
times imitated = 0
[179.89203, 9.525802, 43.403275, 46.10689, 62.4626, 121.04475, 12.996254, 4.7486095]
0.28354216, [-39.936005, -12.715878, 47.34812, 0.0, 0.0, 0.0], -1
evidence number = 2
times imitated = 0
[34.38437, 22.2742, 8.583435, 56.701576, 6.395447, 8.306152, 18.725563, 5.912131]
0.0, [0.0, 0.0, 0.0, 48.875576, 25.129816, -25.99461], 5
evidence number = 2
times imitated = 1
[118.987, 20.292368, 147.30096, 52.355625, 169.61078, 147.34476, 45.58984, 34.205555]
3.9077237, [36.317707, 39.138664, 24.543629, 0.0, 0.0, 0.0], -1
evidence number = 2
times imitated = 0
[27.443634, 4.6899967, 2.1358643, 19.188438, 3.1613464, 12.498413, 12.689349, 7.7469835]
0.7050112, [36.978165, 36.577393, 26.444445, 0.0, 0.0, 0.0], -1
evidence number = 2
times imitated = 0
[98.85888, 32.28475, 49.891174, 12.528726, 98.94194, 135.7282, 6.328316, 13.569424]
0.0, [0.0, 0.0, 0.0, -39.999996, -19.999998, 40.000008], 3
evidence number = 2
times imitated = 0
[42.40164, 42.889584, 34.571854, 21.701414, 34.287216, 33.50273, 8.638776, 3.1400778]
8.457929, [-49.179386, 0.31595448, -50.50466, 0.0, 0.0, 0.0], 2
evidence number = 2
times imitated = 0
[68.35381, 42.89333, 7.8297424, 22.732077, 1.5330505, 8.901093, 6.5833564, 3.5301135]
0.5593695, [-49.88901, -48.619934, 1.4910492, 0.0, 0.0, 0.0], -1
evidence number = 2
times imitated = 0
[115.486565, 42.89333, 39.30301, 22.732077, 166.51953, 100.7791, 6.418745, 4.2378144]
0.0, [0.0, 0.0, 0.0, -28.733742, -38.133194, -33.133064], 4
evidence number = 2
times imitated = 0
[101.67349, 28.617786, 35.04947, 46.007362, 36.252136, 33.865204, 17.402374, 5.021852]
5.043435, [-46.619087, -31.229374, 22.151535, 0.0, 0.0, 0.0], 0
evidence number = 2
times imitated = 0
[144.40404, 28.617786, 77.780014, 46.007362, 92.57768, 138.9767, 16.754446, 7.6576905]
0.0, [0.0, 0.0, 0.0, -34.473442, -31.053114, -34.473442], 3
evidence number = 2
times imitated = 0
[179.72475, 19.71126, 114.29176, 47.604027, 125.689896, 150.93529, 20.859732, 10.080028]
1.5195441, [17.449757, 34.295197, 48.255047, 0.0, 0.0, 0.0], -1
evidence number = 2
times imitated = 0
[179.788, 14.31703, 107.75433, 45.601048, 113.2626, 130.01038, 18.57699, 6.4066772]
6.001111, [18.400259, 33.892155, 47.70759, 0.0, 0.0, 0.0], -1
evidence number = 2
times imitated = 0
[124.08974, 14.87637, 101.43291, 44.38393, 107.995804, 109.05434, 18.481325, 7.08725]
0.5453348, [17.405792, 24.534107, 58.060097, 0.0, 0.0, 0.0], -1
evidence number = 2
times imitated = 0
[151.24377, 15.061023, 134.31448, 44.285263, 146.2193, 143.58664, 19.600233, 14.247455]
0.0, [0.0, 0.0, 0.0, -39.18032, -21.639355, -39.18032], 3
evidence number = 2
times imitated = 1
[162.71213, 11.445169, 148.3266, 41.149254, 161.27997, 155.53241, 16.345413, 15.321962]
2.6339667, [30.84942, 34.6801, 34.47048, 0.0, 0.0, 0.0], -1
evidence number = 2
times imitated = 0
[5.77124, 3.2321267, 65.06464, 28.47894, 44.746094, 56.299805, 5.9097896, 9.566719]
0.63928735, [50.169247, 41.312847, -8.517905, 0.0, 0.0, 0.0], -1
evidence number = 2
times imitated = 0
[118.82806, 36.902836, 35.95111, 38.80992, 132.99348, 64.993164, 10.520699, 6.4970975]
0.23999149, [-74.154915, -4.143171, 21.701914, 0.0, 0.0, 0.0], -1
evidence number = 1
times imitated = 0
[125.44219, 36.902836, 42.565247, 38.80992, 144.00124, 76.03409, 11.708489, 6.9903746]
0.0, [0.0, 0.0, 0.0, -30.015902, -39.9682, -30.015902], 4
evidence number = 1
times imitated = 0
[138.54828, 36.537094, 55.58789, 39.089027, 163.70999, 101.05267, 13.879085, 9.677045]
0.49039274, [-30.070993, 30.764706, 39.1643, 0.0, 0.0, 0.0], -1
evidence number = 1
times imitated = 0
[112.21686, 25.345814, 41.813812, 52.577095, 44.490692, 35.753967, 11.247903, 20.961428]
1.2585441, [-49.031246, -49.178745, 1.7900089, 0.0, 0.0, 0.0], 1
evidence number = 1
times imitated = 0
[117.43643, 25.345928, 47.0336, 52.57719, 49.956543, 40.16043, 12.709222, 21.530872]
0.30031514, [-49.18823, -49.48964, -1.3221302, 0.0, 0.0, 0.0], -1
evidence number = 1
times imitated = 0
[123.1969, 25.346062, 52.79431, 52.57729, 55.92581, 44.479248, 14.280458, 22.668585]
6.7256694E-4, [0.0, 0.0, 0.0, -41.4066, -17.188368, -41.40503], 3
evidence number = 1
times imitated = 0
[173.43382, 25.347425, 103.03102, 52.577965, 106.87862, 90.83159, 24.671818, 26.533356]
6.766788E-4, [0.0, 0.0, 0.0, -40.229286, -19.54066, -40.23005], 5
evidence number = 1
times imitated = 0
[2.8020325, 4.3905225, 15.156738, 12.726009, 102.7679, 150.91154, 4.179791, 6.972302]
1.7613138, [-50.13432, 19.459879, -30.405802, 0.0, 0.0, 0.0], 0
evidence number = 1
times imitated = 0
[14.289886, 4.427693, 25.166473, 12.726009, 112.78068, 162.67706, 4.179748, 7.5038476]
0.9535094, [-48.564087, 18.675371, -32.760544, 0.0, 0.0, 0.0], -1
evidence number = 1
times imitated = 0
[17.09137, 5.2543736, 22.928284, 13.326447, 106.87526, 162.95776, 4.0667872, 7.8033977]
1.1555893, [-41.912132, 25.822206, -32.26566, 0.0, 0.0, 0.0], 0
evidence number = 1
times imitated = 0
[64.40582, 23.097338, 42.73416, 29.021648, 105.40745, 159.64854, 32.88153, 9.638464]
0.6001018, [-42.804928, 30.874352, -26.32072, 0.0, 0.0, 0.0], -1
evidence number = 1
times imitated = 0
[52.509003, 26.092499, 18.987122, 44.44656, 69.64386, 18.621674, 36.266235, 5.0095954]
0.41985157, [-37.16856, -31.126686, -31.704754, 0.0, 0.0, 0.0], -1
evidence number = 1
times imitated = 0
[79.213104, 26.092499, 45.691223, 44.44656, 96.35095, 67.9866, 36.265697, 4.8199964]
0.0, [0.0, 0.0, 0.0, -35.7866, -28.426805, -35.7866], 3
evidence number = 1
times imitated = 0
[86.680725, 26.113935, 53.654785, 44.69996, 104.1069, 112.137054, 36.15771, 6.6116543]
0.42972717, [-61.078053, 33.816555, -5.1053925, 0.0, 0.0, 0.0], -1
evidence number = 1
times imitated = 0
[92.92557, 26.355413, 63.79019, 46.642696, 112.466156, 131.3948, 35.318905, 12.084767]
0.77803105, [-53.607006, 38.379967, -8.013021, 0.0, 0.0, 0.0], -1
evidence number = 1
times imitated = 0
[101.50792, 26.355564, 72.37251, 46.64278, 121.04884, 142.42311, 35.31897, 13.340617]
0.0010090758, [0.0, 0.0, 0.0, -33.19608, -33.60784, -33.19608], 4
evidence number = 1
times imitated = 0
[82.243774, 26.080145, 71.24341, 52.01851, 111.09033, 70.95212, 28.251968, 15.300918]
0.8395679, [-58.537144, -9.76326, -31.699598, 0.0, 0.0, 0.0], -1
evidence number = 1
times imitated = 0
[141.28395, 20.704777, 25.172089, 23.754412, 100.80832, 52.794006, 6.2685494, 3.0372334]
0.4200009, [-50.01008, -21.633984, 28.355938, 0.0, 0.0, 0.0], -1
evidence number = 1
times imitated = 0
[146.4248, 20.704788, 30.312927, 23.754412, 117.560974, 72.272675, 7.072381, 3.1033874]
0.0, [0.0, 0.0, 0.0, -30.417055, -39.165775, -30.417171], 4
evidence number = 1
times imitated = 0
[167.5491, 13.349256, 23.147125, 40.322495, 80.69522, 46.267853, 4.2649393, 9.888449]
0.6598679, [-41.129215, -16.546162, 42.324627, 0.0, 0.0, 0.0], -1
evidence number = 1
times imitated = 0
[179.00989, 13.671507, 41.69194, 40.322495, 148.97064, 64.81526, 10.5260935, 9.887945]
0.0, [0.0, 0.0, 0.0, -47.532864, -23.76988, -28.697262], 3
evidence number = 1
times imitated = 0
[162.1437, 15.781163, 47.849762, 40.684654, 158.33447, 68.62695, 10.716298, 10.071291]
0.5421014, [-35.399925, 15.65307, 48.947002, 0.0, 0.0, 0.0], -1
evidence number = 1
times imitated = 0
[32.953476, 11.0906, 30.200546, 55.400337, 19.210907, 6.0651093, 18.050709, 33.327633]
0.8999304, [-33.012924, -37.539944, -29.447142, 0.0, 0.0, 0.0], -1
evidence number = 1
times imitated = 0
[45.572495, 11.0906, 42.819565, 55.400337, 30.615402, 14.817673, 25.435835, 39.94415]
0.0, [0.0, 0.0, 0.0, -42.611206, -14.777587, -42.611206], 3
evidence number = 1
times imitated = 0
[152.5501, 30.397491, 4.5987244, 12.661024, 131.36131, 179.76901, 9.5840845, 6.532862]
0.0018309007, [0.0, 0.0, 0.0, 33.123547, -22.291138, -44.585316], 5
evidence number = 1
times imitated = 0
[156.37132, 29.866709, 9.805725, 13.459257, 136.63065, 178.93324, 10.041534, 5.937601]
0.81048346, [-35.624428, 31.510115, 32.86546, 0.0, 0.0, 0.0], -1
evidence number = 1
times imitated = 0
[157.30743, 27.735674, 12.764648, 16.129055, 134.67348, 175.14618, 9.350384, 3.699926]
3.5422635, [-35.45263, 31.69204, 32.855335, 0.0, 0.0, 0.0], 0
evidence number = 1
times imitated = 0
[165.92383, 19.876074, 33.03528, 25.867802, 153.2703, 78.27981, 14.471313, 5.1068897]
0.53252447, [-56.96321, -5.537019, 37.49977, 0.0, 0.0, 0.0], -1
evidence number = 1
times imitated = 0
[127.98909, 8.348058, 28.190613, 41.689625, 48.16638, 87.51154, 5.971471, 15.397495]
0.78163505, [-49.35309, -18.340694, 32.306213, 0.0, 0.0, 0.0], -1
evidence number = 1
times imitated = 0
[166.96967, 14.597383, 60.7424, 41.69105, 107.33101, 143.49799, 10.661309, 20.62457]
0.0018749336, [0.0, 0.0, 0.0, -34.280296, -31.678646, -34.041058], 3
evidence number = 1
times imitated = 0
[168.39017, 14.9518385, 61.85518, 42.269833, 107.44266, 146.84502, 11.669406, 20.77885]
1.1501203, [-25.189692, 27.893362, 46.916946, 0.0, 0.0, 0.0], 0
evidence number = 1
times imitated = 0
[139.56465, 7.771464, 56.12558, 53.22731, 97.29822, 155.99847, 15.475876, 11.717358]
0.18296157, [-40.204067, 24.724663, 35.07127, 0.0, 0.0, 0.0], -1
evidence number = 1
times imitated = 0
[149.54468, 13.672556, 67.02469, 53.55937, 115.870026, 159.48062, 15.853489, 13.939163]
0.84797317, [-20.432507, 36.186882, 43.38061, 0.0, 0.0, 0.0], -1
evidence number = 1
times imitated = 0
[142.12296, 12.4740095, 64.3179, 54.849857, 105.105286, 154.17625, 14.72358, 11.016603]
4.015054, [-21.735529, 35.02454, 43.23993, 0.0, 0.0, 0.0], 0
evidence number = 1
times imitated = 0
[53.88922, 9.580538, 54.31488, 63.199493, 54.176758, 39.764374, 20.16159, 11.325289]
2.2841847, [-34.38565, -37.87063, -27.743721, 0.0, 0.0, 0.0], 1
evidence number = 1
times imitated = 0
[51.26628, 9.580987, 51.690994, 63.199493, 51.52101, 35.874466, 20.929977, 12.817071]
0.5998817, [-32.70748, -37.88292, -29.4096, 0.0, 0.0, 0.0], -1
evidence number = 1
times imitated = 0
[45.47693, 9.581433, 45.90085, 63.199493, 45.70291, 29.76648, 21.65117, 13.401017]
0.0, [0.0, 0.0, 0.0, 36.312683, 27.38408, 36.303238], -1
evidence number = 1
times imitated = 0
[95.281105, 17.277311, 64.87027, 34.53351, 104.3708, 152.25792, 11.941362, 16.227205]
1.3963514E-4, [0.0, 0.0, 0.0, -36.35293, -30.47073, -33.176342], 3
evidence number = 1
times imitated = 0
[96.46478, 17.431404, 68.97272, 34.82795, 108.574394, 156.65903, 13.044705, 15.540624]
0.8401193, [-31.451597, 56.830585, 11.717817, 0.0, 0.0, 0.0], -1
evidence number = 1
times imitated = 0
[94.423035, 17.843662, 73.628174, 35.573387, 109.67083, 161.7338, 13.70025, 13.289774]
3.2357488, [-30.64684, 61.683296, 7.669862, 0.0, 0.0, 0.0], 0
evidence number = 1
times imitated = 0
[51.119812, 30.49873, 52.949463, 43.37744, 70.46326, 52.115814, 11.248535, 4.9864626]
0.23901609, [-35.268456, -28.639381, -36.09216, 0.0, 0.0, 0.0], -1
evidence number = 1
times imitated = 0
[8.29718, 44.187458, 13.63324, 56.256622, 16.1138, 14.066895, 3.6741827, 16.169249]
0.913642, [-33.310436, -32.59573, -34.093838, 0.0, 0.0, 0.0], -1
evidence number = 1
times imitated = 0
[82.36368, 46.464096, 87.52008, 58.514183, 120.63266, 95.39584, 6.7417603, 18.177212]
0.0, [0.0, 0.0, 0.0, -37.502197, -24.995605, -37.502197], 3
evidence number = 1
times imitated = 0
[80.30524, 46.568554, 85.635376, 58.5531, 118.59149, 94.08032, 6.8800406, 18.367245]
0.71996695, [-10.458106, 61.57912, -27.962774, 0.0, 0.0, 0.0], -1
evidence number = 1
times imitated = 0
[97.09375, 43.474976, 107.37927, 53.118107, 107.951385, 107.51483, 4.921756, 17.445341]
0.89989376, [39.555054, 47.076736, 13.368209, 0.0, 0.0, 0.0], -1
evidence number = 1
times imitated = 0
[146.4314, 42.902954, 156.94211, 52.4767, 158.89642, 151.50269, 5.480706, 19.358168]
0.7195513, [34.75716, 34.38307, 30.859768, 0.0, 0.0, 0.0], -1
evidence number = 1
times imitated = 0
[150.73831, 42.54999, 161.38004, 52.08798, 161.76395, 148.14243, 5.066264, 21.70286]
0.41992655, [35.099583, 33.174015, 31.726408, 0.0, 0.0, 0.0], -1
evidence number = 1
times imitated = 0
[131.47537, 68.30131, 60.821594, 27.62285, 138.47495, 117.62553, 10.7129965, 5.396633]
0.2999361, [-27.379757, 35.10585, 37.514393, 0.0, 0.0, 0.0], -1
evidence number = 1
times imitated = 0
[127.808426, 63.921402, 50.536133, 31.12582, 161.72919, 107.2303, 12.291008, 7.6785827]
0.84188855, [-33.26215, 34.244625, 32.49323, 0.0, 0.0, 0.0], -1
evidence number = 1
times imitated = 0
[128.38933, 53.074482, 47.23181, 45.94388, 55.770386, 49.53015, 4.6834936, 17.086153]
0.42989758, [-39.684353, -35.848255, 24.467394, 0.0, 0.0, 0.0], -1
evidence number = 1
times imitated = 0
[136.01083, 53.073223, 54.852966, 45.945038, 100.62213, 66.46771, 4.64255, 15.825237]
0.0022040906, [0.0, 0.0, 0.0, -33.00673, -33.98539, -33.007877], 4
evidence number = 1
times imitated = 0
[148.80746, 49.132435, 66.59099, 49.178745, 129.60661, 94.32283, 7.6960125, 16.772896]
0.9598732, [-44.609806, 8.625009, 46.765182, 0.0, 0.0, 0.0], -1
evidence number = 1
times imitated = 0
[156.37265, 49.132294, 74.15614, 49.178844, 143.20738, 101.888565, 8.878687, 16.77332]
0.061059523, [0.0, 0.0, 0.0, -36.724445, -26.557932, -36.717625], 3
evidence number = 1
times imitated = 0
[155.73341, 35.66672, 65.55815, 53.797935, 91.3741, 74.94841, 6.670112, 18.77469]
0.48152104, [-30.29304, -8.919861, 60.787098, 0.0, 0.0, 0.0], -1
evidence number = 1
times imitated = 0
[142.10861, 17.281504, 87.561646, 52.096863, 121.851166, 87.558655, 10.713864, 17.435133]
0.77984405, [-9.620702, 17.71046, 72.66884, 0.0, 0.0, 0.0], -1
evidence number = 1
times imitated = 0
[24.380074, 17.281504, 154.70981, 52.096863, 104.70676, 154.51163, 32.48729, 32.680847]
0.0, [0.0, 0.0, 0.0, 13.831714, 7.2184267, 78.94986], -1
evidence number = 1
times imitated = 0
[153.93182, 13.363839, 47.273804, 31.432217, 60.48471, 64.79382, 4.2296796, 7.6206355]
0.83976483, [-34.648663, -20.21243, 45.138912, 0.0, 0.0, 0.0], -1
evidence number = 1
times imitated = 0
[139.28323, 12.540154, 41.61136, 32.449524, 61.156555, 90.73853, 4.6675587, 8.183434]
0.37202698, [-43.254715, -8.234231, 48.51105, 0.0, 0.0, 0.0], -1
evidence number = 1
times imitated = 0
[147.92119, 13.547277, 53.16797, 34.17669, 85.69766, 140.8135, 8.490604, 14.465151]
0.83766395, [-41.94059, 14.714353, 43.34506, 0.0, 0.0, 0.0], -1
evidence number = 1
times imitated = 0
[165.98772, 3.9280548, 48.103027, 45.82496, 61.069397, 47.45578, 13.986432, 5.0487366]
0.41007233, [-34.76608, -29.55691, 35.677013, 0.0, 0.0, 0.0], -1
evidence number = 1
times imitated = 0
[156.58667, 3.210295, 53.587692, 50.638165, 65.00334, 129.96242, 14.918325, 6.256517]
0.181408, [-52.404, -4.5269856, 43.069016, 0.0, 0.0, 0.0], -1
evidence number = 1
times imitated = 0
[149.47595, 3.1946714, 60.128937, 50.638546, 72.674225, 136.50482, 14.734114, 6.256547]
0.0018925378, [0.0, 0.0, 0.0, -29.527187, -40.051582, 30.421234], 4
evidence number = 1
times imitated = 0
[123.90594, 2.60883, 66.95201, 50.910084, 78.66374, 139.95781, 14.67734, 5.705919]
0.7038917, [-36.6476, 28.890383, 34.462017, 0.0, 0.0, 0.0], -1
evidence number = 1
times imitated = 0
[20.181168, 21.155071, 12.791565, 56.701576, 12.935852, 12.280151, 17.575197, 5.108674]
0.0, [0.0, 0.0, 0.0, 61.273945, 32.280846, 6.445206], -1
evidence number = 1
times imitated = 0
[24.412567, 22.834637, 2.0683594, 56.701576, 1.1433716, 1.6271057, 19.370111, 6.6284094]
0.0, [0.0, 0.0, 0.0, 39.501537, 22.238443, 38.260017], -1
evidence number = 1
times imitated = 0
[125.838005, 23.011385, 146.3942, 56.431446, 166.38055, 147.78848, 47.38403, 35.37137]
0.32399788, [35.86658, 39.135258, 24.998165, 0.0, 0.0, 0.0], -1
evidence number = 1
times imitated = 0
[97.025276, 19.863295, 150.107, 53.542583, 145.52039, 142.5509, 33.438244, 38.795715]
0.0, [0.0, 0.0, 0.0, -40.541256, -18.917454, -40.54129], 5
evidence number = 1
times imitated = 1
[99.04427, 19.863295, 152.126, 53.542583, 147.50586, 144.34775, 34.892166, 40.25049]
0.0, [0.0, 0.0, 0.0, -40.648697, -18.702625, -40.648674], 3
evidence number = 1
times imitated = 1
[62.96387, 33.317684, 70.72528, 13.186148, 130.36035, 164.483, 7.6155024, 11.109127]
2.5480695, [-17.193907, 55.99768, -26.808409, 0.0, 0.0, 0.0], 2
evidence number = 1
times imitated = 0
[44.695362, 42.889584, 32.278133, 21.701414, 31.993801, 31.209011, 8.638671, 3.1400778]
0.23994943, [-34.748955, -34.75173, -30.499315, 0.0, 0.0, 0.0], -1
evidence number = 1
times imitated = 0
[93.527954, 42.900547, 17.274231, 22.617464, 17.18106, 16.671844, 8.971495, 3.4149928]
0.9390771, [-49.780186, -49.626728, -0.5930828, 0.0, 0.0, 0.0], -1
evidence number = 1
times imitated = 0
[59.50094, 42.89333, 16.682617, 22.732077, 3.7652588, 17.753967, 6.0103908, 3.5301135]
0.0, [0.0, 0.0, 0.0, 5.2163587, -0.2594742, 94.52417], 4
evidence number = 1
times imitated = 0
[112.36555, 39.726612, 39.148224, 32.548004, 44.33316, 72.58411, 4.360589, 6.701632]
0.567084, [-47.498764, -28.978931, 23.522297, 0.0, 0.0, 0.0], -1
evidence number = 1
times imitated = 0
[107.98515, 39.374977, 34.970886, 33.246727, 56.29492, 113.59502, 5.5923023, 8.595773]
0.9077557, [-64.42317, 3.3261955, 32.25063, 0.0, 0.0, 0.0], -1
evidence number = 1
times imitated = 0
[124.66736, 39.37364, 51.651184, 33.246628, 100.3891, 154.41231, 8.584916, 14.407871]
0.001372349, [0.0, 0.0, 0.0, -31.020906, -37.95464, -31.024452], 4
evidence number = 1
times imitated = 0
[129.46506, 39.373394, 56.448517, 33.246586, 110.16823, 161.59384, 9.820531, 15.635915]
0.0013914318, [0.0, 0.0, 0.0, -34.78857, -30.420267, -34.791164], 5
evidence number = 1
times imitated = 0
[107.35666, 28.617786, 40.732635, 46.007362, 41.953735, 39.54837, 17.40016, 5.021852]
0.8396848, [-44.059357, -43.087994, 12.85265, 0.0, 0.0, 0.0], -1
evidence number = 1
times imitated = 0
[147.7379, 21.622065, 83.52232, 48.28746, 91.212814, 106.27443, 19.619009, 6.9744167]
0.83915806, [-32.703472, -6.523891, 60.77264, 0.0, 0.0, 0.0], -1
evidence number = 1
times imitated = 0
[136.59619, 15.061023, 119.6669, 44.285263, 129.87213, 127.66739, 19.217995, 11.317994]
0.5997892, [17.607695, 35.416214, 46.976093, 0.0, 0.0, 0.0], -1
evidence number = 1
times imitated = 0
[159.13222, 15.061031, 142.2028, 44.285263, 154.93361, 151.93678, 19.797762, 15.712455]
0.0, [0.0, 0.0, 0.0, -39.31776, -21.364353, -39.317886], 5
evidence number = 1
times imitated = 0
[17.43811, 4.7680664, 120.90704, 28.728409, 116.80882, 118.704926, 4.9127293, 8.912164]
0.1200762, [35.47853, 33.773327, -30.74814, 0.0, 0.0, 0.0], -1
evidence number = 1
times imitated = 0
[156.4928, 20.253736, 91.52411, 64.36028, 79.22162, 84.08426, 27.51177, 6.7217183]
0.0021114892, [0.0, 0.0, 0.0, 56.181305, 33.537, 10.281694], -1
evidence number = 1
times imitated = 0
[88.52127, 20.250767, 23.56189, 64.36345, 1.7363281, 0.6647949, 52.35317, 28.623652]
0.0023061037, [0.0, 0.0, 0.0, 0.0, 0.0, 0.0], -1
evidence number = 1
times imitated = 0
total contexts =235total imitated =23

NONPOS CONTEXTS:
[23.068329, 5.7567234, 175.15097, 13.584751, 32.275223, 27.865719, 1.6491456, 6.205617]
0.0, [0.0, 0.0, 0.0, -49.652863, 5.0966954, 45.25044], 3
evidence number = 18
times imitated = 1
[127.690865, 6.607595, 140.9777, 28.731197, 160.39333, 135.19353, 9.962436, 9.316225]
7.735923E-4, [0.0, 0.0, 0.0, 7.5493746, -19.658522, -72.79211], 5
evidence number = 13
times imitated = 1
[138.72974, 25.955437, 33.638855, 7.0871305, 123.80266, 128.56516, 31.317877, 19.398193]
0.0, [0.0, 0.0, 0.0, 43.0724, -18.953684, -37.97392], -1
evidence number = 12
times imitated = 0
[65.78669, 15.406059, 1.2973938, 50.445824, 41.267097, 14.61416, 10.090355, 20.671415]
10.403095, [-63.476078, -33.547234, 2.9766867, 0.0, 0.0, 0.0], 0
evidence number = 11
times imitated = 2
[6.726872, 51.94593, 174.08289, 4.844589, 44.2506, 100.68955, 27.786024, 6.2624354]
0.24729088, [37.394146, -25.380663, -37.225193, 0.0, 0.0, 0.0], -1
evidence number = 10
times imitated = 0
[29.86457, 18.741137, 57.893314, 53.542583, 55.04225, 56.2312, 17.08524, 24.753897]
0.0060001235, [0.0, 0.0, 0.0, -51.895435, -23.930172, 24.174395], 3
evidence number = 10
times imitated = 5
[1.3814392, 46.6107, 178.83624, 6.3374486, 6.3332596, 1.6914062, 38.405014, 24.78144]
2.5332372, [33.510643, -33.387653, -33.1017, 0.0, 0.0, 0.0], 1
evidence number = 9
times imitated = 0
[119.47537, 2.3701286, 3.5133667, 13.865806, 4.526886, 35.102356, 7.3610897, 2.7304678]
2.2265887, [43.774742, 42.677418, 13.547836, 0.0, 0.0, 0.0], -1
evidence number = 9
times imitated = 0
[8.754715, 25.900248, 154.09933, 27.5077, 68.728485, 142.56818, 14.228896, 12.440191]
5.1760073, [43.780773, 10.243127, -45.9761, 0.0, 0.0, 0.0], 2
evidence number = 8
times imitated = 0
[43.042053, 12.310037, 150.19963, 44.850227, 175.6939, 50.18049, 21.911903, 7.496138]
5.4864445, [50.14194, 24.51108, -25.346973, 0.0, 0.0, 0.0], 2
evidence number = 8
times imitated = 0
[4.2163467, 20.973913, 171.26837, 36.26785, 138.99536, 42.74005, 37.50074, 2.4483793]
5.2869, [49.393826, 2.288803, -48.31737, 0.0, 0.0, 0.0], 2
evidence number = 8
times imitated = 0
[168.57843, 3.7691774, 43.037064, 13.584751, 49.13936, 22.298904, 5.408831, 1.7986124]
0.23207757, [-36.289597, -27.363256, 36.347153, 0.0, 0.0, 0.0], -1
evidence number = 8
times imitated = 0
[60.958557, 10.990407, 85.38484, 24.46516, 45.998413, 12.000092, 6.857916, 4.449388]
4.0735115E-4, [0.0, 0.0, 0.0, 42.77206, 18.864288, -38.36365], 5
evidence number = 8
times imitated = 0
[4.7112656, 30.77638, 178.57495, 23.729519, 3.0036392, 1.2028198, 26.965908, 13.829474]
0.0, [0.0, 0.0, 0.0, -68.47786, 24.446907, 7.0752277], 3
evidence number = 8
times imitated = 5
[73.65094, 6.981132, 9.074799, 51.116756, 36.19168, 1.3686523, 7.6622267, 18.061441]
6.2662716, [-55.592598, -39.18264, 5.2247725, 0.0, 0.0, 0.0], 0
evidence number = 7
times imitated = 0
[1.1460114, 18.696417, 175.72777, 7.0871305, 9.385002, 3.9694824, 12.101076, 15.033899]
4.4929585, [34.189022, -34.026604, -31.78438, 0.0, 0.0, 0.0], 1
evidence number = 7
times imitated = 1
[86.69581, 20.141617, 93.97915, 7.0871305, 67.98212, 75.39585, 23.217735, 18.316448]
0.0, [0.0, 0.0, 0.0, 41.00153, -17.992308, -41.006165], 5
evidence number = 7
times imitated = 2
[10.05603, 33.186478, 168.89102, 20.115795, 51.986977, 94.94132, 18.019682, 21.89368]
2.4648952, [43.800392, -12.733696, -43.465908, 0.0, 0.0, 0.0], 2
evidence number = 7
times imitated = 0
[3.117485, 8.874841, 159.51349, 35.110607, 3.744667, 144.98721, 6.6584053, 6.5014405]
0.01093443, [0.0, 0.0, 0.0, -55.426918, -35.09161, 9.481465], 3
evidence number = 6
times imitated = 0
[92.48332, 11.481008, 93.64479, 63.199493, 94.760635, 97.999344, 28.028458, 15.15763]
0.0, [0.0, 0.0, 0.0, -39.40617, -21.194859, -39.398968], 3
evidence number = 6
times imitated = 0
[176.57266, 9.607859, 164.48071, 63.199493, 169.89304, 179.25189, 25.60041, 13.316692]
0.0, [0.0, 0.0, 0.0, -36.689655, -20.977043, -42.333298], 5
evidence number = 6
times imitated = 0
[97.89198, 5.5475698, 140.42473, 53.08544, 155.7519, 157.45912, 16.240414, 5.6699066]
6.9268656, [41.72147, 44.636288, 13.642238, 0.0, 0.0, 0.0], -1
evidence number = 6
times imitated = 0
[94.45129, 3.2927685, 174.58115, 27.624369, 40.421486, 171.73535, 1.6400491, 6.3975406]
0.013624011, [0.0, 0.0, 0.0, -37.10984, -22.150112, -40.740047], 5
evidence number = 6
times imitated = 0
[2.3101044, 51.65712, 178.87068, 5.209411, 22.19307, 6.5763702, 32.146137, 14.417538]
1.0877142, [33.554485, -32.970932, -33.474586, 0.0, 0.0, 0.0], 2
evidence number = 5
times imitated = 0
[116.60077, 9.481461, 6.9300537, 41.14871, 103.84871, 16.415863, 6.475925, 11.844575]
1.3065891, [-56.20733, -7.5550704, 36.237602, 0.0, 0.0, 0.0], 0
evidence number = 5
times imitated = 0
[89.255936, 5.0873203, 11.371521, 51.41424, 4.9428406, 42.125473, 22.272486, 30.260176]
0.29999423, [-49.42269, -44.870155, 5.7071524, 0.0, 0.0, 0.0], -1
evidence number = 5
times imitated = 0
[150.88904, 8.470395, 179.21613, 63.199493, 172.49908, 158.89407, 24.368492, 12.635311]
0.0, [0.0, 0.0, 0.0, -81.32014, 7.6278286, 11.0520315], 3
evidence number = 5
times imitated = 0
[6.397499, 12.309574, 173.17699, 44.849865, 147.0551, 21.344238, 30.916098, 4.633697]
0.0030197452, [0.0, 0.0, 0.0, -36.293488, 19.793633, 43.91288], 3
evidence number = 5
times imitated = 0
[1.7301712, 35.762028, 170.18079, 21.366018, 125.548035, 2.8619156, 31.753975, 3.9416401]
8.385318, [38.27272, 24.312252, -37.415028, 0.0, 0.0, 0.0], 2
evidence number = 5
times imitated = 0
[101.45392, 2.708384, 30.916504, 13.329658, 22.201935, 16.07669, 6.832337, 2.3439229]
0.0, [0.0, 0.0, 0.0, -40.000954, 20.000477, 39.998566], 3
evidence number = 5
times imitated = 0
[157.97592, 18.694601, 4.4124146, 25.041737, 146.41527, 101.116844, 16.506418, 6.6499085]
11.227274, [-35.371574, 30.711205, 33.917217, 0.0, 0.0, 0.0], 0
evidence number = 5
times imitated = 2
[2.1982574, 7.796942, 159.83401, 24.465689, 23.19143, 76.99201, 6.0460057, 4.1050115]
1.6257507, [47.551853, -14.977262, -37.470886, 0.0, 0.0, 0.0], 2
evidence number = 5
times imitated = 0
[14.002533, 11.326754, 134.0154, 24.464909, 21.275826, 16.711197, 10.538767, 6.339957]
4.015933E-4, [0.0, 0.0, 0.0, -45.635284, -9.287975, 45.07674], 3
evidence number = 5
times imitated = 0
[127.760666, 9.588097, 13.019714, 39.837563, 118.536285, 37.4711, 7.2152805, 12.4426985]
0.0033228574, [0.0, 0.0, 0.0, 13.002409, -21.551712, -65.44588], 5
evidence number = 4
times imitated = 0
[0.35721588, 43.098812, 157.89674, 12.238907, 105.85414, 11.067154, 27.677094, 11.704301]
11.733669, [47.13066, 5.1754584, -47.693886, 0.0, 0.0, 0.0], 2
evidence number = 4
times imitated = 0
[0.42826843, 16.634676, 65.938965, 56.701576, 65.751526, 66.38208, 17.404171, 4.896726]
1.1387948, [-21.640932, -17.705917, -60.65315, 0.0, 0.0, 0.0], 2
evidence number = 4
times imitated = 3
[124.13875, 13.620662, 0.5235596, 35.602646, 104.59123, 38.61856, 11.249066, 11.779949]
12.28841, [-44.10122, 18.585386, 37.313393, 0.0, 0.0, 0.0], 0
evidence number = 4
times imitated = 4
[0.685791, 3.3144958, 65.32355, 28.769646, 50.842133, 60.065125, 5.784139, 9.504401]
0.55188894, [-7.231924, -20.025381, -72.7427, 0.0, 0.0, 0.0], -1
evidence number = 4
times imitated = 0
[53.690292, 3.2417908, 144.05356, 27.665424, 172.6365, 135.6821, 3.4787862, 7.997228]
3.8680405E-4, [0.0, 0.0, 0.0, -38.658318, -20.07399, -41.267693], 5
evidence number = 4
times imitated = 0
[35.980392, 3.1856315, 171.74652, 26.200842, 50.568695, 146.57715, 3.9879453, 4.19991]
1.4679991, [73.84009, 9.414058, -16.745857, 0.0, 0.0, 0.0], 2
evidence number = 4
times imitated = 0
[16.76139, 28.395668, 148.13907, 11.947948, 21.731758, 22.924667, 27.553675, 18.379766]
3.705, [32.280785, -33.647655, -34.07156, 0.0, 0.0, 0.0], 2
evidence number = 3
times imitated = 0
[106.03905, 3.578748, 155.21019, 56.732037, 165.00633, 169.00261, 17.417974, 7.967302]
4.5183725, [35.620632, 37.83149, 26.547878, 0.0, 0.0, 0.0], -1
evidence number = 3
times imitated = 0
[170.39583, 25.383991, 6.3910522, 13.784343, 160.32016, 152.83652, 25.574745, 12.86549]
3.8838205, [-34.621277, 31.861397, 33.517323, 0.0, 0.0, 0.0], 0
evidence number = 3
times imitated = 1
[95.686455, 1.6067482, 83.96707, 28.435705, 150.1265, 83.19025, 4.1012473, 7.593376]
4.3501806, [6.261298, 48.030792, 45.707912, 0.0, 0.0, 0.0], -1
evidence number = 3
times imitated = 0
[48.06207, 2.6884959, 76.760864, 28.954103, 138.89116, 68.61682, 2.2326684, 10.392154]
6.903008, [-6.384121, 57.79587, 35.82001, 0.0, 0.0, 0.0], 0
evidence number = 3
times imitated = 0
[16.279022, 3.012484, 74.32587, 28.988846, 72.9711, 74.51999, 5.1889753, 9.137792]
0.0, [0.0, 0.0, 0.0, -47.164272, -31.112497, -21.723232], 3
evidence number = 3
times imitated = 2
[14.8912735, 10.989501, 131.4501, 24.465494, 2.839386, 38.51767, 6.6659946, 4.5032434]
4.1257677E-4, [0.0, 0.0, 0.0, 50.409447, 39.855164, -9.735382], 5
evidence number = 3
times imitated = 1
[18.379189, 16.291525, 137.23875, 23.729519, 26.718452, 32.259377, 16.394667, 10.851344]
1.0191443, [28.769503, -34.905884, -36.32462, 0.0, 0.0, 0.0], 2
evidence number = 3
times imitated = 0
[8.416832, 25.494043, 154.22607, 27.318363, 108.12822, 141.25443, 24.179201, 11.696041]
0.21599342, [36.523697, 23.157173, -40.31913, 0.0, 0.0, 0.0], -1
evidence number = 2
times imitated = 0
[1.821373, 26.571186, 162.77307, 11.947948, 5.031212, 3.2613525, 25.55973, 18.355375]
8.262625, [32.92481, -33.57209, -33.5031, 0.0, 0.0, 0.0], 1
evidence number = 2
times imitated = 0
[2.7217178, 48.398937, 178.57574, 6.3374486, 7.7629547, 4.8661423, 36.715126, 21.930443]
1.7078383, [33.46535, -33.17815, -33.356495, 0.0, 0.0, 0.0], 2
evidence number = 2
times imitated = 0
[98.973465, 8.721479, 10.892242, 44.693844, 74.94595, 9.364044, 6.3404446, 14.394279]
2.825596, [-55.54896, -26.358927, 18.092117, 0.0, 0.0, 0.0], 0
evidence number = 2
times imitated = 1
[114.018875, 11.481008, 115.18034, 63.199493, 117.64549, 122.738785, 27.19063, 14.481347]
0.0, [0.0, 0.0, 0.0, -38.87448, -22.25104, -38.87448], 3
evidence number = 2
times imitated = 0
[154.51999, 8.253106, 163.13562, 63.199493, 173.43182, 170.7403, 23.942167, 12.875306]
0.0, [0.0, 0.0, 0.0, 62.535774, -32.191944, 5.2722836], 4
evidence number = 2
times imitated = 0
[6.9260025, 21.931759, 174.14107, 35.307938, 141.66057, 80.98017, 39.745857, 1.6050488]
0.69238085, [42.125866, 16.580341, -41.293793, 0.0, 0.0, 0.0], -1
evidence number = 2
times imitated = 0
[1.0103912, 25.927238, 168.09995, 31.232574, 132.81583, 29.269268, 38.679, 1.7183827]
4.045764, [39.087254, 23.016657, -37.89609, 0.0, 0.0, 0.0], 2
evidence number = 2
times imitated = 0
[22.066757, 18.33484, 30.717682, 56.701576, 30.531921, 31.168121, 17.40495, 4.897934]
0.0, [0.0, 0.0, 0.0, 53.10901, 26.549622, -20.341373], 5
evidence number = 2
times imitated = 0
[131.20476, 2.7082543, 1.1636353, 13.329658, 7.550934, 45.82956, 6.832337, 2.3439229]
0.32812557, [38.720325, 11.279549, 50.000126, 0.0, 0.0, 0.0], -1
evidence number = 2
times imitated = 0
[119.49192, 2.7085247, 12.879395, 13.329658, 4.1648254, 34.115295, 6.8323355, 2.3438857]
0.0, [0.0, 0.0, 0.0, 39.998634, -20.00091, -40.000458], 5
evidence number = 2
times imitated = 0
[30.672997, 20.142859, 149.99457, 7.0871305, 15.052559, 25.829285, 15.322366, 16.291508]
0.0, [0.0, 0.0, 0.0, 38.012325, -16.436905, -45.550766], 5
evidence number = 2
times imitated = 2
[41.08963, 16.624773, 11.941895, 53.542583, 9.891693, 10.793762, 8.238598, 19.887554]
0.6601581, [-38.813652, -38.678055, -22.508297, 0.0, 0.0, 0.0], -1
evidence number = 2
times imitated = 0
[4.9584045, 3.0105097, 53.069397, 28.988846, 43.54416, 45.19525, 5.8649426, 10.416808]
2.8830857, [-30.765593, -29.173683, -40.06072, 0.0, 0.0, 0.0], 2
evidence number = 2
times imitated = 0
[38.398254, 3.2416708, 128.76231, 27.665424, 169.41806, 117.57707, 3.7974966, 8.558566]
0.0, [0.0, 0.0, 0.0, -42.804764, -21.846243, -35.348988], 3
evidence number = 2
times imitated = 0
[18.767769, 3.315738, 168.28699, 26.040588, 46.419556, 131.20337, 4.181165, 4.003875]
0.37277073, [59.606476, -8.845221, -31.54831, 0.0, 0.0, 0.0], -1
evidence number = 2
times imitated = 0
[1.4864578, 8.692969, 152.5344, 24.46563, 18.681557, 66.554985, 6.2604694, 4.3662276]
0.753165, [39.940155, -28.174458, -31.885391, 0.0, 0.0, 0.0], -1
evidence number = 2
times imitated = 0
[1.1712885, 16.175354, 69.66996, 64.352936, 69.55442, 64.64936, 17.43428, 4.433414]
0.002185471, [0.0, 0.0, 0.0, -32.577236, -28.212034, 39.21073], 3
evidence number = 2
times imitated = 0
[4.848386, 16.989471, 76.01766, 64.35332, 75.90395, 70.997765, 17.434662, 4.4344244]
0.0021887028, [0.0, 0.0, 0.0, -34.777542, -36.122223, 29.100237], 4
evidence number = 2
times imitated = 0
[0.8506775, 4.63385, 137.63484, 35.110607, 19.927937, 115.4944, 4.873848, 6.281565]
0.11028455, [-64.24978, -2.4716716, 33.27855, 0.0, 0.0, 0.0], -1
evidence number = 1
times imitated = 0
[9.698204, 25.900293, 153.15634, 27.5077, 75.28239, 141.62518, 14.639157, 12.440191]
0.5998923, [42.079903, 12.623212, -45.296886, 0.0, 0.0, 0.0], -1
evidence number = 1
times imitated = 0
[16.562767, 29.12119, 148.89383, 11.947948, 21.839134, 22.171371, 28.258308, 18.37996]
0.5993401, [32.15146, -33.758297, -34.09024, 0.0, 0.0, 0.0], -1
evidence number = 1
times imitated = 0
[14.4472275, 29.961258, 151.95079, 11.947948, 19.646873, 19.115921, 28.955038, 18.380123]
0.0, [0.0, 0.0, 0.0, 34.492867, -25.265905, -40.24123], 5
evidence number = 1
times imitated = 0
[0.5268402, 31.698189, 168.79068, 11.947948, 4.416191, 2.5780716, 30.191172, 18.626787]
0.0, [0.0, 0.0, 0.0, -45.516438, 20.046238, 34.437325], 3
evidence number = 1
times imitated = 0
[2.9029846, 32.7782, 171.89294, 11.710304, 1.9476395, 0.31478882, 31.007582, 19.171082]
0.23999469, [33.218067, -33.53667, -33.245262, 0.0, 0.0, 0.0], -1
evidence number = 1
times imitated = 0
[13.86039, 34.50984, 176.37762, 10.813398, 9.1336975, 11.695015, 32.461643, 20.383816]
1.1375457, [33.427784, -33.47561, -33.096615, 0.0, 0.0, 0.0], 1
evidence number = 1
times imitated = 0
[4.3304367, 49.359352, 176.31708, 6.21769, 7.362297, 7.5757065, 35.9162, 20.596186]
0.5991902, [33.51554, -33.073914, -33.41054, 0.0, 0.0, 0.0], -1
evidence number = 1
times imitated = 0
[98.73752, 9.214305, 3.4470825, 39.839493, 90.77203, 18.855133, 7.2969556, 13.781831]
0.0030585292, [0.0, 0.0, 0.0, 24.140907, -14.850907, -61.008186], 5
evidence number = 1
times imitated = 1
[114.55191, 9.421644, 9.779816, 41.526314, 100.61708, 13.350067, 6.364658, 11.879063]
0.5632017, [-55.575836, -15.943601, 28.480562, 0.0, 0.0, 0.0], -1
evidence number = 1
times imitated = 0
[76.36703, 6.4736013, 9.016815, 51.116756, 35.31253, 0.6713562, 7.3393946, 17.765886]
0.7199159, [-49.087803, -44.20527, -6.706928, 0.0, 0.0, 0.0], -1
evidence number = 1
times imitated = 0
[99.353226, 11.481008, 100.514694, 63.199493, 102.08995, 105.94374, 27.735353, 14.919325]
0.0, [0.0, 0.0, 0.0, -38.89311, -22.213606, -38.893284], 5
evidence number = 1
times imitated = 0
[109.046585, 5.8324804, 134.50784, 53.08544, 150.91089, 160.4256, 16.89042, 5.8402815]
0.6131135, [46.76938, 48.49018, 4.74044, 0.0, 0.0, 0.0], -1
evidence number = 1
times imitated = 0
[104.66157, 6.0932765, 143.04886, 53.08544, 160.45236, 151.32101, 17.599855, 5.971523]
0.0, [0.0, 0.0, 0.0, 22.601456, -0.49076617, -76.907776], 5
evidence number = 1
times imitated = 0
[83.25542, 6.524654, 155.9477, 52.257812, 175.87585, 125.08755, 18.728825, 5.9041405]
0.90239394, [51.785034, 45.58926, -2.625705, 0.0, 0.0, 0.0], -1
evidence number = 1
times imitated = 0
[35.41887, 12.30992, 157.81906, 44.850197, 176.55093, 42.3014, 23.38003, 7.2599607]
0.42144346, [50.10533, 9.9299555, -39.96471, 0.0, 0.0, 0.0], -1
evidence number = 1
times imitated = 0
[2.3179703, 13.0494585, 169.11023, 44.120434, 142.29523, 17.73674, 31.797634, 4.665206]
0.7408396, [49.19268, -3.3423293, -47.464993, 0.0, 0.0, 0.0], -1
evidence number = 1
times imitated = 0
[12.319702, 17.180054, 49.540375, 56.701576, 49.353577, 49.9859, 17.404362, 4.8971105]
0.29995164, [-19.289919, -18.112078, -62.598003, 0.0, 0.0, 0.0], -1
evidence number = 1
times imitated = 0
[132.31989, 2.6399767, 1.1317139, 13.41795, 9.68631, 46.429626, 6.917749, 2.3960729]
2.2204204, [49.156685, 46.08705, -4.7562675, 0.0, 0.0, 0.0], 2
evidence number = 1
times imitated = 0
[135.84766, 2.7840211, 1.5039673, 13.209991, 10.337952, 50.606873, 6.712751, 2.2574735]
1.9646457, [47.80991, 43.88526, -8.30483, 0.0, 0.0, 0.0], 2
evidence number = 1
times imitated = 0
[127.246346, 2.708164, 5.120636, 13.329658, 3.593933, 41.87256, 6.832337, 2.3439229]
1.4155481, [47.131912, 42.81271, -10.055379, 0.0, 0.0, 0.0], 2
evidence number = 1
times imitated = 0
[124.66466, 2.708184, 7.7026367, 13.329658, 1.0119324, 39.290558, 6.832337, 2.3439229]
0.9832297, [46.368767, 41.221622, -12.409607, 0.0, 0.0, 0.0], -1
evidence number = 1
times imitated = 0
[114.91344, 2.7083266, 17.456085, 13.329658, 8.741516, 29.53711, 6.832337, 2.3439229]
0.0, [0.0, 0.0, 0.0, -40.00265, 20.001326, 39.99602], 3
evidence number = 1
times imitated = 0
[4.943672, 19.586996, 176.64581, 7.0871305, 3.6919327, 2.9255142, 12.737329, 15.346393]
0.29999763, [33.656815, -33.351265, -32.99192, 0.0, 0.0, 0.0], -1
evidence number = 1
times imitated = 0
[17.658379, 20.142859, 163.00919, 7.0871305, 6.108902, 14.708763, 13.862356, 15.814125]
0.0, [0.0, 0.0, 0.0, 48.800396, -18.242273, -32.95733], -1
evidence number = 1
times imitated = 0
[37.369865, 20.14279, 143.29797, 7.0871305, 18.950066, 31.649284, 16.571547, 16.528341]
0.0, [0.0, 0.0, 0.0, 41.614098, -17.921907, -40.463993], -1
evidence number = 1
times imitated = 0
[46.458107, 6.6043215, 137.79294, 28.730152, 78.03042, 108.59632, 6.0532303, 9.314446]
7.65879E-4, [0.0, 0.0, 0.0, -36.604343, -16.756094, -46.63957], 5
evidence number = 1
times imitated = 2
[165.4976, 5.885191, 100.09186, 28.5922, 163.62735, 127.098145, 9.297082, 8.849176]
0.7448506, [10.39413, 44.291397, 45.314472, 0.0, 0.0, 0.0], -1
evidence number = 1
times imitated = 0
[2.2101135, 3.0108182, 60.240723, 28.988846, 50.718414, 52.837494, 5.8645988, 10.326581]
0.8997909, [-21.793867, -31.294823, -46.911312, 0.0, 0.0, 0.0], -1
evidence number = 1
times imitated = 0
[7.5822754, 3.0111303, 65.61621, 28.988846, 56.09738, 59.569183, 5.864277, 10.078667]
0.05039913, [0.0, 0.0, 0.0, 23.564816, 9.039387, 67.3958], -1
evidence number = 1
times imitated = 0
[82.76731, 3.3186386, 170.38824, 26.731857, 22.965431, 163.29462, 2.4089973, 5.29927]
0.9359857, [88.15279, 7.476925, -4.370286, 0.0, 0.0, 0.0], -1
evidence number = 1
times imitated = 0
[10.07299, 12.804414, 137.89117, 23.820091, 16.620049, 13.734787, 12.080167, 7.7459917]
0.8997335, [27.715778, -36.565006, -35.71922, 0.0, 0.0, 0.0], -1
evidence number = 1
times imitated = 0
[9.98558, 13.713931, 139.92175, 23.729519, 16.274376, 15.61058, 13.02388, 8.49121]
1.0193111, [28.035488, -36.125286, -35.839226, 0.0, 0.0, 0.0], 1
evidence number = 1
times imitated = 1
[22.84301, 17.131346, 134.44075, 23.729519, 31.878487, 39.608322, 17.686749, 11.756343]
0.11992357, [29.850016, -33.671314, -36.478672, 0.0, 0.0, 0.0], -1
evidence number = 1
times imitated = 0
[2.0963593, 32.986355, 178.88968, 23.729534, 29.290283, 90.3655, 16.837078, 12.816537]
9.7422584E-5, [0.0, 0.0, 0.0, -30.031284, -47.414574, 22.55414], 4
evidence number = 1
times imitated = 1
[3.035698, 33.166416, 177.91783, 23.549652, 32.967236, 93.5258, 16.370853, 13.890374]
0.179994, [42.06925, -16.21035, -41.7204, 0.0, 0.0, 0.0], -1
evidence number = 1
times imitated = 0
[8.68679, 32.59031, 170.24121, 20.115967, 57.839294, 98.10886, 18.364769, 23.176964]
0.77890736, [47.314705, -5.6746125, -47.01068, 0.0, 0.0, 0.0], -1
evidence number = 1
times imitated = 0
[1.9195223, 17.579418, 73.321, 64.35351, 73.208206, 68.30281, 17.434853, 4.434848]
0.0021280302, [0.0, 0.0, 0.0, -36.18887, -34.005814, 29.805315], 3
evidence number = 1
times imitated = 0
[2.6359253, 20.261889, 67.622314, 64.35476, 67.51578, 67.27844, 17.436096, 4.946708]
0.0028873605, [0.0, 0.0, 0.0, 0.0, 0.0, 0.0], -1
evidence number = 1
times imitated = 0
total contexts =106total imitated =38

POS IMITATED
1,RELROT:158.07053 MEDIST:20.256454 GOALROT:132.9349 GOALDIST:64.35849 OPPROT:126.443634;132.31056; OPPDIST26.134016;6.051151;
Change = goal dist: 0.0 opp dist: 0.0 me dist: 0.0
goal rot: -11.423313 opp rot: -5.6424503 me rot: -40.691574,5,
1,RELROT:132.97574 MEDIST:15.701205 GOALROT:140.76482 GOALDIST:52.384605 OPPROT:162.27122;153.69043; OPPDIST45.7044;23.783823;
Change = goal dist: 0.0 opp dist: 0.0 me dist: 0.0
goal rot: -41.599445 opp rot: -11.25242 me rot: -41.600723,5,
1,RELROT:105.47751 MEDIST:7.951068 GOALROT:15.644989 GOALDIST:41.68931 OPPROT:29.628021;69.75134; OPPDIST5.568474;14.877907;
Change = goal dist: -53.133686 opp dist: -5.557757 me dist: 33.351986
goal rot: 0.0 opp rot: 0.0 me rot: 0.0,0,
2,RELROT:0.34500122 MEDIST:15.791972 GOALROT:72.540146 GOALDIST:56.613335 OPPROT:73.00951;76.10857; OPPDIST17.316513;4.8183656;
Change = goal dist: -34.319126 opp dist: -9.012138 me dist: -56.66874
goal rot: 0.0 opp rot: 0.0 me rot: 0.0,2,
1,RELROT:120.37761 MEDIST:23.202572 GOALROT:140.46642 GOALDIST:56.701576 OPPROT:160.0218;141.94789; OPPDIST46.25599;34.17608;
Change = goal dist: 0.0 opp dist: 0.0 me dist: 0.0
goal rot: -39.9826 opp rot: -20.034805 me rot: -39.9826,3,
1,RELROT:168.92233 MEDIST:13.349067 GOALROT:24.518127 GOALDIST:40.322495 OPPROT:71.79541;47.638855; OPPDIST4.0586147;9.888449;
Change = goal dist: -42.92737 opp dist: 4.7911634 me dist: 46.362595
goal rot: 0.0 opp rot: 0.0 me rot: 0.0,0,
1,RELROT:30.448883 MEDIST:6.7815027 GOALROT:59.89987 GOALDIST:53.30833 OPPROT:59.247375;80.74332; OPPDIST16.014296;3.5744762;
Change = goal dist: -36.47859 opp dist: 27.637852 me dist: 18.243317
goal rot: 0.0 opp rot: 0.0 me rot: 0.0,0,
1,RELROT:28.776962 MEDIST:4.7674947 GOALROT:74.688644 GOALDIST:28.72945 OPPROT:35.921005;56.51071; OPPDIST5.2076974;8.6819515;
Change = goal dist: 0.0 opp dist: 0.0 me dist: 0.0
goal rot: 39.49238 opp rot: 30.249329 me rot: -30.258295,5,
1,RELROT:39.355293 MEDIST:6.6042047 GOALROT:130.69122 GOALDIST:28.730057 OPPROT:73.37914;101.49471; OPPDIST6.276793;9.314304;
Change = goal dist: 0.0 opp dist: 0.0 me dist: 0.0
goal rot: -51.15655 opp rot: -17.238144 me rot: 8.6279,3,
1,RELROT:31.683517 MEDIST:17.281504 GOALROT:162.01324 GOALDIST:52.096863 OPPROT:112.367165;161.82574; OPPDIST31.01141;31.216753;
Change = goal dist: 0.0 opp dist: 0.0 me dist: 0.0
goal rot: -29.738503 opp rot: -14.759236 me rot: 55.502262,3,
3,RELROT:46.63552 MEDIST:19.863295 GOALROT:99.71725 GOALDIST:53.542583 OPPROT:95.667595;96.2163; OPPDIST20.022905;27.67599;
Change = goal dist: 0.0 opp dist: 0.0 me dist: 0.0
goal rot: -40.168045 opp rot: -19.663914 me rot: 7.8157177,3,
1,RELROT:158.44131 MEDIST:10.392715 GOALROT:53.952667 GOALDIST:48.12309 OPPROT:72.4104;144.5574; OPPDIST14.188022;15.990451;
Change = goal dist: -26.105515 opp dist: 26.048267 me dist: 47.84622
goal rot: 0.0 opp rot: 0.0 me rot: 0.0,0,
1,RELROT:35.943466 MEDIST:11.0906 GOALROT:33.190536 GOALDIST:55.400337 OPPROT:24.149765;13.743332; OPPDIST12.131577;27.892965;
Change = goal dist: -51.60377 opp dist: -36.876488 me dist: -5.860051
goal rot: 0.0 opp rot: 0.0 me rot: 0.0,0,
1,RELROT:39.55362 MEDIST:12.11372 GOALROT:18.398438 GOALDIST:34.533615 OPPROT:32.816803;70.281166; OPPDIST6.0231714;8.839319;
Change = goal dist: 0.0 opp dist: 0.0 me dist: 0.0
goal rot: -19.599821 opp rot: -49.56691 me rot: 8.80645,4,
1,RELROT:130.53703 MEDIST:31.753252 GOALROT:48.123825 GOALDIST:43.207054 OPPROT:149.80763;73.10631; OPPDIST7.61693;11.949022;
Change = goal dist: -32.782635 opp dist: 28.004356 me dist: 39.213005
goal rot: 0.0 opp rot: 0.0 me rot: 0.0,0,
1,RELROT:129.6634 MEDIST:10.185146 GOALROT:33.187927 GOALDIST:36.847927 OPPROT:91.39675;64.53293; OPPDIST2.391934;11.884241;
Change = goal dist: -35.861572 opp dist: 24.925035 me dist: 39.213394
goal rot: 0.0 opp rot: 0.0 me rot: 0.0,0,
1,RELROT:34.38437 MEDIST:22.2742 GOALROT:8.583435 GOALDIST:56.701576 OPPROT:6.395447;8.306152; OPPDIST18.725563;5.912131;
Change = goal dist: 0.0 opp dist: 0.0 me dist: 0.0
goal rot: 48.875576 opp rot: 25.129816 me rot: -25.99461,5,
1,RELROT:151.24377 MEDIST:15.061023 GOALROT:134.31448 GOALDIST:44.285263 OPPROT:146.2193;143.58664; OPPDIST19.600233;14.247455;
Change = goal dist: 0.0 opp dist: 0.0 me dist: 0.0
goal rot: -39.18032 opp rot: -21.639355 me rot: -39.18032,3,
1,RELROT:97.025276 MEDIST:19.863295 GOALROT:150.107 GOALDIST:53.542583 OPPROT:145.52039;142.5509; OPPDIST33.438244;38.795715;
Change = goal dist: 0.0 opp dist: 0.0 me dist: 0.0
goal rot: -40.541256 opp rot: -18.917454 me rot: -40.54129,5,
1,RELROT:99.04427 MEDIST:19.863295 GOALROT:152.126 GOALDIST:53.542583 OPPROT:147.50586;144.34775; OPPDIST34.892166;40.25049;
Change = goal dist: 0.0 opp dist: 0.0 me dist: 0.0
goal rot: -40.648697 opp rot: -18.702625 me rot: -40.648674,3,

NONPOS IMITATED
1,RELROT:23.068329 MEDIST:5.7567234 GOALROT:175.15097 GOALDIST:13.584751 OPPROT:32.275223;27.865719; OPPDIST1.6491456;6.205617;
Change = goal dist: 0.0 opp dist: 0.0 me dist: 0.0
goal rot: -42.80191 opp rot: 4.393469 me rot: 39.00692,3,
1,RELROT:127.690865 MEDIST:6.607595 GOALROT:140.9777 GOALDIST:28.731197 OPPROT:160.39333;135.19353; OPPDIST9.962436;9.316225;
Change = goal dist: 0.0 opp dist: 0.0 me dist: 0.0
goal rot: 4.745697 opp rot: -12.357763 me rot: -45.758663,5,
2,RELROT:65.78669 MEDIST:15.406059 GOALROT:1.2973938 GOALDIST:50.445824 OPPROT:41.267097;14.61416; OPPDIST10.090355;20.671415;
Change = goal dist: -53.759758 opp dist: -28.41214 me dist: 2.5210435
goal rot: 0.0 opp rot: 0.0 me rot: 0.0,0,
5,RELROT:29.86457 MEDIST:18.741137 GOALROT:57.893314 GOALDIST:53.542583 OPPROT:55.04225;56.2312; OPPDIST17.08524;24.753897;
Change = goal dist: 0.0 opp dist: 0.0 me dist: 0.0
goal rot: -44.707066 opp rot: -20.61545 me rot: 20.825846,3,
5,RELROT:4.7112656 MEDIST:30.77638 GOALROT:178.57495 GOALDIST:23.729519 OPPROT:3.0036392;1.2028198; OPPDIST26.965908;13.829474;
Change = goal dist: 0.0 opp dist: 0.0 me dist: 0.0
goal rot: -55.889484 opp rot: 19.952799 me rot: 5.7745795,3,
1,RELROT:1.1460114 MEDIST:18.696417 GOALROT:175.72777 GOALDIST:7.0871305 OPPROT:9.385002;3.9694824; OPPDIST12.101076;15.033899;
Change = goal dist: 34.189022 opp dist: -34.026604 me dist: -31.784378
goal rot: 0.0 opp rot: 0.0 me rot: 0.0,1,
2,RELROT:86.69581 MEDIST:20.141617 GOALROT:93.97915 GOALDIST:7.0871305 OPPROT:67.98212;75.39585; OPPDIST23.217735;18.316448;
Change = goal dist: 0.0 opp dist: 0.0 me dist: 0.0
goal rot: 41.00153 opp rot: -17.992308 me rot: -41.006165,5,
2,RELROT:157.97592 MEDIST:18.694601 GOALROT:4.4124146 GOALDIST:25.041737 OPPROT:146.41527;101.116844; OPPDIST16.506418;6.6499085;
Change = goal dist: -35.371574 opp dist: 30.711205 me dist: 33.917217
goal rot: 0.0 opp rot: 0.0 me rot: 0.0,0,
3,RELROT:0.42826843 MEDIST:16.634676 GOALROT:65.938965 GOALDIST:56.701576 OPPROT:65.751526;66.38208; OPPDIST17.404171;4.896726;
Change = goal dist: -21.640932 opp dist: -17.705917 me dist: -60.653152
goal rot: 0.0 opp rot: 0.0 me rot: 0.0,2,
4,RELROT:124.13875 MEDIST:13.620662 GOALROT:0.5235596 GOALDIST:35.602646 OPPROT:104.59123;38.61856; OPPDIST11.249066;11.779949;
Change = goal dist: -44.10122 opp dist: 18.585386 me dist: 37.313393
goal rot: 0.0 opp rot: 0.0 me rot: 0.0,0,
1,RELROT:170.39583 MEDIST:25.383991 GOALROT:6.3910522 GOALDIST:13.784343 OPPROT:160.32016;152.83652; OPPDIST25.574745;12.86549;
Change = goal dist: -34.621277 opp dist: 31.861397 me dist: 33.517323
goal rot: 0.0 opp rot: 0.0 me rot: 0.0,0,
2,RELROT:16.279022 MEDIST:3.012484 GOALROT:74.32587 GOALDIST:28.988846 OPPROT:72.9711;74.51999; OPPDIST5.1889753;9.137792;
Change = goal dist: 0.0 opp dist: 0.0 me dist: 0.0
goal rot: -47.164272 opp rot: -31.112497 me rot: -21.723232,3,
1,RELROT:14.8912735 MEDIST:10.989501 GOALROT:131.4501 GOALDIST:24.465494 OPPROT:2.839386;38.51767; OPPDIST6.6659946;4.5032434;
Change = goal dist: 0.0 opp dist: 0.0 me dist: 0.0
goal rot: 50.40945 opp rot: 39.855164 me rot: -9.735382,5,
1,RELROT:98.973465 MEDIST:8.721479 GOALROT:10.892242 GOALDIST:44.693844 OPPROT:74.94595;9.364044; OPPDIST6.3404446;14.394279;
Change = goal dist: -55.548958 opp dist: -26.358925 me dist: 18.092117
goal rot: 0.0 opp rot: 0.0 me rot: 0.0,0,
2,RELROT:30.672997 MEDIST:20.142859 GOALROT:149.99457 GOALDIST:7.0871305 OPPROT:15.052559;25.829285; OPPDIST15.322366;16.291508;
Change = goal dist: 0.0 opp dist: 0.0 me dist: 0.0
goal rot: 38.012325 opp rot: -16.436905 me rot: -45.550766,5,
1,RELROT:98.73752 MEDIST:9.214305 GOALROT:3.4470825 GOALDIST:39.839493 OPPROT:90.77203;18.855133; OPPDIST7.2969556;13.781831;
Change = goal dist: 0.0 opp dist: 0.0 me dist: 0.0
goal rot: 24.140907 opp rot: -14.850907 me rot: -61.008186,5,
2,RELROT:46.458107 MEDIST:6.6043215 GOALROT:137.79294 GOALDIST:28.730152 OPPROT:78.03042;108.59632; OPPDIST6.0532303;9.314446;
Change = goal dist: 0.0 opp dist: 0.0 me dist: 0.0
goal rot: -36.604343 opp rot: -16.756094 me rot: -46.63957,5,
1,RELROT:9.98558 MEDIST:13.713931 GOALROT:139.92175 GOALDIST:23.729519 OPPROT:16.274376;15.61058; OPPDIST13.02388;8.49121;
Change = goal dist: 28.035492 opp dist: -36.125286 me dist: -35.839226
goal rot: 0.0 opp rot: 0.0 me rot: 0.0,1,
1,RELROT:2.0963593 MEDIST:32.986355 GOALROT:178.88968 GOALDIST:23.729534 OPPROT:29.290283;90.3655; OPPDIST16.837078;12.816537;
Change = goal dist: 0.0 opp dist: 0.0 me dist: 0.0
goal rot: -30.031284 opp rot: -47.414574 me rot: 22.55414,4,

