POS KNOWLEDGE:
104.93767, 20.064745, 3.148285, 57.38219, 37.095535, 27.167175, 43.802166, 58.429173
0.0, 0.0, 0.0, 0.0, 0.0, 0.0, 0.0, -1
99.6938, 20.067198, 8.390289, 57.38219, 30.059235, 18.901688, 31.580048, 46.520622
0.0, 0.0, 0.0, 0.0, 13.806692, 26.117805, 60.075504, -1
101.91081, 20.067198, 6.173279, 57.38219, 31.209335, 19.584167, 27.103384, 42.179913
0.0, 0.0, 0.0, 0.0, -11.898272, 23.683023, 64.41871, 3
113.95082, 20.067198, 5.8667297, 57.38219, 40.4301, 28.259567, 19.73256, 35.089344
0.0, 0.0, 0.0, 0.0, 40.226055, -2.7019415, -57.072002, 5
62.156815, 20.067198, 45.927277, 57.38219, 24.82315, 32.90677, 8.760046, 24.22672
0.0, 0.0, 0.0, 0.0, 39.640686, 22.814322, -37.54499, 5
10.471542, 20.067198, 97.61255, 57.38219, 98.32092, 97.81851, 4.9349647, 17.428907
0.0, 0.0, 0.0, 0.0, 64.72395, 32.35302, 2.9230275, -1
0.009506226, 20.067198, 108.0936, 57.38219, 108.80069, 108.29831, 4.9345098, 17.428606
0.0, 0.0, 0.0, 0.0, 40.00256, 19.994875, 40.00256, -1
7.0639496, 20.067198, 101.02014, 57.38219, 101.726074, 101.22366, 4.934041, 17.428295
0.0, 0.0, 0.0, 0.0, 52.76826, 26.373238, -20.858501, 5
1.9628754, 20.067198, 106.121216, 57.38219, 106.82617, 106.32355, 4.933796, 17.427984
0.0, 0.0, 0.0, 0.0, -39.999023, -20.001953, 39.999023, 3
4.7051697, 20.067198, 112.78926, 57.38219, 113.49422, 112.99043, 4.933796, 17.42767
0.0, 0.0, 0.0, 0.0, -46.580048, -23.291626, 30.128326, 3
11.462097, 20.067198, 119.54619, 57.38219, 120.251144, 119.74608, 4.933796, 17.427338
0.18000227, -1.2336262, 0.672887, -98.09348, 0.0, 0.0, 0.0, -1
3.0615082, 20.067198, 111.1456, 57.38219, 111.850555, 111.34494, 4.933796, 17.427181
0.18000227, -1.2336333, 0.6723302, -98.09404, 0.0, 0.0, 0.0, -1
26.459503, 20.067198, 81.62459, 57.38219, 82.329544, 81.82393, 4.933796, 17.427181
0.18000227, -1.2336333, 0.6723302, -98.09404, 0.0, 0.0, 0.0, -1
17.42595, 11.963884, 107.87639, 55.968246, 5.4561157, 67.12009, 11.173045, 13.086968
0.0, 0.0, 0.0, 0.0, 50.005604, 29.261154, -20.733242, 5
23.200409, 10.582092, 106.3192, 55.968246, 3.7364197, 69.903534, 10.114206, 12.669819
0.0, 0.0, 0.0, 0.0, 53.981052, 27.28744, 18.731508, -1
7.374283, 9.884303, 136.59067, 55.968246, 33.92488, 101.6839, 9.788507, 12.54441
0.35954866, 53.524483, 1.2062087, -45.26931, 0.0, 0.0, 0.0, -1
15.907837, 9.884627, 145.12767, 55.968246, 42.462738, 110.2209, 9.788531, 12.54441
1.0159394, 52.866238, 7.2504306, -39.88333, 0.0, 0.0, 0.0, 2
35.373146, 9.576546, 163.64703, 56.30508, 74.086174, 129.94254, 6.9106083, 12.751778
0.6588807, 50.22303, 14.283952, -35.49302, 0.0, 0.0, 0.0, -1
47.021973, 9.079475, 172.77815, 56.949665, 97.78111, 144.99022, 5.76023, 15.232726
3.034583E-5, 0.0, 0.0, 0.0, -43.971725, -22.812584, 33.21569, 3
128.65958, 9.079474, 105.58427, 56.94967, 104.985176, 105.33582, 5.0332265, 17.56594
0.0, 0.0, 0.0, 0.0, 40.000443, 19.999113, -40.000443, 5
129.49759, 9.079474, 104.74626, 56.94967, 104.13887, 104.49626, 5.033507, 17.565805
0.23983191, 39.511806, 39.51318, -20.975014, 0.0, 0.0, 0.0, -1
128.24158, 9.079474, 106.002266, 56.94967, 105.390785, 105.75147, 5.033686, 17.565725
0.65871245, 39.123917, 39.144012, -21.732073, 0.0, 0.0, 0.0, -1
66.344215, 9.079474, 167.89963, 56.94967, 167.28735, 167.64746, 5.033721, 17.565678
0.5787123, 40.531403, 40.557884, -18.910713, 0.0, 0.0, 0.0, -1
73.62296, 8.513111, 166.11066, 57.96617, 166.88309, 166.19318, 5.1236777, 17.788391
1.06673644E-4, 0.0, 0.0, 0.0, -3.4821055, -1.3630832, -95.15481, 5
63.57373, 8.513111, 176.15988, 57.96617, 175.68848, 176.24478, 4.9427357, 17.787792
0.89993846, 39.941875, 39.973442, -20.084684, 0.0, 0.0, 0.0, -1
56.855087, 8.513111, 177.12148, 57.96617, 177.59627, 177.03584, 4.943015, 17.787638
2.2384279, 39.44079, 39.617928, -20.941288, 0.0, 0.0, 0.0, 2
19.58424, 19.365091, 53.589294, 54.303967, 23.524994, 5.4174905, 25.323301, 19.965466
1.8325135, 17.937115, 39.48387, 42.579014, 0.0, 0.0, 0.0, -1
5.0237036, 20.542656, 66.03372, 55.08443, 35.271637, 8.135435, 26.935305, 21.95387
0.0018024445, 0.0, 0.0, 0.0, 53.478317, 36.34324, 10.178444, -1
8.194666, 20.542747, 62.86351, 55.084133, 32.100967, 4.9645042, 26.93515, 21.95388
0.0018253326, 0.0, 0.0, 0.0, 52.12417, 37.833004, -10.04282, 5
18.273735, 20.542847, 52.785297, 55.0838, 22.64037, 4.219521, 26.562378, 20.538897
0.8370296, -13.784005, -39.949993, -46.266003, 0.0, 0.0, 0.0, -1
28.308693, 20.542936, 42.751083, 55.08351, 14.639114, -13.235947, 25.406134, 19.113552
2.261311, -14.985096, -39.11429, -45.90061, 0.0, 0.0, 0.0, 2
7.3864336, 20.543114, 78.447685, 55.08293, 54.950706, 25.008204, 23.223211, 16.282984
3.8355653, -12.627756, -32.471836, -54.900406, 0.0, 0.0, 0.0, 2
25.058487, 15.29411, 101.07193, 53.710316, 101.401276, 85.84195, 17.562315, 5.671601
1.8273393, -15.959138, -16.336391, -67.70447, 0.0, 0.0, 0.0, 2
25.225178, 11.563957, 102.61456, 53.295868, 103.75845, 109.19861, 17.407906, 4.892075
1.9172622, 25.127953, 27.511402, 47.36064, 0.0, 0.0, 0.0, -1
16.132185, 12.859542, 58.965355, 53.812286, 50.98925, 41.72683, 18.761377, 5.9666915
0.84334666, -29.36342, -20.63659, 49.999992, 0.0, 0.0, 0.0, -1
20.184277, 12.678798, 53.554512, 54.32526, 37.358192, 17.454931, 20.834154, 8.63943
4.1984487, -32.499527, -39.820606, -27.679867, 0.0, 0.0, 0.0, 1
48.55204, 10.707356, 32.898468, 52.72167, 18.441711, 0.61932373, 18.826786, 6.114381
2.8628175, -43.830585, -32.37445, 23.794966, 0.0, 0.0, 0.0, 0
150.21161, 10.979655, 9.808868, 46.52607, 17.864075, 48.713165, 13.891578, 1.7921962
0.72972965, -39.87901, -33.00308, 27.11791, 0.0, 0.0, 0.0, -1
99.96012, 10.951997, 38.810455, 45.709995, 31.037811, 5.264679, 13.702533, 1.7266986
1.680057, -41.082325, -46.417328, 12.500342, 0.0, 0.0, 0.0, 1
101.14885, 7.249353, 29.823395, 43.27214, 24.36325, 8.850006, 13.3445835, 2.649854
4.0628147, -60.574238, 4.337781, 35.087975, 0.0, 0.0, 0.0, 0
124.518425, 5.199808, 51.039124, 38.68596, 68.863434, 162.70996, 9.833224, 7.278411
0.0, 0.0, 0.0, 0.0, 21.818256, -16.074488, -62.107254, 5
32.84607, 3.8348906, 72.39911, 38.68596, 71.966644, 106.009094, 9.000643, 3.4201508
0.0, 0.0, 0.0, 0.0, -28.604492, -42.809822, 28.585688, 4
31.304277, 3.8350132, 73.93936, 38.68596, 73.507996, 96.72644, 9.001019, 3.670768
0.0, 0.0, 0.0, 0.0, -32.606853, -18.508934, 48.884212, 3
95.05616, 3.8363636, 10.174866, 38.68596, 9.747498, 9.411102, 9.0023985, 5.0740933
0.0, 0.0, 0.0, 0.0, 16.266695, 10.31059, 73.422714, -1
122.53785, 3.8365777, 17.31015, 38.68596, 17.737518, 18.102234, 9.0023985, 5.0760913
0.0, 0.0, 0.0, 0.0, 41.692543, 20.846272, 37.46118, -1
154.60611, 3.8365777, 49.378403, 38.68596, 49.80577, 50.170486, 9.0023985, 5.0760913
0.0, 0.0, 0.0, 0.0, 64.71097, 32.355484, 2.9335406, -1
162.78781, 3.8365777, 57.56012, 38.68596, 57.987488, 58.352203, 9.0023985, 5.0760913
0.0, 0.0, 0.0, 0.0, 41.85138, 20.866728, -37.28189, 5
111.71879, 3.8365777, 143.05351, 38.68596, 143.48088, 143.8456, 9.0023985, 5.0760913
0.6491651, 42.470993, 42.519512, -15.009494, 0.0, 0.0, 0.0, -1
77.16651, 3.457147, 172.0476, 39.422653, 172.24527, 173.21548, 9.088454, 5.1601586
0.0, 0.0, 0.0, 0.0, -38.767303, -22.465364, -38.76733, 5
68.59351, 3.457147, 163.47461, 39.422653, 163.6294, 162.80618, 9.0754, 4.9334893
0.0, 0.0, 0.0, 0.0, -39.998352, -20.003307, -39.99834, 3
48.010513, 3.457147, 142.8916, 39.422653, 143.04303, 142.20868, 9.076, 4.934013
0.0, 0.0, 0.0, 0.0, -39.999996, -19.999998, -40.000004, 5
35.79426, 3.457147, 130.67535, 39.422653, 130.82678, 129.99243, 9.076, 4.934013
0.0, 0.0, 0.0, 0.0, -40.000004, -20.000002, -39.999992, 3
19.19314, 3.457147, 114.074234, 39.422653, 114.22566, 113.39131, 9.076, 4.934013
0.0, 0.0, 0.0, 0.0, 40.0, 20.0, 40.0, -1
27.945795, 3.457147, 122.82689, 39.422653, 122.97832, 122.14397, 9.076, 4.934013
0.0, 0.0, 0.0, 0.0, 40.0, 20.0, 39.999996, -1
33.054794, 3.457147, 127.93589, 39.422653, 128.08731, 127.25297, 9.076, 4.934013
0.0, 0.0, 0.0, 0.0, 40.0, 20.0, 40.0, -1
166.21982, 16.499636, 148.7104, 52.2259, 65.263535, 148.15477, 2.2646422, 3.9865615
8.829665, 25.782415, 36.425068, 37.79252, 0.0, 0.0, 0.0, -1
148.02838, 24.148712, 123.82668, 58.014225, 149.23761, 157.4903, 8.988524, 12.328652
4.0661106, 24.071047, 39.418415, 36.510536, 0.0, 0.0, 0.0, -1
146.48642, 26.90919, 121.1706, 59.831852, 151.92926, 156.9848, 11.721016, 15.333319
0.85685724, 23.139168, 40.155785, 36.70505, 0.0, 0.0, 0.0, -1
147.03366, 27.627636, 121.4335, 60.279785, 153.34637, 153.56007, 12.483998, 15.941521
0.0, 0.0, 0.0, 0.0, 49.934505, 0.118996866, 49.946495, -1
149.53566, 27.627636, 123.9355, 60.279785, 155.84871, 150.41081, 12.484537, 15.830682
0.0, 0.0, 0.0, 0.0, 52.543736, 14.55036, 32.905907, -1
160.99951, 25.178888, 135.39551, 60.279785, 167.30945, 148.93976, 12.486054, 16.163687
0.0, 0.0, 0.0, 0.0, 50.538605, 11.414858, 38.04654, -1
164.59956, 23.71664, 169.7935, 60.279785, 158.29214, 178.22209, 12.487102, 16.535225
0.0, 0.0, 0.0, 0.0, -53.847416, -39.32505, -6.827545, 3
172.57202, 23.652372, 146.96051, 60.279785, 170.53156, 146.86353, 8.662394, 17.516462
0.0, 0.0, 0.0, 0.0, 50.399826, 25.208906, -24.391268, 5
161.12207, 23.652456, 173.26251, 60.279785, 175.17572, 173.1752, 5.148808, 17.515741
0.0, 0.0, 0.0, 0.0, -63.51135, -31.754948, 4.7337055, 3
147.68823, 18.851084, 155.03763, 60.279785, 154.27203, 154.95193, 4.9483657, 17.515623
0.0, 0.0, 0.0, 0.0, 26.262718, 13.131359, -60.60592, 5
135.45854, 17.747906, 158.8455, 60.279785, 158.07991, 158.75981, 4.9483657, 17.515623
0.0, 0.0, 0.0, 0.0, -43.812885, -21.906443, 34.280666, 3
166.61008, 13.094955, 126.916595, 60.279785, 126.151, 126.8309, 4.9483657, 17.515623
0.0, 0.0, 0.0, 0.0, -47.67612, -23.83806, -28.485819, 3
177.85025, 10.871769, 116.2663, 60.279785, 115.5007, 116.1806, 4.9483657, 17.515623
0.0, 0.0, 0.0, 0.0, -39.65779, -19.828896, -40.513317, 5
160.96117, 10.350787, 100.87549, 60.279785, 100.10989, 100.789795, 4.9483657, 17.515623
0.0, 0.0, 0.0, 0.0, -43.875805, -21.937902, -34.186295, 3
110.03032, 9.750612, 41.017334, 60.279785, 40.25174, 40.93164, 4.9483657, 17.515623
0.0, 0.0, 0.0, 0.0, -36.20192, -18.010769, -45.78731, 5
104.39676, 9.617955, 32.10486, 60.279785, 31.339264, 32.019165, 4.9483657, 17.515623
0.5979634, -38.64813, -38.32164, -23.03023, 0.0, 0.0, 0.0, -1
101.60158, 9.58899, 28.45404, 60.279785, 27.688446, 28.368347, 4.9483657, 17.515623
2.3637817, -40.422108, -36.63182, -22.946064, 0.0, 0.0, 0.0, 0
58.95549, 7.892581, 32.501404, 57.489906, 47.78174, 34.815674, 3.281428, 15.7523985
0.43577614, -39.785202, -32.728024, -27.486774, 0.0, 0.0, 0.0, -1
43.023193, 7.630935, 51.286438, 57.154827, 68.449554, 53.876984, 3.2914991, 15.744756
1.8980868E-4, 0.0, 0.0, 0.0, -46.348507, -23.784298, 29.867195, 3
56.79196, 7.6310835, 37.517273, 57.15485, 41.682465, 38.14203, 4.400903, 17.03243
1.9029569E-4, 0.0, 0.0, 0.0, -27.486492, -14.525507, 57.988, 3
87.35831, 7.6312346, 6.950577, 57.154865, 8.928574, 7.3799896, 4.6873612, 17.166042
1.8913318E-4, 0.0, 0.0, 0.0, 37.938423, 18.70504, 43.356537, -1
134.7944, 7.631497, 40.486237, 57.154903, 38.541992, 40.06308, 4.6876254, 17.16497
1.8532887E-4, 0.0, 0.0, 0.0, 49.00545, 24.50294, 26.491606, -1
161.86766, 7.631607, 67.55971, 57.15491, 65.616745, 67.136826, 4.68763, 17.164978
1.8469493E-4, 0.0, 0.0, 0.0, 48.466957, 24.233675, -27.299372, 5
167.35388, 7.6317134, 98.33847, 57.154926, 96.3967, 97.91583, 4.687642, 17.164993
1.8548965E-4, 0.0, 0.0, 0.0, 40.0001, 20.000246, -39.999657, 5
147.9536, 7.6317863, 117.73893, 57.154938, 115.79798, 117.316475, 4.6876507, 17.165005
1.8205642E-4, 0.0, 0.0, 0.0, 39.20729, 19.707949, -41.08476, 5
81.887825, 7.632109, 176.1944, 57.154987, 178.13165, 176.61609, 4.6876874, 17.165049
1.8907087E-4, 0.0, 0.0, 0.0, -40.000076, -20.00024, -39.999683, 3
64.88774, 7.632183, 159.1942, 57.15499, 161.1306, 159.6157, 4.6876884, 17.165052
1.864074E-4, 0.0, 0.0, 0.0, -44.748924, -22.37473, -32.876347, 3
6.984085, 7.6326957, 87.321106, 57.155045, 89.25171, 87.741455, 4.687728, 17.165106
1.860056E-4, 0.0, 0.0, 0.0, 58.247883, 29.12286, -12.629269, 5
6.0721893, 6.41646, 101.88878, 57.155094, 101.39546, 98.765366, 4.6732206, 17.094448
0.6590276, 2.49177, -8.646006, -88.86223, 0.0, 0.0, 0.0, -1
1.1865692, 6.4165635, 94.629684, 57.15511, 64.246506, 88.03096, 5.232719, 17.086948
0.90132725, -4.4467907, -27.021832, -68.53138, 0.0, 0.0, 0.0, -1
2.7847748, 5.930359, 92.377716, 57.15758, 56.603302, 85.05347, 5.513891, 17.089178
1.7634685, -21.731245, -31.78621, -46.482548, 0.0, 0.0, 0.0, 2
50.02475, 3.6649559, 55.197174, 56.74651, 55.393738, 56.508545, 4.492212, 17.033213
0.5802579, -22.767977, -17.635519, -59.596504, 0.0, 0.0, 0.0, -1
21.51564, 3.1623619, 89.1768, 56.623333, 92.29686, 90.174484, 4.770463, 17.296583
0.0029806448, 0.0, 0.0, 0.0, -39.97358, -19.97762, 40.0488, 3
39.247253, 14.87466, 20.327484, 39.61145, 21.558685, 11.385269, 16.456312, 18.254217
0.0, 0.0, 0.0, 0.0, 47.905163, 18.518219, -33.57662, 5
0.58987427, 14.058682, 58.29106, 39.61145, 16.404892, 26.578308, 16.456312, 18.254217
0.0, 0.0, 0.0, 0.0, -83.57543, -9.672932, 6.7516284, 3
11.373184, 10.281575, 7.221466, 39.61145, 31.304825, 9.9769745, 11.809068, 12.467128
0.0, 0.0, 0.0, 0.0, 63.65137, -9.457939, 26.890697, 4
10.973465, 10.569698, 1.7576904, 39.61145, 40.107162, 19.061234, 9.579223, 11.741578
0.17999062, -36.775208, -29.759258, -33.46553, 0.0, 0.0, 0.0, -1
21.410213, 35.629803, 67.375885, 56.65939, 20.360622, 63.26147, 49.535313, 58.177864
0.14879973, -19.164675, -34.6331, -46.20223, 0.0, 0.0, 0.0, -1
21.96389, 35.491314, 67.98092, 56.602318, 21.038445, 63.85839, 47.873764, 58.11153
0.0, 0.0, 0.0, 0.0, -56.869484, -28.427904, 14.702614, 3
20.439545, 29.56304, 25.575012, 56.602318, 19.600647, 21.451935, 34.832634, 58.113014
0.0, 0.0, 0.0, 0.0, 39.877792, 20.2446, -39.877605, 5
167.58638, 27.795473, 106.71153, 55.015907, 106.65364, 105.406235, 53.97736, 44.572987
2.4546134, 17.283524, 17.089203, 65.62727, 0.0, 0.0, 0.0, -1
158.855, 32.852215, 101.10481, 56.757973, 101.13716, 101.11235, 55.836903, 41.35404
0.29980528, 10.824145, 10.898982, 78.27687, 0.0, 0.0, 0.0, -1
140.64053, 33.12359, 82.96927, 56.795216, 83.00653, 83.09085, 55.87433, 39.919388
0.0, 0.0, 0.0, 0.0, -39.999256, -20.001488, -39.999256, 3
87.67987, 33.12359, 30.008606, 56.795216, 30.046753, 30.124634, 52.54637, 30.910593
0.0, 0.0, 0.0, 0.0, 17.676977, 8.657213, -73.66582, 5
36.963806, 33.12359, 20.707458, 56.795216, 20.67456, 20.598114, 42.195286, 20.538292
0.0, 0.0, 0.0, 0.0, 46.495594, 23.258808, -30.245594, 5
5.1411743, 33.12359, 52.53009, 56.795216, 52.50235, 52.415527, 34.74591, 13.11591
0.0, 0.0, 0.0, 0.0, 62.166893, 31.210466, 6.62264, -1
115.41274, 21.694397, 177.83093, 52.027275, 127.97004, 161.58734, 40.383133, 44.136436
2.805664, 44.025757, 37.237595, 18.736649, 0.0, 0.0, 0.0, -1
124.20817, 23.01694, 179.62347, 55.174206, 130.62607, 162.35959, 38.21672, 42.92016
0.21479827, 42.37751, 34.028374, 23.594114, 0.0, 0.0, 0.0, -1
112.08105, 23.13838, 167.05795, 55.389, 143.96808, 175.88022, 35.33845, 40.14625
0.0, 0.0, 0.0, 0.0, -41.33876, -18.115166, -40.546074, 3
87.378975, 23.13838, 142.35587, 55.389, 171.4654, 155.18213, 25.07411, 30.095182
0.0, 0.0, 0.0, 0.0, -44.937946, -25.468067, -29.593983, 3
55.809628, 24.49793, 99.667725, 55.389, 140.71042, 105.9122, 16.356304, 21.840046
0.0, 0.0, 0.0, 0.0, -45.275585, -25.202232, -29.522184, 3
32.18271, 28.144001, 61.8132, 55.389, 91.68794, 63.614807, 9.465623, 18.543299
0.5582789, -32.91456, -20.9893, -46.096138, 0.0, 0.0, 0.0, -1
21.800472, 29.979536, 46.87164, 55.389, 70.84372, 46.821133, 7.853606, 17.472906
1.9905523, -33.666843, -26.402485, -39.93067, 0.0, 0.0, 0.0, 2
14.518433, 31.505348, 33.46637, 53.915184, 49.36818, 35.25299, 4.544497, 16.40001
0.41794273, -33.284588, -29.063835, -37.651573, 0.0, 0.0, 0.0, -1
14.090149, 31.095167, 33.10791, 53.55563, 48.171234, 34.89029, 4.3665156, 16.378149
0.0020167883, 0.0, 0.0, 0.0, -39.64405, -20.77111, -39.584843, 3
1.4266052, 27.584795, 20.422028, 53.556355, 24.127136, 20.911896, 4.799917, 17.174654
0.001862979, 0.0, 0.0, 0.0, 41.458393, 20.72826, 37.813347, -1
3.6684875, 24.151075, 22.648163, 53.557446, 26.197662, 23.13617, 4.8111644, 17.17574
0.11754489, 24.40113, 32.934536, -42.66433, 0.0, 0.0, 0.0, -1
46.426727, 23.532045, 67.835724, 53.557842, 71.38898, 68.322754, 4.8122253, 17.176128
3.002017, 41.39582, 57.22515, 1.3790278, 0.0, 0.0, 0.0, -1
65.52017, 22.418196, 93.68219, 53.55846, 97.23859, 94.16818, 4.8135066, 17.176744
5.5401683, 26.11982, 53.70002, -20.18017, 0.0, 0.0, 0.0, 2
59.8067, 17.617367, 91.421844, 55.923126, 128.38547, 102.09558, 8.92878, 19.634583
0.5640008, 3.1779609, 45.93218, -50.889862, 0.0, 0.0, 0.0, -1
49.941498, 17.333755, 80.556305, 55.93996, 116.63629, 91.44058, 8.528041, 19.554817
0.0, 0.0, 0.0, 0.0, -51.255806, -30.584007, -18.160185, 3
5.2508545, 17.331123, 35.86133, 55.93996, 35.156647, 37.509583, 4.978769, 17.74264
0.0, 0.0, 0.0, 0.0, -42.54065, -21.432539, 36.02681, 3
20.162323, 17.331123, 10.448151, 55.93996, 9.733978, 11.537018, 4.981567, 17.657919
0.4500028, -33.93808, -33.84805, -32.21387, 0.0, 0.0, 0.0, -1
19.052887, 16.817514, 12.241913, 55.41372, 12.648987, 13.147247, 4.630952, 17.260168
0.0, 0.0, 0.0, 0.0, 17.702997, 6.711249, 75.585754, -1
27.408173, 16.817514, 3.8866272, 55.41372, 4.2932434, 4.7919006, 4.6331134, 17.260197
0.0, 0.0, 0.0, 0.0, 39.62056, 19.685244, 40.694195, -1
75.82518, 16.817514, 44.53038, 55.41372, 44.1364, 43.625107, 4.6344, 17.260197
0.0, 0.0, 0.0, 0.0, 40.0, 20.0, 40.0, -1
108.96478, 16.817514, 77.66998, 55.41372, 77.276, 76.76471, 4.6344, 17.260197
0.0, 0.0, 0.0, 0.0, -40.0, -20.0, -40.0, 3
103.19347, 16.817514, 71.89867, 55.41372, 71.504684, 70.99339, 4.6344, 17.260197
0.89987767, -44.307854, -42.901413, -12.790736, 0.0, 0.0, 0.0, -1
84.28546, 16.817514, 52.99066, 55.41372, 52.59668, 52.08539, 4.6344, 17.260197
3.2488012, -58.12202, -34.47716, 7.4008145, 0.0, 0.0, 0.0, 0
73.152466, 16.817514, 41.857666, 55.41372, 41.463684, 40.952393, 4.6344, 17.260197
4.5556974, -59.894543, -31.100178, 9.00527, 0.0, 0.0, 0.0, 0
74.57747, 16.817514, 43.28267, 55.41372, 42.888687, 42.377396, 4.6344, 17.260197
4.5556974, -59.894543, -31.100178, 9.00527, 0.0, 0.0, 0.0, 0
100.21805, 16.710772, 61.635193, 53.71063, 87.984436, 65.66788, 3.8952317, 16.130835
3.9291673, -34.257214, 12.049852, 53.692932, 0.0, 0.0, 0.0, 0
117.84412, 17.193495, 75.28018, 52.982014, 119.426605, 82.60385, 4.2318316, 15.78512
0.0, 0.0, 0.0, 0.0, -48.7518, -35.719482, -15.528719, 3
121.632126, 17.193495, 79.06819, 52.982014, 118.505844, 85.37935, 4.182562, 15.98666
0.59997725, -56.879787, 0.85168797, 42.268524, 0.0, 0.0, 0.0, -1
122.83313, 17.193495, 80.269196, 52.982014, 114.71179, 85.52554, 4.1624274, 16.207636
2.856425, -25.953993, 15.746008, 58.299995, 0.0, 0.0, 0.0, 0
166.2882, 18.175442, 83.0735, 51.476673, 138.648, 93.64705, 6.5753903, 16.870516
9.0339215E-4, 0.0, 0.0, 0.0, 39.80495, 16.385908, -43.80914, 5
108.042336, 15.70019, 146.58862, 51.47565, 150.86606, 148.08307, 4.9819736, 17.36742
9.112415E-4, 0.0, 0.0, 0.0, -7.7962174, -5.345365, -86.85842, 5
32.858723, 15.699671, 138.24783, 51.474613, 139.34027, 137.12546, 5.0246263, 17.401321
0.0010524279, 0.0, 0.0, 0.0, -58.962868, -30.76698, 10.270145, 3
25.332584, 15.698724, 80.06238, 51.47368, 81.167786, 78.94266, 5.0237164, 17.400362
0.0014393616, 0.0, 0.0, 0.0, 48.799793, 24.401554, -26.798653, 5
0.5353689, 12.431841, 102.27638, 51.471577, 85.29091, 94.57164, 4.827384, 16.777735
0.0011977977, 0.0, 0.0, 0.0, -44.283386, -18.008995, 37.70762, 3
31.279688, 10.50313, 69.8283, 51.47057, 10.194632, 61.350304, 7.0975966, 16.744816
0.0012327713, 0.0, 0.0, 0.0, 37.951115, 24.107082, -37.941807, 5
15.505358, 10.503368, 85.60741, 51.469162, 41.275894, 84.46846, 5.7042637, 17.371826
0.001229848, 0.0, 0.0, 0.0, -39.99475, -19.99487, 40.010384, 3
14.620208, 10.503084, 86.494804, 51.468884, 56.12249, 85.35659, 5.1065807, 17.371569
0.0012806038, 0.0, 0.0, 0.0, 40.100685, 20.053137, -39.846176, 5
9.455387, 10.502924, 91.66102, 51.468704, 69.84101, 90.52323, 4.931807, 17.371399
0.0012481248, 0.0, 0.0, 0.0, 56.68875, 28.346561, 14.964691, -1
12.209243, 8.89495, 112.67313, 51.467133, 113.539795, 108.07532, 5.0189247, 17.10292
0.0013117664, 0.0, 0.0, 0.0, -65.33684, -32.129795, 2.5333734, 3
20.172089, 7.7154, 81.40577, 51.465935, 82.29084, 73.143074, 5.0182076, 16.907656
0.0012479513, 0.0, 0.0, 0.0, 37.53618, 24.917595, -37.546227, 5
97.97117, 37.800854, 160.74393, 52.591293, 157.59253, 159.79773, 28.024542, 37.682808
4.0984907, 46.194576, 46.017426, 7.7880054, 0.0, 0.0, 0.0, -1
102.32141, 38.760796, 157.46225, 59.085472, 157.4596, 157.89917, 28.560581, 38.283543
3.6226E-4, 0.0, 0.0, 0.0, -43.530457, -21.850794, -34.61875, 3
72.57738, 38.556274, 121.25853, 59.085476, 121.2285, 121.546005, 18.107542, 27.825373
3.6239624E-4, 0.0, 0.0, 0.0, -45.326923, -22.764769, -31.908306, 3
43.414433, 39.95482, 77.464935, 59.08548, 77.448456, 77.56009, 8.889383, 19.994865
3.6640168E-4, 0.0, 0.0, 0.0, -48.09056, -24.062084, -27.847355, 3
3.197937, 39.54725, 35.826813, 59.085484, 40.087738, 35.833893, 6.1912026, 17.406736
0.4201911, -30.98177, -29.702204, -39.316025, 0.0, 0.0, 0.0, -1
10.756073, 36.539005, 21.872986, 59.085484, 22.39215, 21.882568, 5.090602, 17.406223
5.0313754, -34.789703, -24.705835, -40.504463, 0.0, 0.0, 0.0, 2
8.423279, 32.08035, 30.482056, 57.203506, 40.92743, 32.4823, 3.560863, 15.924687
4.325844, -36.47685, -19.117344, -44.405807, 0.0, 0.0, 0.0, 2
7.5327454, 29.115656, 36.048004, 55.204792, 79.05122, 41.585266, 2.5396872, 14.341388
1.9395323, -38.915676, -11.848746, -49.235577, 0.0, 0.0, 0.0, 2
2.7138367, 26.746428, 44.943848, 53.69467, 121.73453, 54.39914, 2.846996, 13.252443
9.536743E-7, 0.0, 0.0, 0.0, 47.401382, 20.062565, 32.536053, -1
167.96286, 12.099435, 176.42511, 52.0204, 173.50256, 172.82285, 22.390512, 10.71647
0.8747844, 34.147358, 33.97684, 31.875801, 0.0, 0.0, 0.0, -1
166.26889, 12.95675, 173.99152, 52.89366, 171.31116, 169.18723, 23.12706, 13.635818
0.0, 0.0, 0.0, 0.0, -44.32698, -11.346047, -44.32698, 3
128.60614, 12.95675, 136.32877, 52.89366, 134.2926, 151.24515, 21.453487, 11.318046
0.0, 0.0, 0.0, 0.0, -38.208206, -23.583588, -38.208206, 3
93.349625, 12.95675, 101.07225, 52.89366, 100.432724, 110.49193, 18.573109, 7.6557784
0.0, 0.0, 0.0, 0.0, -38.346703, -23.306595, -38.346703, 3
63.93665, 12.95675, 71.65927, 52.89366, 71.712494, 72.15143, 17.421377, 5.089111
0.0, 0.0, 0.0, 0.0, -39.751835, -20.496319, -39.751842, 5
59.819763, 12.95675, 67.54239, 52.89366, 67.594696, 67.299286, 17.421352, 4.956961
0.0, 0.0, 0.0, 0.0, -40.00001, -19.999977, -40.00001, 3
44.868164, 12.95675, 52.59079, 52.89366, 52.64032, 52.347717, 17.421267, 4.956965
0.0, 0.0, 0.0, 0.0, 39.827076, 19.913538, 40.259384, -1
54.78891, 20.388102, 58.802032, 52.89366, 58.96814, 58.55896, 17.45309, 4.956965
0.5999774, -32.95672, -31.233648, -35.80963, 0.0, 0.0, 0.0, -1
53.713257, 20.39732, 57.741028, 52.89366, 57.907135, 57.497955, 17.45309, 4.956965
1.750634, -34.645336, -28.606808, -36.747856, 0.0, 0.0, 0.0, 2
56.782562, 20.398087, 60.812042, 52.89366, 60.97815, 60.56897, 17.45309, 4.956965
6.212787, -47.3779, -9.730502, -42.891598, 0.0, 0.0, 0.0, 0
56.58252, 19.702356, 58.729004, 52.257015, 59.175568, 63.806, 16.818472, 4.740723
9.596545, -49.62646, 23.139265, -27.234272, 0.0, 0.0, 0.0, 0
69.83194, 15.605944, 63.193237, 48.423965, 77.84595, 134.09483, 13.665419, 5.917429
4.336419, -38.356304, 43.350395, -18.293303, 0.0, 0.0, 0.0, 0
75.5491, 12.050045, 67.05287, 45.89214, 100.867004, 154.97519, 13.653496, 11.097099
0.0, 0.0, 0.0, 0.0, -24.054453, -43.52785, -32.417698, 4
61.344284, 11.607847, 57.30986, 45.89214, 91.120636, 121.5535, 13.6525135, 6.1944065
0.0, 0.0, 0.0, 0.0, 43.906754, -22.874304, 33.218945, 4
70.36449, 11.607861, 66.32988, 45.89214, 75.59076, 79.607086, 15.664656, 4.679754
0.0, 0.0, 0.0, 0.0, 48.529995, 16.741745, 34.728256, -1
75.91318, 14.212035, 79.380875, 45.89214, 82.13263, 79.40988, 16.864473, 5.000641
0.0, 0.0, 0.0, 0.0, -39.464283, -19.74769, -40.78803, 5
82.47922, 15.012763, 86.98387, 45.89214, 86.830124, 87.00615, 17.538408, 5.000944
0.0, 0.0, 0.0, 0.0, -39.995262, -20.009691, -39.99505, 3
64.312256, 15.0132885, 68.81688, 45.89214, 68.585205, 68.832275, 17.55826, 5.0013485
0.0, 0.0, 0.0, 0.0, -42.72301, -21.374702, -35.902283, 3
20.797094, 14.257834, 21.438354, 45.89214, 21.562595, 21.435633, 17.559307, 5.0017114
0.0, 0.0, 0.0, 0.0, 39.34388, 19.670261, 40.98586, -1
69.54828, 14.234475, 70.38594, 45.89214, 70.60957, 70.38104, 17.559307, 5.0017114
0.0, 0.0, 0.0, 0.0, -60.702026, -30.351013, -8.946963, 3
71.23848, 14.430075, 70.69093, 45.89214, 70.914566, 70.686035, 17.559307, 5.0017114
0.7199998, -34.86766, -32.887955, -32.24439, 0.0, 0.0, 0.0, -1
70.253586, 15.229936, 67.423935, 45.005825, 67.64757, 68.48562, 16.968134, 4.634517
7.1290197, -83.42486, 8.295541, -8.279598, 0.0, 0.0, 0.0, 0
100.60713, 16.799276, 59.15782, 36.99067, 88.24489, 155.65683, 12.015901, 10.021348
3.1002512, -32.019962, 36.672127, 31.307905, 0.0, 0.0, 0.0, 0
106.0504, 17.852062, 55.23091, 34.2436, 101.00993, 148.92703, 12.32582, 10.681339
0.0, 0.0, 0.0, 0.0, -32.771404, -34.45719, -32.771404, 4
102.7854, 17.852062, 51.96591, 34.2436, 95.32312, 141.66148, 11.866297, 9.276588
0.0, 0.0, 0.0, 0.0, -33.70813, -32.583733, -33.70813, 3
96.3604, 17.852062, 45.54091, 34.2436, 83.06645, 130.21826, 10.963785, 8.011777
0.0, 0.0, 0.0, 0.0, -2.8812184, -86.74618, -10.372598, 4
41.46875, 17.852062, 9.350739, 34.2436, 8.835724, 3.2782288, 8.995891, 4.5775514
0.0, 0.0, 0.0, 0.0, -63.860695, -21.986486, 14.152813, 3
51.47171, 17.852062, 0.6522217, 34.2436, 0.02859497, 0.48886108, 9.000033, 5.0543776
0.0, 0.0, 0.0, 0.0, 45.70595, 23.78845, -30.5056, 5
37.035095, 17.852062, 13.784393, 34.2436, 14.4062195, 14.937805, 8.999708, 5.0548043
0.0, 0.0, 0.0, 0.0, 66.65183, 33.325916, -0.022250956, 5
8.146179, 17.852062, 42.67331, 34.2436, 43.295135, 43.82672, 8.999708, 5.0548043
0.0, 0.0, 0.0, 0.0, 40.90778, 20.45389, 38.638332, -1
40.518585, 17.852062, 91.33807, 34.2436, 91.9599, 92.491486, 8.999708, 5.0548043
0.0, 0.0, 0.0, 0.0, -40.0, -20.0, -40.0, 3
21.16159, 17.852062, 71.98108, 34.2436, 72.602905, 73.13449, 8.999708, 5.0548043
0.0, 0.0, 0.0, 0.0, 40.0, 20.0, 40.0, -1
52.64055, 17.852062, 103.46004, 34.2436, 104.08186, 104.61345, 8.999708, 5.0548043
0.23999602, 7.3670335, 10.842305, -81.79066, 0.0, 0.0, 0.0, -1
62.190197, 17.852062, 113.00969, 34.2436, 113.631516, 114.1631, 8.999708, 5.0548043
3.3127365, 8.455152, 33.602345, -57.942505, 0.0, 0.0, 0.0, 2
57.050102, 17.852062, 107.86959, 34.2436, 108.49142, 109.023, 8.999708, 5.0548043
6.9453316, 8.549292, 44.10649, -47.34422, 0.0, 0.0, 0.0, 2
46.903103, 17.852062, 97.722595, 34.2436, 98.34442, 98.87601, 8.999708, 5.0548043
10.23027, 8.72741, 45.4606, -45.81199, 0.0, 0.0, 0.0, 2
62.020164, 11.170353, 95.80807, 35.36645, 126.53222, 143.06744, 12.67057, 10.516524
2.2577372, -13.84085, 48.15451, -38.004642, 0.0, 0.0, 0.0, 2
74.08412, 10.050725, 96.946976, 35.787533, 130.06123, 141.93575, 13.87182, 10.433581
0.0, 0.0, 0.0, 0.0, -40.378647, -27.697453, -31.923899, 3
63.206207, 10.559788, 84.40808, 35.787533, 113.20111, 124.913376, 12.677148, 9.076822
0.0, 0.0, 0.0, 0.0, -38.770443, -29.21169, -32.017868, 3
34.462555, 14.561213, 47.059418, 35.787533, 65.33548, 75.19806, 10.699709, 6.8518357
0.0, 0.0, 0.0, 0.0, -43.240993, -35.05892, -21.700079, 3
19.565674, 16.742245, 29.328644, 35.787533, 40.94931, 47.66861, 9.892757, 5.9043107
0.0, 0.0, 0.0, 0.0, -49.05804, -48.212875, 2.7290819, 3
7.3951416, 17.24357, 16.614319, 35.787533, 24.260178, 28.477188, 9.523641, 5.483904
0.0, 0.0, 0.0, 0.0, 19.086462, -6.6959047, 74.217636, 4
4.275635, 17.31129, 13.424042, 35.787533, 17.144196, 18.375397, 9.22894, 5.1643157
0.0, 0.0, 0.0, 0.0, 37.37983, 18.089828, 44.530342, -1
37.55011, 17.313187, 28.401001, 35.787533, 28.292664, 29.443054, 8.977702, 4.9716415
0.0, 0.0, 0.0, 0.0, 39.99994, 19.99997, 40.00009, -1
85.468124, 17.314142, 76.31865, 35.787533, 76.200424, 77.3607, 8.978168, 4.9716415
0.17999998, -37.28992, -36.21227, -26.49781, 0.0, 0.0, 0.0, -1
84.482544, 17.314142, 75.33307, 35.787533, 75.21484, 76.37512, 8.978168, 4.9716415
3.4268441, -44.115845, -26.493464, -29.39069, 0.0, 0.0, 0.0, 0
85.095, 17.314142, 75.945526, 35.787533, 75.8273, 76.98758, 8.978168, 4.9716415
1.2563021, -37.917915, -34.01623, -28.065855, 0.0, 0.0, 0.0, 0
57.711273, 16.783434, 46.63217, 35.088688, 50.135406, 55.144135, 8.451795, 4.485978
3.9053488, -61.332027, -9.571614, -29.096355, 0.0, 0.0, 0.0, 0
85.81763, 15.199125, 64.65735, 32.255547, 84.00046, 110.19699, 7.4235725, 4.1875973
0.0012569579, 0.0, 0.0, 0.0, -29.81816, -40.36948, -29.812359, 4
72.95311, 15.198788, 51.791214, 32.254993, 63.827652, 82.72432, 7.8444324, 4.121053
0.0012653116, 0.0, 0.0, 0.0, -34.052322, -31.898993, -34.048687, 3
75.618, 15.198661, 54.45552, 32.254795, 64.14427, 80.28053, 8.018595, 4.1617146
0.0012831222, 0.0, 0.0, 0.0, -33.126465, -33.752037, -33.1215, 4
47.233322, 15.198192, 26.06868, 32.25404, 28.08876, 34.532425, 8.754169, 4.5831895
0.0013064535, 0.0, 0.0, 0.0, 41.294415, 17.404442, 41.30114, -1
68.85977, 15.197714, 47.6929, 32.25326, 49.58249, 51.491608, 8.76885, 4.791126
0.0012813117, 0.0, 0.0, 0.0, 39.99099, 20.010569, 39.998444, -1
81.60025, 15.196466, 60.427826, 32.25128, 62.325714, 64.24899, 8.766929, 4.791304
0.001220733, 0.0, 0.0, 0.0, 39.99487, 20.005413, 39.99972, -1
107.09752, 15.19599, 85.92293, 32.250523, 87.82399, 89.751114, 8.766193, 4.7905917
0.0012910017, 0.0, 0.0, 0.0, -40.004852, -19.994854, -40.000298, 3
107.92207, 15.195771, 86.746475, 32.250175, 88.64909, 90.57811, 8.76585, 4.79026
0.72109336, -44.603043, -38.501682, -16.895277, 0.0, 0.0, 0.0, -1
106.64392, 15.195652, 85.46777, 32.24998, 87.37125, 89.3013, 8.765662, 4.7900777
3.6496353, -59.9739, -27.08817, -12.937927, 0.0, 0.0, 0.0, 0
87.45575, 15.195368, 66.27838, 32.249542, 68.18359, 70.11575, 8.765236, 4.789664
6.4033647, -85.55588, -7.1441026, -7.3000164, 0.0, 0.0, 0.0, 0
75.89162, 15.19526, 54.7137, 32.249355, 56.619766, 58.552994, 8.765058, 4.7894917
7.4526834, -86.72241, 11.635659, 1.6419312, 0.0, 0.0, 0.0, 0
83.45244, 14.814222, 57.04088, 30.976995, 66.445145, 78.77049, 8.00535, 4.1901836
4.191496, -46.109802, 37.979286, 15.910914, 0.0, 0.0, 0.0, 0
100.5975, 15.938696, 56.75241, 26.829237, 103.02606, 129.78174, 8.162584, 6.86328
0.83349466, -57.295715, 34.1519, 8.552376, 0.0, 0.0, 0.0, -1
89.24634, 16.01985, 43.823425, 26.30441, 94.42587, 112.721436, 8.298864, 6.244891
3.688468E-4, 0.0, 0.0, 0.0, -23.501122, -43.40547, -33.093403, 4
53.655273, 16.019644, 8.231201, 26.303978, 45.279785, 50.136444, 7.8342767, 4.717496
1.6212463E-5, 0.0, 0.0, 0.0, 30.49543, -17.037516, -52.467052, 5
43.431458, 16.01962, 1.9927063, 26.30393, 17.447754, 13.127441, 7.9145775, 4.5924754
0.59773254, -34.170116, -35.676434, -30.153444, 0.0, 0.0, 0.0, -1
38.643127, 16.01962, 6.7810364, 26.30393, 7.138214, 1.2752075, 8.103765, 4.8040605
1.5907671, -34.487766, -35.53624, -29.975996, 0.0, 0.0, 0.0, 1
30.224243, 16.01962, 15.199921, 26.30393, 6.053314, 15.252594, 8.335216, 4.999649
3.332281, -35.178402, -33.127426, -31.69417, 0.0, 0.0, 0.0, 0
31.391724, 14.650114, 18.093445, 24.781315, 20.110657, 20.195007, 7.88023, 3.6408656
1.8952508, -35.020103, -32.511063, -32.468834, 0.0, 0.0, 0.0, 0
30.131409, 12.977773, 24.916962, 23.051641, 31.324646, 40.081787, 6.5366826, 2.098284
0.34613526, -37.630352, -37.23934, -25.130302, 0.0, 0.0, 0.0, -1
42.762543, 12.858092, 12.937286, 22.872986, 14.769836, 8.468231, 8.005851, 2.937758
0.0, 0.0, 0.0, 0.0, 46.17824, 24.066078, -29.755678, 5
47.430542, 12.858092, 8.269287, 22.872986, 8.880493, 5.9746704, 8.642846, 3.1733234
0.527455, -35.68534, -35.67482, -28.639841, 0.0, 0.0, 0.0, -1
151.54779, 19.711374, 131.5791, 53.60107, 94.59793, 110.85715, 37.852528, 31.214502
0.15959911, 38.04148, 12.609681, 49.34884, 0.0, 0.0, 0.0, -1
156.31224, 19.851843, 136.25145, 53.707123, 101.38231, 116.09465, 35.10475, 28.249779
0.0, 0.0, 0.0, 0.0, -40.385983, -19.228031, -40.385983, 3
126.81102, 19.851843, 106.75023, 53.707123, 78.337326, 88.09032, 28.641005, 20.82475
0.0, 0.0, 0.0, 0.0, -40.85021, -18.299585, -40.85021, 3
102.55069, 19.851843, 82.4899, 53.707123, 59.520107, 65.35373, 24.983097, 16.439556
0.0, 0.0, 0.0, 0.0, -41.24937, -17.501257, -41.24937, 3
80.34708, 19.851843, 60.28628, 53.707123, 44.559444, 45.851376, 21.615881, 11.983294
0.0, 0.0, 0.0, 0.0, 37.770386, 27.868002, -34.36161, 5
72.943016, 19.851843, 52.882225, 53.707123, 40.236717, 39.924614, 20.535402, 10.443285
0.0, 0.0, 0.0, 0.0, -41.885937, -16.228123, -41.885937, 3
49.59076, 19.282576, 29.529968, 53.707123, 12.876851, 11.630439, 19.094957, 7.9713655
0.0, 0.0, 0.0, 0.0, 36.713974, 22.529257, -40.756775, 5
7.9632874, 16.552856, 37.527527, 53.707123, 37.286224, 37.90573, 17.459143, 4.948787
0.0, 0.0, 0.0, 0.0, 61.92487, 30.96104, -7.1140924, 5
5.5063324, 15.993445, 44.777817, 53.707123, 44.536423, 45.155685, 17.45914, 4.949303
0.0, 0.0, 0.0, 0.0, 48.88347, 24.441278, 26.675257, -1
13.554794, 13.755544, 86.64789, 53.707123, 86.40634, 87.024445, 17.459139, 4.9513183
0.7798827, 17.656607, 20.697123, -61.64627, 0.0, 0.0, 0.0, -1
0.6562042, 13.184579, 130.28204, 30.307356, 85.57295, 20.519485, 10.700349, 12.7876005
0.0010787036, 0.0, 0.0, 0.0, 42.31357, 19.858326, 37.82811, -1
12.434235, 12.426013, 145.42152, 30.30702, 99.61455, 35.071075, 9.885918, 12.108938
9.789974E-4, 0.0, 0.0, 0.0, -66.21389, -20.983501, 12.802604, 3
18.669159, 11.228498, 114.47322, 30.305407, 55.40277, 3.1756134, 7.3143005, 11.086045
0.70793337, -9.456494, -54.54992, -35.99358, 0.0, 0.0, 0.0, -1
54.572083, 10.837583, 82.564606, 30.208246, 64.9951, 3.5988464, 4.72133, 5.61135
0.0599545, 0.0, 0.0, 0.0, -22.150856, 53.82796, -24.02119, 5
46.99288, 10.803065, 90.5164, 30.200363, 82.125824, 26.699081, 4.791716, 5.1444407
8.95977E-4, 0.0, 0.0, 0.0, -38.037437, 32.567608, -29.394957, 3
37.35417, 10.399096, 98.75433, 30.200197, 97.29776, 51.228638, 4.961254, 5.1413136
0.18024412, -31.234482, -49.74963, -19.015886, 0.0, 0.0, 0.0, -1
38.551636, 9.187453, 92.485275, 30.200018, 92.91307, 60.175125, 5.02569, 5.540652
2.0473094, -34.678234, -40.814434, -24.507336, 0.0, 0.0, 0.0, 1
43.407333, 7.058159, 72.269165, 30.19966, 72.69458, 53.63597, 5.025565, 6.3676567
2.0771859, -31.356695, -28.99769, -39.64562, 0.0, 0.0, 0.0, 2
20.500793, 3.7993765, 66.6364, 29.383627, 84.09715, 68.32915, 4.339999, 7.0874095
0.17999987, -31.659594, -17.6974, -50.643, 0.0, 0.0, 0.0, -1
2.2584229, 3.815196, 66.502396, 29.312712, 82.66109, 68.05382, 4.3566055, 7.7755785
0.0, 0.0, 0.0, 0.0, 17.750977, 7.9194045, 74.32962, -1
66.13231, 9.368949, 81.75639, 29.312712, 86.46864, 81.66463, 4.810183, 9.091258
0.0, 0.0, 0.0, 0.0, -43.51705, -21.75653, -34.726414, 3
48.625397, 15.777612, 54.79428, 29.312712, 59.50653, 54.706146, 4.810183, 9.09365
0.0, 0.0, 0.0, 0.0, -45.15728, -22.48158, -32.361137, 3
7.1080933, 16.267757, 12.872986, 29.312712, 17.585236, 12.784943, 4.810183, 9.093716
0.0, 0.0, 0.0, 0.0, 11.369094, 6.2269797, 82.40393, -1
19.294617, 16.267757, 25.05951, 29.312712, 29.771759, 24.971466, 4.810183, 9.093716
0.0, 0.0, 0.0, 0.0, -18.127445, -8.363975, 73.508575, 3
11.973938, 16.267757, 17.73883, 29.312712, 22.45108, 17.650787, 4.810183, 9.093716
0.0, 0.0, 0.0, 0.0, 29.756975, 15.07255, 55.170475, -1
6.7373047, 16.267757, 0.9724121, 29.312712, 3.7398376, 1.0604553, 4.810183, 9.093716
0.0, 0.0, 0.0, 0.0, 40.0, 20.0, 40.0, -1
28.54358, 16.267757, 22.778687, 29.312712, 18.066437, 22.86673, 4.810183, 9.093716
0.955848, -34.641937, -34.73696, -30.621105, 0.0, 0.0, 0.0, -1
37.00409, 16.267757, 31.239197, 29.312712, 26.526947, 31.32724, 4.810183, 9.093716
2.2943733, -34.538128, -34.010433, -31.451433, 0.0, 0.0, 0.0, 0
16.360855, 14.735899, 8.579742, 27.677446, 5.7827454, 11.205017, 3.5132692, 7.884459
2.3275502, -34.47937, -34.31624, -31.204391, 0.0, 0.0, 0.0, 0
20.11789, 13.738793, 11.232025, 26.631104, 1.0291138, 12.063202, 3.8498528, 8.425089
2.449769, -34.514214, -34.586853, -30.89893, 0.0, 0.0, 0.0, 1
22.502533, 11.051125, 9.859924, 23.788715, 14.952057, 13.573181, 1.6266046, 6.285368
3.874302E-6, 0.0, 0.0, 0.0, 48.848404, 17.49349, -33.658108, 5
22.801575, 11.051118, 10.158936, 23.788708, 17.080902, 12.639893, 2.3319185, 6.980821
0.0, 0.0, 0.0, 0.0, 45.0663, 22.073557, 32.86014, -1
57.91797, 11.051118, 70.56061, 23.788708, 74.50491, 70.19095, 3.2337174, 8.627079
0.77917653, -32.928543, -29.072111, -37.999348, 0.0, 0.0, 0.0, -1
57.90982, 11.051118, 70.55246, 23.788708, 74.49701, 70.1828, 3.2342527, 8.627079
1.8019418, -34.743214, -24.210861, -41.045925, 0.0, 0.0, 0.0, 2
59.632812, 11.051118, 72.27545, 23.788708, 76.22, 71.90579, 3.2342527, 8.627079
3.8162582, -41.158638, -11.287667, -47.553696, 0.0, 0.0, 0.0, 2
47.976807, 11.051118, 60.619446, 23.788708, 64.563995, 60.249786, 3.2342527, 8.627079
9.889047, -35.759033, 39.084286, -25.15668, 0.0, 0.0, 0.0, 0
54.439987, 9.783073, 63.713974, 22.789452, 85.95848, 71.15672, 2.8992946, 8.265524
12.65826, -10.264456, 70.93898, 18.796562, 0.0, 0.0, 0.0, 0
87.92844, 7.8175488, 76.04285, 20.780134, 147.48914, 106.30032, 5.514647, 8.734032
4.8986096, 6.245124, 56.483234, 37.27164, 0.0, 0.0, 0.0, -1
119.57626, 11.885811, 85.385376, 21.25007, 147.01585, 125.22357, 11.402555, 14.319552
0.3608983, -5.995087, 56.381763, 37.62315, 0.0, 0.0, 0.0, -1
104.14485, 12.067462, 69.43526, 21.223928, 128.66124, 109.46504, 10.302476, 14.5300865
0.0016517722, 0.0, 0.0, 0.0, -36.911003, -26.185158, -36.90384, 3
85.14043, 12.067026, 50.42784, 21.223043, 96.96669, 90.46001, 6.4498444, 14.529737
0.55140674, -48.610878, -26.442247, -24.946875, 0.0, 0.0, 0.0, -1
67.98682, 11.74184, 31.261505, 20.622578, 41.370026, 54.559174, 3.3577642, 14.586548
0.0014582991, 0.0, 0.0, 0.0, -7.37414, -27.119425, -65.50643, 5
43.55197, 11.741597, 6.8241577, 20.621912, 5.333191, 22.078308, 3.5367887, 11.775496
0.4812369, -36.573544, -35.921497, -27.504957, 0.0, 0.0, 0.0, -1
30.961182, 11.741493, 5.767761, 20.62161, 7.2578125, 7.2489624, 3.5369608, 11.211605
1.2298973, -36.34377, -36.03463, -27.6216, 0.0, 0.0, 0.0, 0
121.96925, 26.231962, 123.91365, 53.327724, 155.62761, 157.55193, 61.37247, 62.489258
1.689209, 30.361553, 45.93247, 23.705978, 0.0, 0.0, 0.0, -1
121.08926, 27.064955, 129.35753, 54.382214, 160.15828, 162.32784, 62.994633, 63.841785
1.0662403E-6, 0.0, 0.0, 0.0, -39.947617, -20.104797, 39.947586, 3
116.523254, 27.064953, 133.9235, 54.382214, 164.72354, 167.08499, 62.99507, 61.043343
0.0, 0.0, 0.0, 0.0, -42.147324, -21.357529, 36.495148, 3
142.17432, 27.064953, 108.27243, 54.382214, 137.74179, 141.04916, 56.05279, 53.614433
0.0, 0.0, 0.0, 0.0, -63.96901, -32.281925, -3.749061, 3
178.33725, 27.064953, 72.1095, 54.382214, 100.57361, 104.60373, 51.75598, 49.21277
0.0, 0.0, 0.0, 0.0, -40.09166, -20.579115, -39.329224, 3
145.56274, 27.064953, 36.00949, 54.382214, 62.298523, 67.884155, 44.434322, 41.680332
0.0, 0.0, 0.0, 0.0, 1.1893531, -27.747658, -71.06299, 5
94.80352, 25.449518, 10.445007, 54.382214, 12.152924, 20.3349, 35.95867, 32.79885
0.0, 0.0, 0.0, 0.0, 34.995167, 3.9127312, -61.09211, 5
80.54977, 23.05467, 15.925964, 54.382214, 4.1140137, 14.05722, 31.81388, 28.407433
0.8384917, -26.407558, -39.85869, -33.733753, 0.0, 0.0, 0.0, -1
54.3664, 22.348822, 38.55313, 54.382214, 19.591858, 8.927277, 30.361956, 26.867495
1.7783023, -25.75214, -38.255913, -35.991947, 0.0, 0.0, 0.0, 1
28.894043, 20.885387, 52.981567, 54.382214, 37.683777, 24.591797, 26.331526, 22.522055
1.798283, -25.183403, -36.55689, -38.25971, 0.0, 0.0, 0.0, 2
22.439667, 19.79822, 56.86023, 53.904297, 43.713226, 29.364746, 24.306534, 20.238508
0.95980465, -24.990969, -35.692005, -39.317028, 0.0, 0.0, 0.0, -1
17.256989, 18.536161, 52.246246, 53.36198, 47.126556, 30.577301, 19.477085, 12.081656
0.0, 0.0, 0.0, 0.0, 41.597305, 32.19306, -26.209631, 5
19.434814, 16.723549, 88.930695, 53.36198, 88.112915, 73.04953, 17.779678, 8.626256
0.0, 0.0, 0.0, 0.0, -47.135815, 5.752611, -47.111572, 3
9.005493, 16.679138, 78.49692, 53.36198, 78.7092, 66.44064, 17.427853, 7.2881846
0.0, 0.0, 0.0, 0.0, 37.762432, 24.473028, 37.76454, -1
30.46936, 16.679317, 99.959076, 53.36198, 100.17105, 99.57486, 17.427847, 5.0631757
0.0, 0.0, 0.0, 0.0, -39.993233, -20.013536, -39.993233, 3
16.151642, 16.679317, 85.64136, 53.36198, 85.8533, 85.245026, 17.427845, 5.065468
0.0, 0.0, 0.0, 0.0, 40.000412, 19.999172, 40.000412, -1
29.476013, 16.679317, 98.96573, 53.36198, 99.17767, 98.56711, 17.427845, 5.065878
0.6579065, 22.710981, 24.778725, -52.510296, 0.0, 0.0, 0.0, -1
36.476105, 16.679317, 105.96582, 53.36198, 106.177765, 105.5672, 17.427845, 5.065878
1.1769233, 8.571428, 13.927179, -77.50139, 0.0, 0.0, 0.0, 2
6.465271, 13.553172, 75.10675, 53.47511, 76.30078, 79.262054, 17.502388, 5.065322
1.3178174, -28.680096, -23.54784, -47.772068, 0.0, 0.0, 0.0, 2
13.5920105, 12.718125, 56.398346, 53.06259, 59.116455, 57.019623, 17.112621, 5.005265
0.53939325, -28.937578, -26.756838, -44.305584, 0.0, 0.0, 0.0, -1
37.861053, 11.306995, 33.94867, 52.7424, 31.334656, 15.2699585, 17.765064, 5.898975
0.0, 0.0, 0.0, 0.0, -25.54278, 5.014119, 69.4431, 3
68.044495, 11.20338, 3.8103333, 52.7424, 2.6784058, 2.3448486, 17.611303, 5.207234
2.870994, -48.11735, -44.843433, 7.039212, 0.0, 0.0, 0.0, 0
105.751816, 11.6209345, 20.691513, 50.04235, 23.944382, 42.750168, 15.197769, 2.879193
0.0, 0.0, 0.0, 0.0, 46.788536, 6.4229307, 46.788536, -1
134.41241, 11.6209345, 49.35211, 50.04235, 49.78116, 51.22467, 17.15468, 4.66971
0.0, 0.0, 0.0, 0.0, 15.812906, 6.775627, -77.41146, 5
2.0266113, 11.6209345, 87.086914, 50.04235, 86.65787, 85.24048, 17.154684, 4.670615
0.0, 0.0, 0.0, 0.0, -40.99838, -20.497107, 38.504513, 3
33.285004, 11.6209345, 51.7753, 50.04235, 51.346252, 49.9404, 17.154684, 4.6710825
0.0, 0.0, 0.0, 0.0, 17.82607, 9.878228, 72.2957, -1
40.960815, 11.6209345, 44.099487, 50.04235, 43.67044, 42.264587, 17.154684, 4.6710825
0.7167038, -12.5386505, -7.2144465, 80.2469, 0.0, 0.0, 0.0, -1
49.36029, 11.6209345, 35.700012, 50.04235, 35.270966, 33.865112, 17.154684, 4.6710825
4.2884884, -24.979086, -4.6079893, 70.412926, 0.0, 0.0, 0.0, 0
170.72421, 11.6209345, 85.66391, 50.04235, 86.09296, 87.49881, 17.154684, 4.6710825
12.35858, -25.109335, 16.243511, 58.647156, 0.0, 0.0, 0.0, 0
163.5164, 27.45245, 77.116394, 44.01404, 113.1759, 160.8151, 16.686611, 14.0699005
0.0035343221, 0.0, 0.0, 0.0, -24.786997, -29.22653, -45.986473, 5
83.49573, 24.644102, 12.575623, 44.01183, 31.937744, 67.263794, 16.22666, 6.410874
0.0034622315, 0.0, 0.0, 0.0, 37.77906, 3.8420987, -58.378838, 5
16.103058, 24.342497, 30.320679, 44.009262, 29.447784, 28.535553, 17.39347, 4.9634204
0.003350801, 0.0, 0.0, 0.0, 52.687923, 28.339695, 18.972382, -1
2.1224976, 25.596643, 38.352295, 44.008503, 38.689636, 39.322266, 17.543205, 5.020453
0.0034941556, 0.0, 0.0, 0.0, -51.837166, -25.884115, -22.278725, 3
0.67419434, 27.59698, 27.826202, 44.006706, 28.171448, 28.811249, 17.542667, 5.019455
0.0036310984, 0.0, 0.0, 0.0, 40.140556, 20.108948, 39.750496, -1
23.712677, 27.59007, 50.86209, 44.00347, 51.219513, 51.907684, 17.539604, 5.016456
0.0034449692, 0.0, 0.0, 0.0, -40.017956, -19.962994, -40.019054, 5
9.235199, 27.587702, 36.384888, 44.00191, 36.74655, 37.452576, 17.538057, 5.0149355
0.0032695096, 0.0, 0.0, 0.0, -56.04638, -27.961277, -15.9923525, 3
0.12832642, 27.585491, 27.277954, 44.00063, 27.644287, 28.369751, 17.536798, 5.013703
0.0031340949, 0.0, 0.0, 0.0, -40.326637, -20.119331, 39.55403, 3
1.388794, 27.581348, 25.760254, 43.99846, 26.136139, 26.90155, 17.534655, 5.0116243
0.0037934757, 0.0, 0.0, 0.0, 45.915127, 22.987104, 31.097773, -1
13.3471985, 27.56816, 40.49701, 43.990234, 40.898376, 41.77072, 17.526516, 5.0036716
0.0035553046, 0.0, 0.0, 0.0, -40.018005, -19.962957, -40.019035, 5
14.782379, 27.567526, 41.932495, 43.989708, 42.334564, 43.20996, 17.525991, 5.003153
0.0037341313, 0.0, 0.0, 0.0, -40.018955, -19.962431, -40.018616, 3
0.41375732, 27.564444, 27.563751, 43.98793, 27.97232, 28.875, 17.524239, 5.001452
0.0032406617, 0.0, 0.0, 0.0, 39.98493, 20.030306, 39.984764, -1
0.6837158, 27.561277, 26.466187, 43.986107, 26.88147, 27.812317, 17.522438, 4.999706
0.0036032335, 0.0, 0.0, 0.0, 41.54757, 20.810757, 37.641674, -1
8.550262, 27.55882, 35.70117, 43.98413, 36.119507, 37.063354, 17.520472, 4.9977655
0.3620538, -31.760893, -30.80252, -37.436584, 0.0, 0.0, 0.0, -1
13.793488, 27.558268, 40.94464, 43.983685, 41.363647, 42.310455, 17.520031, 4.997329
0.7219816, -31.72007, -30.855347, -37.424583, 0.0, 0.0, 0.0, -1
13.311432, 27.557375, 40.46222, 43.983322, 40.883728, 41.84082, 17.519676, 4.9969964
0.7217642, -31.723028, -30.85686, -37.420113, 0.0, 0.0, 0.0, -1
9.115143, 27.556664, 36.266052, 43.98284, 36.68878, 37.65103, 17.519201, 4.99653
0.721547, -31.722578, -30.85448, -37.42294, 0.0, 0.0, 0.0, -1
1.5508118, 26.840477, 29.060333, 43.382057, 29.275146, 32.349396, 17.396397, 4.6646333
0.0015648614, 0.0, 0.0, 0.0, -33.982025, -20.021976, 45.996002, 3
2.7329712, 26.839853, 24.776367, 43.381767, 24.659088, 27.667267, 17.560482, 4.702597
4.0937721E-4, 0.0, 0.0, 0.0, 48.091705, 24.689322, 27.218973, -1
36.212585, 26.839174, 8.703461, 43.381462, 8.817932, 5.8027954, 17.560808, 4.7023373
0.0, 0.0, 0.0, 0.0, 61.53735, 33.11338, -5.3492627, 5
18.008484, 26.839174, 45.51761, 43.381462, 45.403748, 48.418274, 17.561129, 4.7023373
0.0, 0.0, 0.0, 0.0, 40.0, 20.0, 40.0, -1
59.082397, 26.839174, 86.59152, 43.381462, 86.47806, 89.49219, 17.561241, 4.7023373
0.0, 0.0, 0.0, 0.0, -40.0, -20.0, -40.0, 3
34.027954, 26.839174, 61.53708, 43.381462, 61.423615, 64.437744, 17.561241, 4.7023373
0.959559, -26.369936, -21.319006, -52.311058, 0.0, 0.0, 0.0, -1
22.003662, 26.839174, 49.512787, 43.381462, 49.399323, 52.413452, 17.561241, 4.7023373
4.1512933, -31.309309, -14.214119, -54.47657, 0.0, 0.0, 0.0, 2
49.26059, 26.839174, 76.769714, 43.381462, 76.65625, 79.67038, 17.561241, 4.7023373
8.362564, -35.291885, 1.0760001, -63.632114, 0.0, 0.0, 0.0, 2
36.13861, 26.839174, 63.647736, 43.381462, 63.53427, 66.5484, 17.561241, 4.7023373
12.878915, -28.754436, 18.34595, -52.899612, 0.0, 0.0, 0.0, 2
43.337524, 21.079956, 69.38757, 40.18066, 79.04053, 134.76082, 15.730834, 5.799922
7.778486, -26.997398, 27.541893, -45.460705, 0.0, 0.0, 0.0, 2
67.485535, 13.626918, 68.74017, 36.914726, 90.73917, 153.53297, 12.4569645, 13.423999
1.9316156, -41.036514, 20.676346, -38.287144, 0.0, 0.0, 0.0, 0
60.30446, 12.611651, 53.56598, 36.01684, 79.41565, 139.15068, 10.715393, 14.113863
0.4868953, -53.199875, 4.3072577, -42.492874, 0.0, 0.0, 0.0, -1

NONPOS KNOWLEDGE:
8.719925, 19.896927, 99.7113, 57.380093, 102.32605, 100.32272, 4.9369106, 17.426353
0.0, 0.0, 0.0, 0.0, 0.0, 0.0, 0.0, -1
6.6924286, 17.63332, 101.92131, 57.380093, 55.998856, 87.53679, 5.0621805, 15.880135
0.030000249, 0.0, 0.0, 0.0, -32.916466, -34.042145, 33.04139, 4
9.227432, 17.63332, 99.38631, 57.380093, 30.271332, 73.969406, 6.9471483, 15.538736
0.034285195, 0.0, 0.0, 0.0, -36.55204, -26.777231, 36.670727, 3
54.68477, 17.578096, 54.065063, 57.375557, 36.338272, 8.353775, 13.410548, 16.432985
0.479625, -23.961441, -45.444862, -30.593699, 0.0, 0.0, 0.0, -1
47.467957, 17.578096, 61.281876, 57.375557, 31.018372, 13.720444, 14.775369, 16.633585
3.109569, -21.093575, -46.13396, -32.772465, 0.0, 0.0, 0.0, 1
48.224716, 14.765866, 72.982285, 55.968246, 30.74202, 26.602386, 12.517744, 13.396702
0.0, 0.0, 0.0, 0.0, 41.392273, 24.830267, -33.777462, 5
2.4006042, 13.610222, 123.61607, 55.968246, 20.760635, 79.99397, 11.851324, 13.280218
0.0, 0.0, 0.0, 0.0, -40.092983, -11.694477, 48.212536, 3
44.213264, 26.72996, 168.44437, 27.463297, 159.55185, 147.17377, 27.481117, 23.614532
0.0, 0.0, 0.0, 0.0, -47.126392, 7.9625497, 44.911057, 3
94.87894, 28.489567, 116.76109, 27.463297, 153.05821, 169.17851, 23.397907, 20.325726
0.0, 0.0, 0.0, 0.0, 34.664486, -22.78315, -42.552364, 5
15.045761, 31.009943, 164.66422, 27.463297, 116.17163, 92.28134, 17.320614, 16.405615
0.0, 0.0, 0.0, 0.0, 34.499218, -61.39985, 4.1009326, 4
28.500511, 31.008835, 178.1192, 27.463297, 111.86082, 83.98451, 13.506451, 15.372633
0.6443341, 50.41642, 6.1695175, -43.414055, 0.0, 0.0, 0.0, -1
31.907375, 28.76741, 177.19522, 30.158613, 87.52338, 72.27968, 11.635057, 15.715554
5.005289, 51.475006, -6.9197216, -41.605274, 0.0, 0.0, 0.0, 2
53.746136, 19.754427, 176.7052, 41.75915, 115.663124, 72.77067, 11.371653, 14.9796295
0.8771425, -47.80619, 13.511112, 38.682697, 0.0, 0.0, 0.0, -1
45.43515, 19.65657, 174.32947, 41.97638, 107.06976, 62.13894, 11.436441, 15.168537
1.3234227, -53.613327, 9.09877, 37.287907, 0.0, 0.0, 0.0, 0
48.7799, 21.12942, 179.20212, 40.059155, 104.210464, 57.569824, 11.126627, 17.160757
0.38728693, 19.650578, -38.42796, -41.92147, 0.0, 0.0, 0.0, -1
55.152786, 21.42639, 171.36739, 39.50123, 109.165, 63.514114, 10.902983, 17.382965
3.0654335, 60.207325, -3.7468634, -36.04581, 0.0, 0.0, 0.0, 2
49.62716, 20.966455, 178.39584, 40.209377, 105.75221, 58.541256, 11.083144, 17.010027
2.7648506, 63.80682, 1.3361988, -34.85698, 0.0, 0.0, 0.0, 2
56.474693, 19.436241, 177.21779, 42.7009, 118.56029, 67.495, 11.993432, 15.843884
1.2722121, 61.278553, 27.10281, -11.618637, 0.0, 0.0, 0.0, 2
80.08803, 19.119596, 156.22067, 43.531578, 142.83984, 91.80272, 12.549752, 15.690017
0.3711581, 61.408573, 27.496332, -11.095104, 0.0, 0.0, 0.0, -1
87.7254, 19.205976, 146.56859, 43.01865, 150.60411, 99.042595, 12.08811, 15.662772
1.0199263, 60.089146, 39.639137, 0.271715, 0.0, 0.0, 0.0, -1
92.21195, 19.204529, 145.43144, 43.76508, 154.31685, 104.05149, 12.885914, 15.842398
0.5464431, 5.6402626, -47.4433, -46.916435, 0.0, 0.0, 0.0, -1
87.30095, 19.209255, 150.78922, 43.86395, 149.27734, 99.202866, 12.994163, 15.87196
0.0, 0.0, 0.0, 0.0, 40.002155, -20.001074, -39.996773, -1
72.64435, 19.138273, 166.2161, 44.095875, 134.6694, 84.72034, 13.164939, 15.852519
0.0033381362, 0.0, 0.0, 0.0, -39.99046, 20.002365, 40.00717, 3
81.53896, 19.13853, 157.32712, 44.09628, 143.55865, 93.61397, 13.16628, 15.853635
0.003136049, 0.0, 0.0, 0.0, -39.99362, 20.001566, 40.004814, 3
86.69813, 19.138374, 152.17105, 44.096756, 148.71603, 98.7729, 13.166953, 15.8539505
0.3209431, -8.476071, -50.175262, -41.348663, 0.0, 0.0, 0.0, -1
143.90727, 18.59577, 92.73204, 44.013973, 151.46892, 156.15074, 12.53198, 15.232974
0.0037029597, 0.0, 0.0, 0.0, -53.402554, -18.804201, -27.793238, 3
171.40773, 18.59669, 48.06035, 44.014847, 106.79729, 159.16595, 12.535189, 15.235667
0.0033624452, 0.0, 0.0, 0.0, 5.3379874, -34.3284, -60.333614, 5
127.419205, 17.30818, 1.70578, 44.016254, 59.37442, 113.055244, 12.347463, 14.898481
0.003823726, 0.0, 0.0, 0.0, 43.518536, -20.898518, -35.582943, -1
86.82115, 12.937639, 48.45099, 44.018154, 0.616333, 65.02439, 10.933419, 12.516967
0.422637, 8.922066, 53.890438, 37.1875, 0.0, 0.0, 0.0, -1
77.30632, 12.25971, 59.70749, 44.21211, 15.29657, 54.386684, 10.9193535, 11.814106
2.1819515, 27.202787, 45.759346, 27.037868, 0.0, 0.0, 0.0, -1
42.28371, 15.751166, 42.36493, 50.925156, 10.992218, 24.368166, 20.858936, 15.7243595
2.1575346, 30.177763, 38.83842, 30.983814, 0.0, 0.0, 0.0, -1
32.82574, 18.579988, 42.492004, 53.618008, 12.211975, 17.994354, 24.417578, 19.082415
0.7713057, 21.102118, 39.161934, 39.735947, 0.0, 0.0, 0.0, -1
32.99462, 15.295407, 109.0094, 53.70989, 110.13202, 107.065735, 17.528902, 5.0571785
1.3598179, -6.0088725, 2.6847773, -91.30635, 0.0, 0.0, 0.0, 2
2.828805, 13.761911, 74.732414, 53.372837, 77.705315, 87.794914, 17.295044, 4.8539557
0.58974296, -23.800812, 49.99999, -26.199202, 0.0, 0.0, 0.0, -1
23.856976, 11.661699, 101.27057, 53.295868, 102.413055, 107.858826, 17.407885, 4.8917413
1.3144075, 22.82543, 22.76922, 54.40535, 0.0, 0.0, 0.0, -1
29.296051, 7.6327305, 65.00908, 57.15505, 66.939285, 65.42934, 4.687728, 17.165106
2.002625E-4, 0.0, 0.0, 0.0, 47.09736, 19.202507, -33.700134, 5
4.4952545, 7.6328764, 98.79993, 57.15508, 100.728455, 99.21985, 4.6877522, 17.165134
2.0279935E-4, 0.0, 0.0, 0.0, 46.478886, 13.381854, 40.13926, -1
3.16082, 29.133652, 134.17612, 26.720459, 66.49497, 82.2413, 34.768017, 36.973274
0.9872722, -27.241861, 23.477793, 49.280346, 0.0, 0.0, 0.0, -1
12.276882, 29.742218, 125.40813, 26.720459, 55.915504, 73.47328, 33.63039, 36.97328
1.8480644, -27.857086, 23.38769, 48.755222, 0.0, 0.0, 0.0, 0
12.522911, 32.9881, 124.06901, 26.196136, 46.886307, 70.3021, 30.59705, 34.704884
0.53117406, -44.89423, -37.1179, 17.987867, 0.0, 0.0, 0.0, -1
12.885372, 34.86286, 122.190125, 25.659971, 40.349136, 65.78433, 29.810516, 32.471813
7.088361, 21.036003, -37.081688, -41.882313, 0.0, 0.0, 0.0, 2
29.06044, 31.34513, 117.46934, 27.182768, 11.836117, 47.83988, 23.40498, 22.897285
8.652674, 29.902973, -31.017763, -39.07926, 0.0, 0.0, 0.0, 2
31.775497, 27.687544, 128.27881, 29.233501, 6.823784, 54.06671, 18.596952, 17.30624
6.0356846, 35.38492, -25.50987, -39.105213, 0.0, 0.0, 0.0, 2
31.977596, 19.940626, 146.42198, 35.58746, 14.816677, 78.97423, 12.452295, 6.830794
0.8684624, -42.745472, 15.2684765, 41.986053, 0.0, 0.0, 0.0, -1
18.326305, 19.392614, 150.47058, 34.902332, 11.753212, 65.03331, 12.347729, 5.390258
1.4138279, -33.605984, 34.817715, 31.576303, 0.0, 0.0, 0.0, 0
76.45621, 12.910024, 112.29739, 32.04192, 61.091175, 6.033386, 15.545734, 4.947312
0.675478, -31.177197, 43.638515, 25.184292, 0.0, 0.0, 0.0, -1
67.023796, 10.922042, 123.39849, 31.63676, 55.16783, 40.78826, 10.34524, 2.9425297
1.6523509, -43.473545, 23.105383, 33.421074, 0.0, 0.0, 0.0, 0
55.861294, 7.24591, 141.17847, 30.770683, 41.500683, 130.24481, 6.683257, 3.1216655
0.22476141, -53.882797, 0.27511138, 45.842094, 0.0, 0.0, 0.0, -1
55.49147, 6.666712, 142.00244, 30.41381, 38.56687, 133.70673, 6.437865, 2.648835
2.9293053, 68.20284, 15.855944, -15.941216, 0.0, 0.0, 0.0, 2
51.32791, 6.2126155, 147.50784, 29.872587, 30.054604, 160.47464, 5.6012154, 2.6707683
7.8747864, 42.33189, 35.78987, 21.878237, 0.0, 0.0, 0.0, -1
116.02577, 5.472347, 143.59048, 33.143806, 106.26312, 171.63614, 2.2698371, 8.53446
4.143804, 28.263176, 38.70878, 33.02805, 0.0, 0.0, 0.0, -1
127.85912, 10.595004, 163.76462, 37.02081, 148.93637, 165.05081, 10.775248, 14.219192
3.5672593, 22.217522, 38.534782, 39.2477, 0.0, 0.0, 0.0, -1
160.95645, 14.76148, 101.78351, 39.704582, 143.24474, 133.11594, 16.405567, 18.237106
0.22117974, 16.927656, 39.048782, 44.02356, 0.0, 0.0, 0.0, -1
154.14398, 14.980625, 95.12452, 39.78473, 136.64005, 126.581, 16.60232, 18.413576
0.0028408049, 0.0, 0.0, 0.0, 49.02865, 24.510582, 26.46078, -1
179.47057, 14.979376, 120.45556, 39.785744, 161.96356, 151.90787, 16.600163, 18.413366
0.0028704144, 0.0, 0.0, 0.0, -39.9949, -20.00023, -40.004868, 5
172.27216, 14.979082, 128.71385, 39.78598, 170.22035, 160.1652, 16.59986, 18.413313
0.0029835629, 0.0, 0.0, 0.0, -47.961956, -23.984537, -28.053505, 3
122.34072, 14.978339, 63.340565, 39.788113, 104.83744, 94.78343, 16.59872, 18.41298
0.002929974, 0.0, 0.0, 0.0, -39.48512, -20.171413, -40.343468, 5
75.85855, 14.976539, 16.865387, 39.789646, 58.355164, 48.30194, 16.59779, 18.41265
0.17913303, -41.942924, -35.140686, -22.916386, 0.0, 0.0, 0.0, -1
58.675476, 14.87466, 0.8992615, 39.61145, 40.986908, 30.813492, 16.456312, 18.254217
0.0, 0.0, 0.0, 0.0, 42.064243, -15.871516, -42.064243, -1
53.823486, 14.87466, 5.751251, 39.61145, 36.13492, 25.961502, 16.456312, 18.254217
0.0, 0.0, 0.0, 0.0, 48.275135, -3.4496021, -48.275265, 5
2.565216, 33.12359, 60.23648, 56.795216, 60.20993, 60.130737, 33.274673, 11.648736
0.35935163, -29.619497, -20.380487, 50.00002, 0.0, 0.0, 0.0, -1
0.012084961, 30.047546, 57.757874, 56.650494, 58.050354, 59.6203, 24.053, 6.9054303
1.1542318, 27.795101, 28.779108, 43.425793, 0.0, 0.0, 0.0, -1
20.983246, 30.240927, 36.469696, 56.83891, 29.1857, 35.160004, 23.961267, 7.092838
0.59630996, 31.234941, 33.97793, 34.787132, 0.0, 0.0, 0.0, -1
24.44751, 29.67584, 32.699036, 57.406666, 7.918915, 20.015137, 25.419432, 10.5477495
1.2412956, 36.414425, 36.50102, 27.084558, 0.0, 0.0, 0.0, -1
33.02179, 29.178974, 23.196686, 57.9827, 13.643768, 3.4332275, 27.603773, 16.935587
0.09938896, 0.0, 0.0, 0.0, -41.3936, 17.4569, 41.1495, 3
47.445587, 29.499708, 8.071045, 58.423004, 30.134064, 12.371033, 28.3554, 18.807608
11.102225, -51.2938, -33.21956, -15.486637, 0.0, 0.0, 0.0, 0
76.07779, 26.039494, 3.876831, 48.8558, 65.40463, 39.547943, 25.211386, 20.809326
6.8190594, -71.99953, -25.834612, 2.1658587, 0.0, 0.0, 0.0, 0
94.19574, 25.870028, 1.7082214, 37.650364, 84.95938, 55.772186, 23.062515, 17.58703
1.8120816E-4, 0.0, 0.0, 0.0, 37.849968, -22.899384, -39.250652, 5
87.81433, 25.869999, 8.089233, 37.650547, 78.57791, 48.326538, 23.062515, 18.226507
0.5735749, -58.905964, -32.062893, -9.031141, 0.0, 0.0, 0.0, -1
89.66034, 25.869999, 6.243225, 37.650547, 80.42392, 49.116394, 23.062515, 18.91495
6.072654, -59.312214, -32.76504, -7.9227457, 0.0, 0.0, 0.0, 0
83.862885, 25.540192, 19.065125, 34.201263, 75.957146, 41.829346, 22.149006, 17.78758
7.181355, -48.99399, -37.09146, -13.914546, 0.0, 0.0, 0.0, 0
68.23916, 25.002327, 51.308228, 29.105148, 62.094604, 27.001495, 20.926641, 13.784467
2.6585777, -39.163807, -41.660984, -19.175213, 0.0, 0.0, 0.0, 1
59.567513, 24.021107, 70.338104, 27.213825, 55.144073, 19.17743, 19.690113, 11.240391
0.6146992, -35.398514, -42.604942, -21.99654, 0.0, 0.0, 0.0, -1
78.09178, 23.640215, 49.161255, 26.813475, 75.694084, 37.22519, 19.343472, 11.168578
0.0, 0.0, 0.0, 0.0, -39.56427, 17.58025, 42.855476, 3
9.160369, 15.697429, 96.24192, 51.472572, 97.36454, 95.12571, 5.022641, 17.399223
0.0014061352, 0.0, 0.0, 0.0, 60.79911, 28.135044, 11.065842, -1
18.041925, 15.697251, 123.44516, 51.47243, 124.5701, 122.32944, 5.022506, 17.39908
0.0011814316, 0.0, 0.0, 0.0, -47.25795, -36.618122, -16.123932, 3
18.871204, 10.502794, 82.2462, 51.468582, 68.32823, 81.10875, 4.8738637, 17.371288
0.0014664677, 0.0, 0.0, 0.0, 56.184937, 28.094622, -15.720442, 5
0.043247223, 10.502305, 101.16487, 51.468037, 102.00575, 100.0287, 5.017551, 17.370752
0.0014510424, 0.0, 0.0, 0.0, 41.549706, 14.525856, 43.924435, -1
8.530407, 9.405054, 109.23345, 51.467606, 110.08608, 108.09841, 5.0181723, 17.370306
0.0012254696, 0.0, 0.0, 0.0, -55.78184, -40.563595, 3.6545663, 3
18.62688, 6.4273806, 82.20642, 51.4648, 83.10681, 79.565125, 5.017097, 17.265911
0.0011856669, 0.0, 0.0, 0.0, 44.205963, 11.59204, -44.201996, 5
6.4710083, 26.44599, 43.07086, 53.69467, 118.37732, 51.638947, 2.8229666, 13.549671
0.0, 0.0, 0.0, 0.0, 57.48775, 23.5579, 18.954353, -1
20.726898, 26.312513, 71.18686, 53.69467, 146.52406, 76.61377, 2.823285, 14.735368
0.0, 0.0, 0.0, 0.0, -52.932667, -37.86813, -9.199201, 3
1.7004395, 23.849232, 48.655853, 53.69467, 81.91641, 53.65204, 3.3061247, 14.917055
0.0, 0.0, 0.0, 0.0, -34.77902, -34.192104, 31.028875, 3
7.7464294, 23.849232, 42.609863, 53.69467, 58.223007, 47.604797, 4.3571496, 14.917276
0.0, 0.0, 0.0, 0.0, -34.63307, -36.53423, 28.8327, 4
7.0546265, 23.849232, 43.301666, 53.69467, 49.191895, 43.213287, 5.569293, 15.228177
0.0, 0.0, 0.0, 0.0, -51.061665, 0.47572404, 48.462605, 3
29.265778, 24.460762, 16.207642, 53.69467, 5.6808777, 5.608734, 12.614608, 18.999756
0.0, 0.0, 0.0, 0.0, 14.286084, 35.021244, 50.692673, -1
34.228607, 24.677464, 9.835358, 53.69467, 2.130127, 14.842926, 14.125466, 20.224464
0.8383519, -50.20449, -36.734364, -13.061145, 0.0, 0.0, 0.0, -1
39.06012, 24.898516, 3.6788635, 53.69467, 10.835541, 23.107788, 15.444971, 21.478525
3.302202, -45.752056, -34.786434, -19.461514, 0.0, 0.0, 0.0, 0
17.934624, 27.333305, 167.0192, 24.811949, 76.7182, 132.27615, 28.375462, 7.906895
0.0, 0.0, 0.0, 0.0, -9.576081, -78.0112, 12.412718, 4
29.49749, 27.950308, 145.67409, 24.811949, 115.6203, 12.398254, 20.08695, 7.295362
0.0, 0.0, 0.0, 0.0, 43.772694, 44.293713, -11.933598, 5
22.248901, 27.950672, 152.92209, 24.811949, 106.29923, 11.02375, 18.798473, 8.191556
0.0, 0.0, 0.0, 0.0, -35.53987, 18.559849, 45.900276, 3
40.45434, 27.951786, 144.37672, 24.811949, 26.638535, 50.85657, 12.798987, 14.266512
0.0, 0.0, 0.0, 0.0, 43.070034, -25.102955, -31.827011, -1
28.598755, 24.612228, 158.9225, 24.811949, 7.9512672, 30.299698, 8.419511, 18.872606
0.0, 0.0, 0.0, 0.0, -35.094734, 19.403227, 45.50204, 3
18.069252, 22.040121, 173.10593, 24.811949, 3.4591599, 17.352188, 6.7018566, 18.488497
0.7184028, 36.620758, -35.004787, -28.374454, 0.0, 0.0, 0.0, -1
38.455128, 21.19978, 154.00873, 24.811949, 20.25925, 36.93575, 6.204083, 18.180643
1.6991487, 39.838627, -32.019768, -28.141611, 0.0, 0.0, 0.0, 1
59.563545, 17.429068, 141.81256, 25.353573, 65.291306, 54.29712, 3.6837454, 16.53115
1.0130479, 44.95242, -26.446417, -28.601164, 0.0, 0.0, 0.0, 2
56.517925, 16.118755, 150.24696, 26.09211, 83.57767, 50.014538, 3.105307, 15.738662
0.11996852, 48.414307, -21.280169, -30.305525, 0.0, 0.0, 0.0, -1
51.436787, 15.2174225, 157.5779, 26.197666, 94.89513, 43.17303, 2.9671862, 15.646972
0.0, 0.0, 0.0, 0.0, 37.8486, -18.918262, -43.233143, 5
31.502274, 14.504776, 179.21597, 26.197666, 71.532684, 21.537506, 3.479914, 15.647773
0.0, 0.0, 0.0, 0.0, -63.94879, 31.993935, 4.057273, 3
33.61361, 11.800361, 170.25148, 26.197666, 72.60036, 30.507187, 4.529091, 15.649256
0.0, 0.0, 0.0, 0.0, 23.800323, -12.235693, -63.963985, 5
10.521614, 8.384432, 178.0032, 26.197666, 49.063553, 19.244354, 3.4254403, 13.353484
0.0, 0.0, 0.0, 0.0, -44.3446, 29.24537, 26.410028, 3
33.183258, 12.363184, 105.37117, 53.890427, 106.79033, 112.35542, 17.650265, 5.0895786
0.0, 0.0, 0.0, 0.0, -55.681717, -26.202301, 18.115984, 3
48.122818, 10.990444, 18.276154, 53.890427, 15.300537, 4.079895, 18.395624, 6.008039
0.0, 0.0, 0.0, 0.0, -2.108446, 51.286083, 46.605473, 3
41.75801, 11.145018, 21.491028, 53.890427, 14.715973, 2.2740479, 19.339645, 7.133135
0.0, 0.0, 0.0, 0.0, 2.6237142, 45.729984, 51.646305, -1
51.464767, 11.315471, 8.885803, 53.890427, 0.4371338, 20.623962, 19.924772, 8.38212
0.0, 0.0, 0.0, 0.0, 39.98574, 29.449999, 30.56426, -1
64.8311, 11.741312, 10.015533, 53.890427, 20.621185, 43.410934, 21.140366, 10.162221
0.0, 0.0, 0.0, 0.0, 34.904766, 9.257901, -55.837334, 5
67.030334, 12.885188, 21.963928, 53.890427, 34.04242, 54.83841, 23.926912, 13.021228
0.5535403, -41.587994, -35.117374, -23.294628, 0.0, 0.0, 0.0, -1
56.204407, 13.171432, 12.944397, 53.890427, 24.86905, 44.085968, 25.408377, 14.449368
9.134087, -61.34131, -36.449684, -2.208999, 0.0, 0.0, 0.0, 0
87.69499, 11.1602335, 22.40268, 48.428925, 39.22087, 66.684814, 22.585732, 13.267189
8.771235, -57.34893, -15.995729, 26.655344, 0.0, 0.0, 0.0, 0
120.455475, 12.645422, 23.288635, 40.768192, 52.09198, 99.36505, 17.026508, 12.389027
7.7135468, -50.409473, 7.246101, 42.34442, 0.0, 0.0, 0.0, 0
152.94446, 16.845087, 34.58737, 32.470963, 82.730194, 138.62349, 12.3754835, 14.272781
2.7202828, -38.034985, 19.28659, 42.678425, 0.0, 0.0, 0.0, 0
150.95284, 18.726826, 31.623657, 30.446465, 87.607895, 138.71393, 12.211915, 15.963891
0.16084819, -41.349335, 17.264536, 41.38613, 0.0, 0.0, 0.0, -1
141.8683, 18.823673, 22.40738, 30.309982, 78.50821, 129.88828, 12.132056, 15.741429
8.901724E-4, 0.0, 0.0, 0.0, 30.090698, -23.363472, -46.545826, 5
104.89409, 18.218876, 15.320541, 30.309637, 39.23648, 92.445816, 11.91405, 15.164544
8.83681E-4, 0.0, 0.0, 0.0, 40.026558, -19.977169, -39.996277, -1
70.909454, 18.17959, 49.354492, 30.30946, 4.786148, 58.524063, 11.857125, 14.931818
8.91814E-4, 0.0, 0.0, 0.0, 40.000553, -19.997652, -40.001797, 5
56.71733, 18.179325, 63.546417, 30.309296, 9.405823, 44.33333, 11.856823, 14.930818
9.121458E-4, 0.0, 0.0, 0.0, 45.134636, -17.30806, -37.55731, -1
27.458557, 16.945341, 95.13257, 30.308218, 42.724564, 13.104477, 11.598064, 14.49719
8.7198E-4, 0.0, 0.0, 0.0, 58.059956, 15.278777, -26.66127, 5
13.471985, 14.428979, 114.45386, 30.307693, 66.42427, 5.291748, 11.026132, 13.487858
8.719419E-4, 0.0, 0.0, 0.0, 54.718567, 26.351353, 18.930086, -1
36.30667, 16.173391, 104.99649, 53.57435, 106.56445, 110.48865, 17.64989, 5.294758
0.55934554, -14.594383, -7.1872363, -78.21838, 0.0, 0.0, 0.0, -1
18.465088, 15.624297, 50.42975, 53.47511, 52.105835, 57.983093, 17.5057, 5.1284833
0.0, 0.0, 0.0, 0.0, 42.317276, 14.235345, -43.44738, 5

SIGNAL KNOWLEDGE:
1.9628754, 20.067198, 106.121216, 57.38219, 106.82617, 106.32355, 4.933796, 17.427984,implicit, 1
2.4006042, 13.610222, 123.61607, 55.968246, 20.760635, 79.99397, 11.851324, 13.280218,explicit:callForPass, 0
71.78551, 9.079474, 162.45834, 56.94967, 144.89227, 178.49606, 4.5118465, 14.478606,implicit, 1
63.57373, 8.513111, 176.15988, 57.96617, 175.68848, 176.24478, 4.9427357, 17.787792,implicit, 1
61.84204, 7.4134774, 171.20909, 59.839832, 172.06181, 171.59883, 6.310349, 18.43553,implicit, 1
137.73366, 18.596603, 14.392273, 44.01555, 73.127686, 125.49237, 12.536531, 15.236481,implicit, 0
7.248844, 19.60176, 80.28807, 54.334763, 50.045456, 21.258028, 25.469477, 20.185356,implicit, 0
18.273735, 20.542847, 52.785297, 55.0838, 22.64037, 4.219521, 26.562378, 20.538897,implicit, 1
16.874908, 11.978024, 59.851723, 53.437626, 60.126503, 62.184334, 17.544909, 5.003654,implicit, 0
31.375519, 12.679349, 42.36975, 54.32459, 26.109589, 6.223114, 20.849089, 8.646999,implicit, 1
148.948, 3.8365777, 105.82431, 38.68596, 106.25168, 106.616394, 9.0023985, 5.0760913,implicit, 1
4.181799, 3.457147, 99.0629, 39.422653, 99.214325, 98.379974, 9.076, 4.934013,implicit, 1
128.47075, 17.35317, 162.1979, 60.279785, 161.43231, 162.11221, 4.9483657, 17.515623,implicit, 1
146.95782, 10.3512, 86.86832, 60.279785, 86.10272, 86.78262, 4.9483657, 17.515623,implicit, 1
127.22142, 7.6318603, 138.47133, 57.15495, 136.53123, 138.04903, 4.6876593, 17.165014,implicit, 1
21.354446, 3.1640532, 89.32193, 56.62347, 92.43356, 90.31537, 4.7698298, 17.296963,implicit, 1
15.50676, 22.936039, 155.9082, 33.277775, 15.319519, 85.375725, 13.786875, 11.484764,implicit, 0
7.0918274, 20.451714, 171.77634, 34.721283, 3.5163116, 74.75128, 14.86445, 3.8448207,implicit, 0
116.02577, 5.472347, 143.59048, 33.143806, 106.26312, 171.63614, 2.2698371, 8.53446,implicit, 0
141.27847, 14.979095, 82.27649, 39.78764, 123.77565, 113.72139, 16.599058, 18.41312,implicit, 0
21.551819, 14.87466, 38.02292, 39.61145, 3.8632507, 6.3101654, 16.456312, 18.254217,implicit, 0
1.3938484, 33.4273, 47.407917, 56.602318, 0.9437752, 43.284992, 43.46364, 58.112713,implicit, 1
5.1411743, 33.12359, 52.53009, 56.795216, 52.50235, 52.415527, 34.74591, 13.11591,implicit, 1
20.983246, 30.240927, 36.469696, 56.83891, 29.1857, 35.160004, 23.961267, 7.092838,implicit, 0
108.042336, 15.70019, 146.58862, 51.47565, 150.86606, 148.08307, 4.9819736, 17.36742,implicit, 1
14.610532, 11.884907, 116.305534, 51.471466, 82.67004, 104.42318, 5.1224136, 16.559246,implicit, 0
16.204168, 10.503537, 84.907166, 51.469345, 34.79632, 83.76779, 6.1100698, 17.371996,implicit, 1
7.425009, 8.894805, 107.890335, 51.466972, 108.76161, 100.75856, 5.019194, 16.952883,implicit, 0
6.628605, 6.3498645, 94.19403, 51.464317, 75.49872, 88.18344, 4.919618, 17.031326,implicit, 0
11.080994, 38.076416, 21.547882, 59.085484, 25.088531, 21.556152, 5.685422, 17.406496,implicit, 1
53.616455, 20.397692, 57.64505, 52.89366, 57.811157, 57.401978, 17.45309, 4.956965,implicit, 1
32.448364, 27.048944, 152.3885, 24.811949, 23.769981, 38.498863, 10.932272, 16.952444,implicit, 0
20.048615, 6.3808203, 162.95679, 26.197666, 88.56037, 40.974243, 2.6082072, 5.684017,implicit, 0
49.59076, 19.282576, 29.529968, 53.707123, 12.876851, 11.630439, 19.094957, 7.9713655,implicit, 1
12.675003, 13.755437, 85.7789, 53.707123, 85.53735, 86.15546, 17.459139, 4.9513183,implicit, 1
38.571503, 18.17822, 81.69144, 30.308586, 27.549255, 26.19136, 11.855299, 14.930892,implicit, 0
19.434814, 16.723549, 88.930695, 53.36198, 88.112915, 73.04953, 17.779678, 8.626256,implicit, 1
9.623871, 13.482532, 58.99173, 53.47511, 60.18576, 63.144073, 17.502388, 5.0666995,implicit, 0
13.104431, 11.6209345, 71.95587, 50.04235, 71.526825, 70.12097, 17.154684, 4.6710825,implicit, 1
63.25766, 14.036007, 70.060425, 36.914726, 94.181244, 154.85323, 13.819848, 13.423999,implicit, 1

SHOOT KNOWLEDGE:
14.161072, 18.609232, 11.586761, 39.37407, 24.550964, 22.03099, 5.4999604, 9.383132
35.304535, 10.579893, 5.9955444, 19.183731, 1.0067139, 6.0911255, 2.5508041, 8.167284

