POS KNOWLEDGE:
100.31653, 10.455899, 2.0066528, 43.689053, 63.27704, 49.412872, 36.16341, 34.25491
0.0035724086, 0.0, 0.0, 0.0, 0.0, 0.0, 0.0, -1
93.15619, 10.448708, 5.1715393, 43.685654, 50.225082, 35.960266, 23.098814, 17.914246
0.004081826, 0.0, 0.0, 0.0, 28.587358, 15.979285, 55.433357, -1
108.70279, 10.445496, 10.357849, 43.683846, 17.539001, 42.510803, 19.070595, 10.797427
0.0038570517, 0.0, 0.0, 0.0, 44.562546, -10.81613, 44.621323, 4
136.12541, 10.440975, 37.757416, 43.681507, 31.790009, 45.21466, 17.462063, 5.568172
0.004258399, 0.0, 0.0, 0.0, -38.273582, -23.505737, -38.22068, 3
125.71673, 10.437815, 27.33191, 43.679752, 27.626709, 26.266235, 17.505413, 4.9323053
0.9554026, -31.463804, -30.16431, 38.371887, 0.0, 0.0, 0.0, -1
114.43996, 10.437104, 16.05191, 43.67945, 16.34616, 14.978088, 17.505125, 4.931696
3.2517753, -31.822958, -23.739155, 44.437885, 0.0, 0.0, 0.0, 0
140.10414, 10.480275, 41.544144, 43.633335, 41.914444, 40.842422, 17.459265, 4.8840094
9.318737, -46.911728, -1.705508, 51.382767, 0.0, 0.0, 0.0, 0
146.0611, 20.614431, 36.17691, 35.10796, 56.2222, 141.56828, 9.380107, 6.5049677
6.915231, -33.76554, 26.677221, 39.557236, 0.0, 0.0, 0.0, 0
152.03033, 29.127794, 40.896225, 27.070501, 117.608604, 161.23343, 8.022131, 15.244568
1.6162454, -33.29497, 30.304146, 36.400883, 0.0, 0.0, 0.0, 0
148.29039, 30.395578, 37.716064, 25.924894, 121.245056, 156.08598, 8.734547, 15.241007
0.14706805, -33.715527, 30.495575, 35.7889, 0.0, 0.0, 0.0, -1
136.8416, 30.520693, 26.321564, 25.808706, 110.470314, 142.46747, 8.811936, 14.021097
5.785981E-4, 0.0, 0.0, 0.0, -7.5282373, -40.38225, -52.08952, 5
117.63381, 30.520536, 7.1127014, 25.808498, 83.27879, 116.95242, 7.2088223, 11.32031
1.2606787E-4, 0.0, 0.0, 0.0, 23.20554, -48.521935, -28.272524, 4
95.24803, 30.520395, 15.27417, 25.80826, 16.883179, 65.76557, 4.563032, 7.5294075
0.0, 0.0, 0.0, 0.0, 42.559574, -14.880854, -42.55957, -1
87.540665, 30.110455, 22.981537, 25.7847, 8.89093, 35.8985, 4.927888, 6.350633
5.3552666E-4, 0.0, 0.0, 0.0, 38.89031, 22.219141, -38.890545, 5
26.424917, 30.520397, 84.09728, 25.808262, 85.17263, 78.03695, 5.0492754, 8.140403
8.6785736E-4, 0.0, 0.0, 0.0, 40.2676, 21.583973, -38.14843, 5
7.921669, 30.520395, 102.60054, 25.80826, 103.68474, 103.01109, 5.050505, 9.070879
0.0, 0.0, 0.0, 0.0, 58.422462, 29.212158, 12.365378, -1
11.670689, 30.520395, 98.85152, 25.80826, 99.93611, 99.262344, 5.0505595, 9.070959
1.9073486E-6, 0.0, 0.0, 0.0, 43.19557, 21.598452, -35.20598, 5
10.13731, 30.520395, 120.659515, 25.80826, 121.74411, 121.070496, 5.0505595, 9.071011
1.9073486E-6, 0.0, 0.0, 0.0, -64.05388, -32.026627, 3.9194975, 3
1.1893158, 30.520397, 111.71152, 25.808262, 112.79611, 112.12274, 5.0505605, 9.071088
1.9073486E-6, 0.0, 0.0, 0.0, -43.26243, -21.631214, 35.106354, 3
16.006405, 9.53963, 92.556114, 24.314398, 5.447117, 18.62734, 11.311645, 9.509751
2.670541, -0.0020069333, 51.7821, 48.215893, 0.0, 0.0, 0.0, 0
14.036606, 9.883875, 91.68898, 24.296988, 3.919979, 19.878092, 11.486799, 9.7907295
1.9655075, 0.5836192, 51.150887, 48.265495, 0.0, 0.0, 0.0, -1
12.449005, 10.788631, 89.887955, 24.286423, 1.2029953, 22.026316, 11.848133, 10.345031
0.44809428, -72.823944, -0.71155864, 26.4645, 0.0, 0.0, 0.0, -1
11.435879, 11.125475, 86.99692, 24.314297, 0.5404167, 22.249146, 12.669238, 11.2698145
1.0782099, -15.142933, -46.02956, -38.827507, 0.0, 0.0, 0.0, 1
24.776373, 8.656119, 68.116974, 24.057453, 21.293505, 1.9944649, 11.861147, 10.436359
0.24018575, -17.460983, -44.73897, -37.800045, 0.0, 0.0, 0.0, -1
30.91543, 8.282169, 61.949036, 23.967136, 15.278856, 16.340242, 9.167284, 5.3207145
0.0020298564, 0.0, 0.0, 0.0, -37.52227, -9.663189, 52.814537, 3
120.19129, 6.951819, 3.1062622, 23.96124, 3.4205627, 4.418213, 9.04736, 3.495863
0.0019249673, 0.0, 0.0, 0.0, 28.125896, 15.036919, -56.837185, 5
121.36816, 7.062733, 0.30844116, 23.960121, 6.1035156E-4, 0.9996643, 9.047368, 3.4947383
0.2414238, -46.0604, -45.664692, 8.27491, 0.0, 0.0, 0.0, -1
104.50876, 7.5704074, 8.7239685, 23.959784, 9.031189, 10.030975, 9.047379, 3.4943974
1.184521, -48.592937, -47.762047, 3.6450186, 0.0, 0.0, 0.0, 0
80.51028, 9.323697, 19.092926, 23.734678, 19.758575, 21.788635, 8.823205, 3.272428
0.9607984, -49.407013, -48.452774, -2.1402104, 0.0, 0.0, 0.0, -1
90.513176, 9.457071, 13.891205, 22.868536, 15.299713, 17.302795, 8.161163, 2.504335
0.031874426, 0.0, 0.0, 0.0, 35.87906, 17.451187, -46.669754, 5
60.434673, 8.831879, 37.92694, 22.809565, 38.464294, 35.7977, 8.650533, 2.9364722
0.0019394852, 0.0, 0.0, 0.0, 35.197365, 18.312866, -46.48977, 5
21.744934, 8.346677, 69.6185, 22.808743, 70.15286, 68.388306, 8.650346, 3.1454153
0.00191167, 0.0, 0.0, 0.0, -40.01101, -19.992956, 39.996033, 3
35.92235, 8.333078, 55.20572, 22.80728, 55.73358, 53.995453, 8.650309, 3.1436644
0.0019342611, 0.0, 0.0, 0.0, 42.753345, 21.383656, -35.863, 5
68.061966, 8.333325, 23.073181, 22.806168, 23.598053, 21.874664, 8.649725, 3.1424408
0.001969598, 0.0, 0.0, 0.0, 43.788734, 21.884602, -34.326664, 5
34.49618, 8.612106, 57.92093, 22.805775, 58.445465, 56.720886, 8.649333, 3.1420512
0.0019721517, 0.0, 0.0, 0.0, -38.55056, -19.281015, 42.168427, 3
7.0253906, 9.209803, 87.801544, 22.805006, 88.32541, 86.59854, 8.6485615, 3.1412845
0.24103446, -35.94988, -35.63765, -28.412474, 0.0, 0.0, 0.0, -1
36.793705, 9.209926, 58.03531, 22.80462, 58.558807, 56.83069, 8.648175, 3.1409016
0.9008666, -36.524097, -34.299664, -29.17624, 0.0, 0.0, 0.0, -1
54.65397, 9.210047, 40.177063, 22.804247, 40.700256, 38.970917, 8.647801, 3.1405306
0.78066015, -36.660927, -34.082134, -29.256931, 0.0, 0.0, 0.0, -1
62.657375, 9.210169, 32.175842, 22.803852, 32.69867, 30.96814, 8.647407, 3.1401381
0.90064245, -36.525322, -34.302704, -29.171974, 0.0, 0.0, 0.0, -1
54.200153, 8.657527, 46.839355, 22.175592, 49.098694, 50.57907, 8.36854, 2.620517
0.0018506597, 0.0, 0.0, 0.0, 41.262085, 19.73132, -39.00659, 5
37.48657, 8.657948, 63.556244, 22.17491, 64.65045, 61.755585, 8.6804905, 3.087048
0.0017590884, 0.0, 0.0, 0.0, 40.694065, 20.449701, -38.856236, 5
20.354143, 8.658345, 80.69154, 22.1743, 81.78203, 79.22484, 8.68046, 3.149541
0.0017156565, 0.0, 0.0, 0.0, 40.006832, 20.006859, -39.98631, 5
1.5964165, 8.660682, 102.66168, 22.17033, 103.7395, 101.20523, 8.677971, 3.1443305
0.0016829142, 0.0, 0.0, 0.0, -40.995224, -20.51221, 38.492565, 3
9.078827, 8.662122, 91.99918, 22.167791, 93.0734, 90.526375, 8.675415, 3.1418178
0.0016749208, 0.0, 0.0, 0.0, -39.98605, -20.006958, 40.00699, 3
28.249254, 8.663179, 72.837746, 22.165977, 73.90928, 71.35276, 8.673588, 3.1400235
0.0016261012, 0.0, 0.0, 0.0, 40.012985, 19.99279, -39.99423, 5
22.090603, 8.663397, 78.9982, 22.165611, 80.06918, 77.51068, 8.673218, 3.1396596
0.11929328, -4.48514, -3.7942584, -91.720604, 0.0, 0.0, 0.0, -1
11.933723, 8.663582, 89.15666, 22.165289, 90.22719, 87.66704, 8.6728945, 3.1393425
4.607456, 4.8032684, 26.802462, -68.394264, 0.0, 0.0, 0.0, 2
7.3910065, 8.663722, 93.70053, 22.165056, 94.77069, 92.20929, 8.67266, 3.1391118
5.2686634, 6.04587, 34.105896, -59.848232, 0.0, 0.0, 0.0, 2
9.483593, 8.663893, 91.60922, 22.164787, 92.678925, 90.11594, 8.672389, 3.1388466
4.08615, 5.7005854, 27.975628, -66.323784, 0.0, 0.0, 0.0, 2
16.656853, 6.43622, 94.89638, 22.220116, 101.196976, 117.02083, 9.033951, 3.7096496
9.027915, 13.410802, 66.153046, -20.436152, 0.0, 0.0, 0.0, 2
22.342419, 4.7535105, 99.83481, 22.449503, 110.03015, 133.51263, 9.431629, 4.572029
9.9392395, 18.066849, 46.330475, 35.602673, 0.0, 0.0, 0.0, -1
167.55414, 12.93713, 122.374626, 26.597712, 144.89505, 159.80103, 15.198269, 10.712332
2.9121833, 23.143314, 36.850655, 40.006035, 0.0, 0.0, 0.0, -1
171.70877, 16.982481, 127.615105, 28.835491, 147.27092, 160.01036, 15.7658415, 11.665272
0.0013258167, 0.0, 0.0, 0.0, -39.337666, -28.69355, -31.96878, 3
143.42767, 16.981634, 82.746124, 28.833641, 87.751144, 93.04103, 9.999434, 5.9143524
0.0013213616, 0.0, 0.0, 0.0, -42.74115, -22.928928, -34.32992, 3
77.56308, 15.958298, 32.478622, 28.830746, 32.137024, 31.75859, 8.940494, 4.949621
0.0013046117, 0.0, 0.0, 0.0, 24.235518, 12.788134, -62.976353, 5
11.569672, 15.957866, 58.53369, 28.828398, 58.875, 59.240906, 8.938153, 4.94737
1.834976, -30.329815, -25.812965, -43.85722, 0.0, 0.0, 0.0, 2
124.91828, 29.154423, 174.68655, 52.027077, 165.01395, 179.0679, 23.247206, 21.729187
3.249236, 39.755726, 39.596992, 20.64729, 0.0, 0.0, 0.0, -1
87.35612, 31.826931, 132.54259, 57.521187, 130.7605, 136.18036, 24.404158, 29.517422
1.936623E-4, 0.0, 0.0, 0.0, -41.002415, -20.183329, -38.814255, 3
42.51953, 31.827003, 87.70587, 57.521187, 86.10886, 90.76422, 17.16506, 26.60085
0.0, 0.0, 0.0, 0.0, -41.600098, -21.741327, -36.658573, 3
9.719177, 31.827003, 54.905518, 57.521187, 53.76172, 56.59131, 11.258008, 21.557991
0.56884336, -22.287346, -21.185875, -56.52678, 0.0, 0.0, 0.0, -1
25.373217, 38.524364, 97.424904, 20.713425, 66.65611, 18.940699, 12.358036, 23.96378
2.4639032E-4, 0.0, 0.0, 0.0, -43.42595, 13.065964, 43.508087, 3
80.18977, 35.172302, 42.677757, 20.71318, 89.21289, 55.31884, 6.0229306, 17.592302
0.0, 0.0, 0.0, 0.0, -48.34407, -3.3118587, 48.34407, 3
151.62779, 16.869822, 145.7429, 53.06456, 135.37901, 168.816, 39.264137, 31.678242
0.46876684, 33.395924, 33.218384, 33.385696, 0.0, 0.0, 0.0, -1
144.4229, 16.627321, 137.22978, 53.206303, 127.24965, 177.83626, 37.940063, 30.55799
4.80702E-4, 0.0, 0.0, 0.0, -39.693695, -20.716164, -39.59014, 3
146.05176, 16.553814, 138.63916, 53.206142, 129.01614, 176.82846, 36.393135, 29.002756
9.4215485E-4, 0.0, 0.0, 0.0, -39.254463, -21.490135, -39.255405, 5
83.75244, 16.552626, 76.341125, 53.20504, 70.11017, 116.534485, 26.231812, 18.762463
9.42018E-4, 0.0, 0.0, 0.0, -37.317635, -25.363663, -37.3187, 5
39.858505, 16.55162, 32.44832, 53.204113, 30.127365, 62.032913, 19.973253, 10.221256
9.3075144E-4, 0.0, 0.0, 0.0, -35.680634, -30.767101, -33.552265, 3
33.683945, 16.551458, 26.273941, 53.203964, 24.104935, 52.181473, 19.428337, 8.884458
9.578638E-4, 0.0, 0.0, 0.0, -26.785675, -65.71855, -7.495769, 4
19.877441, 16.39996, 11.199768, 53.203354, 8.725128, 25.388031, 17.456142, 6.4115634
9.5363247E-4, 0.0, 0.0, 0.0, 40.947796, 15.714155, -43.338043, 5
19.755585, 14.090456, 10.079712, 53.202698, 11.281555, 10.257599, 17.440063, 4.9922943
9.4988255E-4, 0.0, 0.0, 0.0, 41.298557, 20.633007, 38.068436, -1
25.777344, 12.382644, 22.095734, 53.202206, 23.29837, 22.266907, 17.439623, 4.992969
9.657798E-4, 0.0, 0.0, 0.0, 44.492954, 22.24697, -33.26008, 5
11.424103, 10.925789, 56.46982, 53.201424, 57.673676, 56.632874, 17.438877, 4.9937754
9.572311E-4, 0.0, 0.0, 0.0, 62.02448, 31.019228, 6.9562883, -1
8.859955, 10.926943, 59.03116, 53.20079, 60.236053, 59.198883, 17.438255, 4.9931445
0.0010076578, 0.0, 0.0, 0.0, 48.435783, 24.230745, -27.333471, 5
14.3098755, 10.927233, 82.20029, 53.20064, 83.405426, 82.36914, 17.438108, 4.9929957
0.0010276787, 0.0, 0.0, 0.0, -57.23601, -28.610315, -14.153683, 3
0.234375, 10.926879, 68.127014, 53.19965, 69.33374, 68.30298, 17.437132, 4.9920077
0.00102385, 0.0, 0.0, 0.0, 40.00096, 20.012247, 39.986794, -1
3.9645615, 31.806402, 106.142204, 27.6924, 23.766975, 3.4339294, 21.313242, 30.263617
1.3763275, 17.514517, -39.732414, -42.753067, 0.0, 0.0, 0.0, 2
15.325207, 27.584621, 112.05151, 28.349504, 30.94915, 33.485657, 17.668842, 25.68072
0.0011612508, 0.0, 0.0, 0.0, -54.922646, 8.003109, 37.074245, 3
66.04577, 24.238245, 49.784225, 28.350336, 21.124847, 47.943222, 10.984142, 17.80489
6.4138445E-4, 0.0, 0.0, 0.0, -59.434628, -9.828988, 30.736383, 3
98.020454, 24.238712, 17.806213, 28.350817, 29.199524, 68.28786, 6.397815, 12.63362
0.59620696, -55.82835, -27.115906, 17.055752, 0.0, 0.0, 0.0, -1
103.6789, 24.238838, 12.146957, 28.350925, 29.483154, 69.54303, 5.9676256, 11.487096
3.6490495, -52.06911, -35.09988, 12.831013, 0.0, 0.0, 0.0, 0
162.80676, 16.264011, 178.86768, 52.08651, 137.70834, 159.46753, 33.890133, 24.659237
0.14399934, 40.36851, 33.102245, 26.529247, 0.0, 0.0, 0.0, -1
166.8338, 15.312539, 177.44226, 52.206486, 140.15347, 160.08035, 35.127247, 25.971367
0.0, 0.0, 0.0, 0.0, -36.724743, -22.929426, -40.34583, 5
161.27448, 14.601725, 175.10074, 52.206486, 133.26154, 152.04501, 35.906982, 26.799019
0.0, 0.0, 0.0, 0.0, -40.248066, -20.21944, -39.532494, 3
150.47516, 14.303098, 163.43365, 52.206486, 121.82436, 140.14236, 36.2322, 27.153458
0.0, 0.0, 0.0, 0.0, -40.001286, -19.997288, -40.001427, 5
135.62941, 14.302669, 148.58803, 52.206486, 106.97917, 125.29906, 36.231907, 27.152983
0.0, 0.0, 0.0, 0.0, -42.119606, -20.24234, -37.638054, 3
89.18508, 17.497526, 99.045616, 52.206486, 66.41497, 76.63653, 27.902061, 23.194546
0.0, 0.0, 0.0, 0.0, -40.66042, -21.041388, -38.298195, 3
75.956345, 20.36081, 83.7039, 52.206486, 54.73045, 62.144024, 25.666313, 20.271025
0.0, 0.0, 0.0, 0.0, -35.214058, -17.566032, -47.21991, 5
47.50827, 25.24732, 57.542023, 52.206486, 41.491608, 39.855927, 20.567377, 12.896897
5.233584E-4, 0.0, 0.0, 0.0, -39.94816, -14.932707, -45.119137, 5
37.55017, 26.172935, 50.130127, 52.206486, 37.084686, 33.78766, 19.790657, 11.461115
0.0, 0.0, 0.0, 0.0, -67.16228, -22.636278, -10.201452, 3
14.43042, 32.910698, 9.8685, 52.206486, 8.6649475, 3.385559, 17.651901, 6.3770356
0.0, 0.0, 0.0, 0.0, 48.691185, 28.09053, -23.218283, 5
10.513855, 36.247337, 17.247498, 52.206486, 17.472473, 17.11383, 17.475805, 5.0364985
0.0, 0.0, 0.0, 0.0, 63.355873, 31.688297, 4.9558268, -1
11.509216, 36.46883, 39.48535, 52.206486, 39.710327, 39.355927, 17.475958, 5.037974
0.0, 0.0, 0.0, 0.0, -61.193096, -30.59203, -8.214875, 3
59.53975, 4.5987234, 141.46089, 52.66634, 176.58543, 137.84068, 16.84458, 29.970749
0.63899916, 39.258152, 43.74227, -16.999582, 0.0, 0.0, 0.0, -1
60.25778, 4.3043494, 138.41718, 53.165264, 171.37354, 134.74347, 18.5978, 30.895828
0.0, 0.0, 0.0, 0.0, -40.00198, -20.010592, -39.98743, 3
28.701284, 4.305369, 106.85378, 53.165264, 138.22508, 103.11071, 19.685719, 30.966953
0.0, 0.0, 0.0, 0.0, 39.959915, 20.047087, 39.993, -1
175.29115, 17.228228, 178.89864, 53.070118, 178.6345, 160.09465, 37.18752, 35.18485
4.493176E-5, 0.0, 0.0, 0.0, -44.19696, -19.145325, -36.657715, 3
82.350555, 17.235027, 76.53641, 53.070118, 76.25012, 96.63541, 31.908386, 34.477997
0.0, 0.0, 0.0, 0.0, -67.24236, -18.70602, -14.051615, 3
39.17035, 17.235027, 33.3562, 53.070118, 33.099274, 47.260376, 23.035408, 26.164005
0.0, 0.0, 0.0, 0.0, -38.606995, -22.786009, -38.606995, 3
31.518097, 17.235027, 25.703949, 53.070118, 25.45227, 38.095184, 21.470602, 24.747766
0.0, 0.0, 0.0, 0.0, -34.763794, -25.015402, -40.220802, 5
25.411346, 17.235027, 19.597198, 53.070118, 19.351654, 30.29367, 19.907673, 23.350899
0.0, 0.0, 0.0, 0.0, -41.22823, -32.413795, -26.357975, 3
11.351013, 17.235027, 5.536865, 53.070118, 5.3050537, 14.344879, 16.969742, 22.00165
0.30000272, -33.74676, -33.568783, -32.684456, 0.0, 0.0, 0.0, -1
6.6736755, 17.235027, 0.8595276, 53.070118, 0.6369629, 8.9010315, 15.494999, 21.998146
1.3795834, -33.807106, -33.766205, -32.426685, 0.0, 0.0, 0.0, 0
20.400421, 15.236352, 0.42648315, 52.77013, 0.60687256, 3.8265686, 9.420312, 19.992691
1.1396996, -34.323917, -34.331524, -31.34456, 0.0, 0.0, 0.0, 1
23.870026, 13.842914, 3.6917114, 51.871006, 4.0821533, 0.51260376, 7.8105154, 18.494072
0.23999377, -34.67377, -34.709873, -30.616356, 0.0, 0.0, 0.0, -1
23.273163, 13.06971, 10.490265, 51.631725, 10.912811, 9.095673, 6.855429, 17.806007
0.0, 0.0, 0.0, 0.0, 60.760265, 30.666945, -8.57279, 5
5.726349, 11.370318, 47.60135, 51.631725, 50.45392, 47.830353, 5.3755736, 17.453775
0.0, 0.0, 0.0, 0.0, 48.9548, 24.477554, 26.567646, -1
17.365326, 10.7712555, 81.07907, 51.631725, 84.02411, 81.3082, 5.3645945, 17.453775
0.0, 0.0, 0.0, 0.0, -48.821274, -24.410473, -26.768251, 3
5.4231186, 16.09644, 124.70359, 35.67763, 21.533638, 73.2085, 15.709152, 13.057467
0.0, 0.0, 0.0, 0.0, -45.046333, -11.944459, 43.009205, 3
64.12891, 16.08428, 55.135895, 35.67763, 35.673843, 26.37973, 11.135652, 6.8575096
0.0, 0.0, 0.0, 0.0, -47.760704, -4.478597, 47.760704, 3
99.87254, 16.08428, 19.392258, 35.67763, 42.10916, 13.152435, 7.4999433, 5.2045097
0.7198745, -48.95384, -50.169384, -0.8767797, 0.0, 0.0, 0.0, -1
104.04071, 16.08428, 15.224091, 35.67763, 34.394455, 14.906464, 7.0616918, 5.005455
1.6185013, -48.15013, -50.233482, -1.6163872, 0.0, 0.0, 0.0, 1
104.79315, 16.08428, 14.471649, 35.67763, 23.139557, 15.19873, 6.9539447, 4.977043
7.658494, -69.45624, -23.992603, 6.5511622, 0.0, 0.0, 0.0, 0
87.01501, 16.038097, 39.5253, 34.34424, 28.342834, 53.376663, 6.4586153, 4.1841383
13.619844, -39.417625, 34.65292, 25.929455, 0.0, 0.0, 0.0, 0
109.74325, 14.650276, 53.076523, 29.341162, 100.558075, 138.50262, 4.7059336, 6.6391444
6.7381516, -27.004974, 39.219795, 33.775227, 0.0, 0.0, 0.0, 0
147.72595, 16.6556, 56.916122, 24.547792, 135.3834, 152.63116, 7.3070025, 14.208181
0.9547015, -26.786465, 34.465794, 38.74774, 0.0, 0.0, 0.0, -1
156.68243, 17.256285, 51.21663, 24.012716, 127.74449, 147.04688, 6.602384, 14.9758215
0.029998856, 0.0, 0.0, 0.0, -48.64803, -36.618046, -14.733929, 3
174.56584, 17.311462, 22.657043, 23.975176, 85.15634, 116.56095, 4.7653966, 14.181602
0.0, 0.0, 0.0, 0.0, -23.393568, -45.768887, -30.837547, 4
132.98996, 16.352903, 167.05222, 52.483963, 166.7676, 158.49109, 26.714079, 31.99998
2.4082813E-4, 0.0, 0.0, 0.0, -63.42197, -34.101276, 2.4767528, 3
139.37729, 19.454597, 93.47351, 52.492558, 121.00787, 100.55344, 13.020063, 19.719244
0.0, 0.0, 0.0, 0.0, -37.252754, -20.757608, -41.98964, 5
94.20761, 21.745098, 59.318542, 52.492558, 76.10594, 59.15393, 7.774117, 17.460886
0.0, 0.0, 0.0, 0.0, -39.99601, -20.008465, -39.99553, 3
64.95952, 21.745121, 30.070099, 52.492558, 32.98642, 29.828735, 5.2999573, 17.442324
0.0, 0.0, 0.0, 0.0, 18.853872, 9.816106, -71.33003, 5
4.7631073, 21.745157, 30.126602, 52.492558, 30.450027, 30.367966, 5.0008144, 17.44257
0.0, 0.0, 0.0, 0.0, -40.0, -20.0, 40.0, 3
9.762817, 21.745157, 25.126892, 52.492558, 25.450317, 25.368256, 5.0008144, 17.44257
0.0, 0.0, 0.0, 0.0, 47.884403, 23.942202, -28.17339, 5
0.95181274, 21.745157, 33.937897, 52.492558, 34.261322, 34.17926, 5.0008144, 17.44257
0.0, 0.0, 0.0, 0.0, 57.272293, 28.636147, 14.091561, -1
13.157272, 16.984095, 57.52089, 52.492558, 57.844315, 57.762253, 5.0008144, 17.44257
0.18000364, -32.140003, -31.811302, -36.04869, 0.0, 0.0, 0.0, -1
17.45314, 16.984285, 53.223892, 52.492558, 53.547318, 53.465256, 5.0008144, 17.44257
5.9856305, -38.242867, -16.213072, -45.544064, 0.0, 0.0, 0.0, 2
28.581085, 14.467106, 51.461166, 50.751324, 66.59013, 54.1183, 4.098685, 16.506824
8.159334, -50.06196, 28.871948, -21.06609, 0.0, 0.0, 0.0, 0
138.75784, 8.521327, 56.622253, 44.085285, 138.16818, 89.11603, 10.0260105, 12.668729
9.171561, -37.32211, 21.911903, 40.765987, 0.0, 0.0, 0.0, 0
174.30255, 22.505552, 44.51364, 31.353956, 151.17194, 123.04177, 14.478203, 10.2562
0.39613384, -37.666824, 21.015747, 41.31743, 0.0, 0.0, 0.0, -1
162.20688, 20.0164, 24.55426, 31.213938, 125.11339, 93.78246, 12.088281, 7.865563
6.0238304, -31.793686, 27.21878, 40.987534, 0.0, 0.0, 0.0, 0
144.49411, 16.115698, 13.809082, 31.213522, 100.81494, 59.842133, 9.051136, 5.4904037
12.128695, -38.442604, 24.485176, 37.07222, 0.0, 0.0, 0.0, 0
154.04407, 17.835293, 22.893616, 25.934128, 121.3434, 108.34932, 7.749752, 3.4055173
7.980587, -33.856613, 31.72349, 34.41989, 0.0, 0.0, 0.0, 0
154.87376, 26.497795, 25.707489, 17.179731, 136.12285, 153.5264, 9.580599, 6.51375
2.3116379, -34.250137, 31.75639, 33.993473, 0.0, 0.0, 0.0, 0
152.14407, 28.582663, 24.499084, 15.1019125, 135.55008, 153.22795, 9.951943, 7.099579
8.9489535E-4, 0.0, 0.0, 0.0, 6.1187906, -34.81914, -59.06207, 5
81.29815, 36.674213, 174.77734, 52.466988, 164.37357, 174.09045, 30.949816, 37.453716
0.17479835, 46.954254, 46.16752, -6.878229, 0.0, 0.0, 0.0, -1
80.49461, 36.648453, 173.72046, 52.641388, 163.49063, 173.06744, 29.549765, 36.05729
6.030501E-4, 0.0, 0.0, 0.0, -40.042892, -19.913834, -40.043278, 5
38.630188, 36.64981, 131.85657, 52.641006, 122.3147, 131.36374, 22.139772, 28.613615
6.3407584E-4, 0.0, 0.0, 0.0, -40.056973, -19.885801, -40.057228, 5
31.950195, 36.64991, 125.17667, 52.640884, 115.83038, 124.72571, 20.674988, 27.142523
5.728864E-4, 0.0, 0.0, 0.0, -63.807594, -31.685581, -4.506825, 3
1.2040558, 36.65036, 92.02255, 52.640476, 84.33646, 91.817535, 13.2409725, 21.122948
5.915871E-4, 0.0, 0.0, 0.0, -40.024292, -19.951242, 40.024464, 3
55.8011, 36.65105, 37.425705, 52.639843, 34.131638, 37.420456, 6.031434, 17.418732
5.904195E-4, 0.0, 0.0, 0.0, 40.001907, 19.996557, -40.001534, 5
47.512817, 35.6741, 45.714584, 51.48079, 46.164413, 45.7014, 4.325226, 16.592161
5.999992, -55.13053, -7.3550797, -37.514393, 0.0, 0.0, 0.0, 0
65.05609, 25.35381, 51.80594, 43.311394, 155.86775, 78.2099, 7.852211, 11.935848
3.1418169, -38.37367, 32.64974, -28.976593, 0.0, 0.0, 0.0, 0
62.12877, 23.164474, 59.60501, 42.02906, 166.04314, 94.36008, 9.964735, 11.766367
0.9023557, -32.810055, 36.800995, -30.38895, 0.0, 0.0, 0.0, -1
56.334564, 21.581171, 66.16542, 41.587296, 172.62866, 104.18318, 10.844705, 11.877601
0.0, 0.0, 0.0, 0.0, 46.230946, 12.90756, -40.861496, 5
17.159409, 16.07389, 103.07266, 41.587296, 171.53024, 141.09042, 5.8594885, 11.877601
0.0, 0.0, 0.0, 0.0, 73.76363, -0.014691858, -26.221672, -1
28.0988, 14.507959, 92.12863, 41.587296, 164.85165, 127.797, 4.818596, 11.972875
0.0, 0.0, 0.0, 0.0, 50.04152, 3.138091, -46.82039, 5
6.7537994, 11.749179, 126.93898, 41.587296, 166.07835, 143.83977, 3.9509735, 13.667944
0.0, 0.0, 0.0, 0.0, -50.075905, -40.835045, 9.089052, 3
10.299377, 11.682615, 109.879974, 41.587296, 109.219025, 114.134796, 5.0449667, 16.206326
0.0, 0.0, 0.0, 0.0, 55.806805, 19.059423, -25.13377, 5
15.318802, 11.334371, 166.73715, 17.272383, 36.25669, 50.530457, 11.734623, 7.8695774
1.2453125, 38.13832, -26.725786, -35.135895, 0.0, 0.0, 0.0, 2
11.762001, 9.197684, 167.07881, 18.0849, 38.456726, 56.731903, 11.023944, 6.69448
0.40957287, 39.214333, -25.336031, -35.449635, 0.0, 0.0, 0.0, -1
19.020226, 8.662823, 174.52008, 18.48686, 47.045807, 68.119125, 10.712025, 6.154313
8.6043205E-4, 0.0, 0.0, 0.0, -38.24842, 20.921377, 40.8302, 3
69.52331, 7.4738464, 135.59563, 18.48608, 93.6726, 111.338165, 8.283467, 5.356614
8.535387E-4, 0.0, 0.0, 0.0, -50.87422, -0.28353274, 48.842247, 3
106.12182, 7.4745073, 99.00721, 18.485594, 148.13773, 171.42027, 6.930501, 3.056744
8.541875E-4, 0.0, 0.0, 0.0, -33.937485, -49.824066, 16.238451, 4
126.30737, 7.2163706, 73.388275, 18.485106, 127.27011, 100.18402, 4.35094, 2.4902127
8.4703544E-4, 0.0, 0.0, 0.0, -39.51595, -24.720526, 35.76353, 3
156.09975, 6.906136, 31.672394, 18.48435, 38.16037, 30.954758, 7.4970946, 3.5519464
0.6607781, -34.606373, -32.79235, 32.601276, 0.0, 0.0, 0.0, -1
162.92363, 6.9059534, 24.85083, 18.484245, 28.412857, 24.134033, 8.094918, 3.5523238
7.102378, -40.17331, -9.135881, 50.690807, 0.0, 0.0, 0.0, 0
154.90521, 8.857606, 43.216766, 16.774353, 47.039627, 64.1012, 7.7363048, 2.3669598
5.783227, -25.281048, 25.188124, 49.53083, 0.0, 0.0, 0.0, 0
176.02135, 17.902819, 58.585968, 11.49434, 103.20366, 148.78638, 6.1899586, 7.871009
0.41456616, -25.861809, 26.593893, 47.544296, 0.0, 0.0, 0.0, -1
166.99426, 18.315773, 51.216095, 11.276204, 95.85747, 141.18796, 5.980611, 8.223947
0.001349305, 0.0, 0.0, 0.0, -40.002907, -20.00282, -39.994274, 3
144.72668, 18.315855, 28.945816, 11.275647, 69.38481, 118.9161, 5.429566, 8.223733
0.0014990204, 0.0, 0.0, 0.0, -8.0523615, -33.85433, -58.093307, 5
117.032585, 18.315418, 1.2445526, 11.274965, 30.062195, 91.21403, 4.431855, 8.223023
0.0015377977, 0.0, 0.0, 0.0, 44.747757, -24.302029, -30.950207, -1
111.06647, 18.315329, 4.7239227, 11.274678, 20.46724, 85.24877, 4.2237654, 8.222785
0.0015309907, 0.0, 0.0, 0.0, 52.054543, -26.010508, -21.934952, 4
104.69837, 17.527899, 17.13533, 11.27416, 0.23658752, 72.84361, 3.8679087, 8.222263
0.0011901888, 0.0, 0.0, 0.0, -33.052624, 21.17864, 45.768738, 3
123.07991, 16.87708, 4.247574, 11.27326, 1.6092224, 85.74358, 3.5865486, 8.221091
0.2793426, -38.22699, 5.579536, 56.19347, 0.0, 0.0, 0.0, -1
141.92839, 12.296991, 175.62703, 52.230213, 175.12685, 153.31033, 33.11918, 18.528017
0.0, 0.0, 0.0, 0.0, -42.34463, 15.310738, -42.34463, 3
133.19138, 12.296991, 166.89001, 52.230213, 166.40906, 161.57382, 33.20892, 19.304174
0.0, 0.0, 0.0, 0.0, -47.568615, 4.862754, -47.568626, 5
125.31493, 12.296991, 159.01358, 52.230213, 158.53262, 169.25333, 33.208927, 19.64854
0.0, 0.0, 0.0, 0.0, -40.899803, -18.200396, -40.899803, 3
43.143738, 12.296991, 76.84238, 52.230213, 76.45282, 105.309906, 28.211208, 14.751031
0.0, 0.0, 0.0, 0.0, -37.154964, -25.690075, -37.154964, 3
24.924835, 12.296991, 58.623474, 52.230213, 58.355927, 81.49643, 23.701357, 10.396533
0.0, 0.0, 0.0, 0.0, -33.136715, -33.726562, -33.136715, 4
12.042572, 12.296991, 45.74121, 52.230213, 45.59549, 59.811768, 20.181395, 7.200152
46.56656, -29.165161, 38.05995, 32.774887, 0.0, 0.0, 0.0, 0
6.8245544, 12.296991, 40.523193, 52.230213, 40.494293, 43.62155, 17.976225, 5.3370767
46.636795, -28.16954, 39.94374, 31.88672, 0.0, 0.0, 0.0, 0
165.06409, 45.084297, 105.60327, 32.960075, 141.73077, 177.11533, 2.5245974, 42.597435
0.21163073, 12.767233, 42.148, 45.08477, 0.0, 0.0, 0.0, -1
161.19902, 45.288483, 109.89041, 33.017555, 141.53473, 173.65723, 2.8495457, 41.264225
4.4202374E-4, 0.0, 0.0, 0.0, -54.355534, -24.910774, -20.733698, 3
145.51839, 45.2891, 56.609303, 33.017906, 61.243206, 127.78536, 3.724254, 29.802761
4.4317782E-4, 0.0, 0.0, 0.0, -22.035513, -30.342495, -47.621994, 5
50.303883, 45.290203, 38.60257, 33.01851, 36.346573, 24.33784, 4.690631, 16.140808
4.5061146E-4, 0.0, 0.0, 0.0, 41.557133, 19.311964, -39.130898, 5
176.47633, 7.431649, 121.58644, 52.45354, 140.81923, 121.00505, 22.890743, 27.110916
6.035728E-4, 0.0, 0.0, 0.0, -35.412563, -17.569193, -47.01824, 5
110.35886, 4.7253203, 71.47595, 52.453056, 87.35501, 71.292694, 13.930534, 20.352968
6.0609885E-4, 0.0, 0.0, 0.0, -39.901936, -19.91272, -40.185345, 5
60.350357, 4.7253904, 21.644821, 52.452507, 28.522629, 21.645157, 6.867002, 17.406466
6.3416973E-4, 0.0, 0.0, 0.0, -39.992752, -19.999296, -40.007954, 5
45.11145, 4.7252674, 6.410248, 52.452328, 8.445648, 6.4098816, 5.644046, 17.406416
5.675512E-4, 0.0, 0.0, 0.0, 29.285809, 14.641518, 56.072678, -1
85.52127, 4.085537, 25.109894, 52.451794, 23.215454, 25.107697, 5.434973, 17.406105
0.572793, -49.947323, -50.03536, 0.01732069, 0.0, 0.0, 0.0, -1
89.00099, 4.086353, 28.609055, 52.45151, 26.720047, 28.606064, 5.435624, 17.405825
1.7230561, -45.981617, -44.850933, 9.167449, 0.0, 0.0, 0.0, 0
92.60495, 4.0815134, 24.892242, 51.963722, 25.233124, 25.350708, 4.944635, 16.986387
9.138122, -47.235836, -13.132085, 39.632072, 0.0, 0.0, 0.0, 0
161.26549, 19.588953, 58.638657, 36.14788, 176.83344, 124.25621, 16.138393, 10.337382
0.0, 0.0, 0.0, 0.0, -28.400957, -45.73369, 25.865355, 4
176.75679, 19.587303, 43.144806, 36.14788, 150.83159, 85.057526, 11.116156, 6.2805047
0.3863987, -36.00428, 17.656656, 46.339066, 0.0, 0.0, 0.0, -1
179.03595, 19.58686, 40.86502, 36.14788, 144.07263, 77.197205, 9.898054, 5.870819
7.4761376, -30.110502, 25.47988, 44.409615, 0.0, 0.0, 0.0, 0
164.51117, 26.713352, 54.92035, 26.931484, 126.533035, 148.31744, 9.2561245, 9.253066
2.0639737, -26.217758, 32.348156, 41.434086, 0.0, 0.0, 0.0, 0
159.35988, 28.336967, 51.674255, 25.923944, 123.58853, 141.58804, 8.950818, 9.49523
0.36116233, -27.539545, 30.681456, 41.779, 0.0, 0.0, 0.0, -1
158.2174, 28.674837, 50.912964, 25.703564, 118.49525, 135.97421, 7.9423666, 8.892606
0.001188755, 0.0, 0.0, 0.0, -36.26894, -27.465668, -36.26539, 3
147.86522, 28.67491, 40.559906, 25.70337, 100.6309, 121.40761, 6.834272, 8.367224
0.0011548996, 0.0, 0.0, 0.0, -29.54805, -33.68902, -36.762928, 5
132.6763, 28.675024, 25.369232, 25.703005, 70.01419, 103.87387, 5.5545044, 8.121346
0.0011548996, 0.0, 0.0, 0.0, -4.7966046, -50.54239, -44.661003, 4
117.63569, 28.675156, 10.3272705, 25.702677, 40.572876, 74.50491, 5.0041914, 7.0844197
0.0011672974, 0.0, 0.0, 0.0, 31.759644, -25.139008, -43.10135, 5
0.37911987, 19.392996, 8.408691, 20.442572, 70.98953, 5.1152344, 16.512035, 23.783342
0.30064714, -36.314777, -26.947456, -36.737766, 0.0, 0.0, 0.0, -1
0.56430054, 19.392845, 9.352203, 20.442402, 68.86206, 6.3072205, 15.078057, 23.146982
1.1993026, -36.417614, -26.766644, -36.815746, 0.0, 0.0, 0.0, 2
138.17313, 28.675982, 131.87415, 52.080605, 166.41034, 95.26831, 26.725048, 25.513475
7.600467E-4, 0.0, 0.0, 0.0, -40.76995, -18.826746, -40.403305, 3
133.52574, 28.589985, 126.853134, 52.080544, 159.3242, 90.725174, 25.597488, 24.052858
7.696258E-4, 0.0, 0.0, 0.0, -41.198418, -17.600069, -41.201515, 5
77.23367, 21.926, 70.56415, 52.080265, 83.45938, 40.71501, 19.268126, 13.850415
7.811231E-4, 0.0, 0.0, 0.0, -40.156292, -13.48235, -46.361355, 5
54.16388, 18.130701, 48.312103, 52.08017, 58.93042, 25.120758, 17.555626, 9.64127
7.667782E-4, 0.0, 0.0, 0.0, -38.696064, -8.56027, -52.74366, 5
4.7364044, 15.780801, 13.183456, 52.079983, 18.597855, 7.627548, 17.921465, 5.5763187
7.804041E-4, 0.0, 0.0, 0.0, 52.110367, 29.622564, 18.267065, -1
9.459106, 13.541667, 20.345322, 52.079853, 22.13823, 21.175308, 17.836935, 4.950838
7.7383843E-4, 0.0, 0.0, 0.0, 62.718178, 31.371475, 5.910346, -1
13.257263, 11.8569355, 35.12094, 52.079727, 36.132843, 35.959625, 17.687126, 4.9517865
7.8672427E-4, 0.0, 0.0, 0.0, 54.02244, 27.006329, -18.971233, 5
6.181122, 9.993311, 81.72916, 52.079525, 82.738525, 82.56796, 17.686903, 4.9524484
7.614724E-4, 0.0, 0.0, 0.0, -58.419617, -29.232151, -12.348236, 3
23.590782, 17.112082, 84.72841, 20.643862, 0.0087890625, 12.504799, 14.016042, 16.852352
0.23975343, -6.672041, -49.67133, -43.656628, 0.0, 0.0, 0.0, -1
6.5862427, 13.846036, 107.14552, 20.612238, 24.23384, 9.307449, 12.173074, 14.9097395
9.722591E-4, 0.0, 0.0, 0.0, -38.94397, 21.644392, 39.41164, 3
76.96828, 13.815582, 36.74652, 20.610725, 34.91742, 67.803246, 7.422492, 9.958228
9.838664E-4, 0.0, 0.0, 0.0, -28.642822, 27.019178, 44.337997, 3
120.744675, 12.306488, 9.048111, 20.609571, 17.11023, 119.99489, 3.6059833, 3.998075
0.0010137692, 0.0, 0.0, 0.0, 3.0592906, -10.601532, 86.33918, 4
112.42971, 22.966839, 155.74323, 52.644222, 108.57925, 169.0505, 35.614567, 26.363216
0.0, 0.0, 0.0, 0.0, -41.03966, -17.920673, -41.03966, 3
39.53737, 22.966837, 82.850876, 52.644222, 47.35649, 118.64461, 24.10308, 27.42505
0.0, 0.0, 0.0, 0.0, -50.93778, -31.923836, -17.13839, 3
1.6804199, 29.304922, 39.15451, 52.644222, 8.531067, 70.72916, 15.254903, 25.103273
0.0, 0.0, 0.0, 0.0, -39.97895, -31.528542, 28.492508, 3
4.57782, 30.688536, 31.965302, 52.644222, 2.7217102, 61.187973, 13.827264, 24.026892
0.0, 0.0, 0.0, 0.0, -34.520695, -40.13658, 25.342724, 4
13.279114, 33.483593, 21.631866, 52.644222, 3.7901917, 45.50479, 11.010052, 22.019506
0.0, 0.0, 0.0, 0.0, 57.42781, 10.53951, -32.03268, 5
0.28100586, 36.637955, 33.134583, 52.644222, 19.919617, 43.210938, 6.8101277, 18.763773
7.2701645, -36.335922, -17.613592, -46.050488, 0.0, 0.0, 0.0, 2
1.0219727, 32.325428, 37.11728, 49.16875, 86.51305, 43.424347, 2.8922088, 14.55988
6.2907577, -38.61935, 8.1256895, -53.254963, 0.0, 0.0, 0.0, 2
6.4167175, 24.572298, 45.933105, 45.361813, 150.65398, 64.640076, 5.495774, 11.87289
2.4585552, -34.700638, 15.038975, -50.260387, 0.0, 0.0, 0.0, 2

NONPOS KNOWLEDGE:
3.7526855, 30.520397, 106.769516, 25.808262, 107.85411, 107.18074, 5.0505605, 9.071088
0.0, 0.0, 0.0, 0.0, 0.0, 0.0, 0.0, -1
14.612686, 30.520397, 95.909515, 25.808262, 96.99411, 96.32074, 5.0505605, 9.071088
1.9073486E-6, 0.0, 0.0, 0.0, 47.68323, 10.5171, -41.799667, 5
8.17931, 30.520395, 118.701515, 25.80826, 119.78611, 119.11274, 5.0505595, 9.071087
0.0, 0.0, 0.0, 0.0, -41.22909, -38.325397, 20.445507, 3
5.5565453, 28.475058, 115.93352, 25.808262, 117.01811, 116.34474, 5.0505605, 9.071088
7.829666E-4, 0.0, 0.0, 0.0, -38.03282, -46.02269, 15.944487, 4
3.0247688, 27.84116, 113.352516, 25.80826, 103.78269, 113.76374, 4.7143946, 9.071087
0.1800017, -5.736499, -11.966582, -82.29692, 0.0, 0.0, 0.0, -1
1.0742989, 27.245918, 111.353516, 25.80826, 83.70807, 103.13345, 4.5572486, 8.7808
4.678478, 11.500885, -24.617136, -63.881977, 0.0, 0.0, 0.0, 2
30.191483, 13.727747, 112.18747, 26.676882, 2.2899647, 78.84383, 3.813736, 7.246881
2.2656143, -11.911865, 46.535057, 41.553074, 0.0, 0.0, 0.0, 0
7.3760567, 38.69624, 114.68938, 20.64319, 88.70392, 59.372345, 14.949801, 22.617392
0.119177625, 26.509003, -17.468931, -56.022064, 0.0, 0.0, 0.0, -1
4.093979, 38.639137, 118.12399, 20.670477, 85.38855, 47.473507, 15.3116255, 21.899939
0.059916396, 0.0, 0.0, 0.0, -30.81702, -37.950153, 31.232824, 4
7.784851, 10.926728, 75.67816, 53.199493, 76.8851, 75.85516, 17.436975, 4.991849
0.0011552953, 0.0, 0.0, 0.0, -63.0972, -1.2383454, -35.664463, 3
0.6298218, 9.387368, 66.34601, 53.198376, 67.55481, 79.262436, 17.435877, 3.8294203
0.36087543, -31.98843, -26.183397, -41.828175, 0.0, 0.0, 0.0, -1
0.025543213, 9.308856, 66.93112, 53.198215, 68.14014, 79.854095, 17.43572, 3.829672
1.3505211, -33.404488, -24.31562, -42.279892, 0.0, 0.0, 0.0, 2
2.1956787, 9.308262, 64.70535, 53.197887, 65.91495, 77.64044, 17.435394, 3.8303115
1.3200715, -33.59913, -24.978947, -41.421925, 0.0, 0.0, 0.0, 2
31.670013, 6.3356276, 48.328888, 52.35539, 46.206787, 49.012024, 17.36425, 3.6920073
0.59379053, -36.892315, -36.420956, -26.686728, 0.0, 0.0, 0.0, -1
41.526855, 5.3846927, 44.297333, 52.23719, 40.19336, 31.950775, 17.4539, 4.0749016
3.3081205, -44.59408, -47.873516, -7.5324, 0.0, 0.0, 0.0, 1
58.210266, 4.3600063, 28.826324, 52.23719, 18.588013, 3.4281006, 17.745914, 5.5279346
9.379518, -47.79931, -25.945707, 26.254978, 0.0, 0.0, 0.0, 0
123.952866, 4.732031, 37.249237, 47.841034, 30.763123, 26.820251, 13.038036, 1.7561915
12.57586, -41.163708, 13.498921, 45.33737, 0.0, 0.0, 0.0, 0
167.04257, 11.81289, 40.354736, 40.18765, 67.557724, 175.83696, 7.2085958, 7.7419887
13.401527, -29.540066, 28.002697, 42.457237, 0.0, 0.0, 0.0, 0
168.27591, 21.773518, 58.40747, 33.504417, 140.91699, 175.0582, 10.388496, 17.685951
8.846335, -22.810772, 36.204506, 40.98472, 0.0, 0.0, 0.0, 0
178.95161, 31.984753, 68.09303, 29.12058, 153.8025, 176.29587, 19.396572, 27.989798
2.5449905, -18.77085, 39.404064, 41.825085, 0.0, 0.0, 0.0, 0
167.64728, 36.08489, 62.098724, 27.59661, 145.19221, 163.53786, 23.045591, 32.063457
0.0, 0.0, 0.0, 0.0, -40.000004, -20.000002, -39.999996, 3
149.68127, 36.08489, 44.13272, 27.59661, 127.22621, 145.57185, 23.045591, 32.063457
0.0, 0.0, 0.0, 0.0, -9.75406, -30.081984, -60.163963, 5
79.604034, 36.08489, 25.944527, 27.59661, 57.148964, 75.494606, 23.045591, 32.063457
0.0, 0.0, 0.0, 0.0, 40.033024, -20.020277, -39.946697, -1
18.84356, 36.08489, 86.705, 27.59661, 3.6115112, 14.734131, 23.045591, 32.063457
0.0, 0.0, 0.0, 0.0, 75.4127, -0.07340288, -24.513903, -1
12.012184, 36.08489, 93.53638, 27.59661, 10.442886, 7.9027557, 23.045591, 32.063457
0.49504107, 12.618849, -42.90276, -44.478394, 0.0, 0.0, 0.0, -1
9.279861, 34.684845, 116.12603, 27.59661, 33.535545, 14.676857, 22.683578, 31.63102
1.7706664, 16.892725, -40.171734, -42.935543, 0.0, 0.0, 0.0, 2
40.69156, 4.3067293, 118.83414, 53.165264, 149.86104, 115.13132, 19.006514, 30.700111
0.18000181, 9.063964, 28.876131, -62.059902, 0.0, 0.0, 0.0, -1
17.12456, 4.3067293, 95.267136, 53.165264, 125.4651, 91.811844, 17.557444, 29.22182
1.018933, 4.5717564, 27.58743, -67.84081, 0.0, 0.0, 0.0, 2
8.35756, 4.3067307, 86.50014, 53.165264, 112.598526, 82.38335, 14.747248, 26.222858
0.5311961, -45.14398, -35.68814, -19.16788, 0.0, 0.0, 0.0, -1
13.604715, 3.32634, 88.640724, 53.210316, 107.36562, 84.238106, 11.325617, 22.547081
2.2066648, -13.247207, -17.76045, 68.99235, 0.0, 0.0, 0.0, 1
20.430649, 3.218154, 88.40221, 53.131977, 95.93019, 83.0504, 9.07263, 21.06116
2.3928444, -7.977645, 11.385987, 80.63637, 0.0, 0.0, 0.0, 0
20.092102, 10.356708, 85.38263, 51.631725, 88.31888, 85.61188, 5.3653703, 17.453775
0.0, 0.0, 0.0, 0.0, -59.06954, -35.874374, 5.0560803, 3
6.1411743, 7.332489, 57.15811, 51.631725, 60.0867, 57.38742, 5.366046, 17.453777
0.0, 0.0, 0.0, 0.0, 52.00472, 22.579315, 25.41597, -1
23.069244, 5.901151, 84.69211, 51.631725, 87.617645, 84.92142, 5.366302, 17.453777
0.0, 0.0, 0.0, 0.0, -33.570583, -21.305656, -45.12376, 5
11.998901, 4.162106, 45.854095, 51.631725, 48.134247, 45.79825, 5.316609, 17.532652
0.29998183, -23.196115, -20.390219, -56.41367, 0.0, 0.0, 0.0, -1
7.7588196, 3.9929798, 64.9241, 51.631725, 63.948334, 64.062164, 5.4860406, 17.77579
1.2881366, -27.561813, -24.052328, -48.385857, 0.0, 0.0, 0.0, 2
13.083496, 3.921906, 71.3631, 51.631725, 67.37811, 69.72241, 5.6702194, 18.022331
7.8561664, -56.476776, 3.7677414, 39.755474, 0.0, 0.0, 0.0, 0
151.48041, 4.5192947, 83.5166, 49.552963, 133.41847, 92.21341, 4.9415493, 15.363315
3.6293554, -8.762178, 34.075573, 57.16225, 0.0, 0.0, 0.0, 0
170.72261, 9.462484, 83.58215, 48.94092, 156.59146, 104.42987, 8.346774, 15.936841
1.9073486E-6, 0.0, 0.0, 0.0, -55.196808, -27.083584, -17.719606, 3
179.96118, 9.552254, 74.611206, 48.94092, 147.6188, 95.84451, 8.347075, 15.930222
0.8998879, -31.086615, 15.781395, 53.131992, 0.0, 0.0, 0.0, -1
172.75163, 9.551976, 67.32437, 48.94092, 140.32994, 88.674225, 8.347387, 15.928607
9.468276, -27.585585, 23.255213, 49.159206, 0.0, 0.0, 0.0, 0
173.79953, 16.158577, 69.32324, 45.86294, 156.22208, 107.58598, 13.823994, 16.25814
9.326279, -38.6361, 20.881277, 40.48262, 0.0, 0.0, 0.0, 0
143.97452, 27.053932, 35.037735, 36.829037, 136.14047, 103.68962, 23.236647, 17.898642
0.52288896, -38.675297, 23.207737, 38.116966, 0.0, 0.0, 0.0, -1
154.60765, 26.354866, 44.68953, 36.402615, 146.20346, 114.4366, 23.454967, 18.012793
0.0011570737, 0.0, 0.0, 0.0, -39.081642, -23.169468, -37.74889, 3
154.59079, 25.203472, 43.970627, 36.402496, 145.61116, 112.40013, 22.77543, 17.450962
0.0011389654, 0.0, 0.0, 0.0, -8.651936, -33.701237, -57.646828, 5
99.07604, 20.90731, 10.867584, 36.401962, 89.67569, 49.728226, 20.058743, 15.851071
0.64967257, -65.31139, -34.236732, -0.45187688, 0.0, 0.0, 0.0, -1
81.41803, 20.901394, 31.112366, 35.67763, 70.45145, 27.06224, 17.989305, 14.740343
0.0, 0.0, 0.0, 0.0, 47.407623, 18.320618, -34.271755, 5
4.562729, 20.901764, 107.95564, 35.67763, 6.3990326, 49.79091, 17.990341, 14.741124
0.0, 0.0, 0.0, 0.0, 49.899307, 32.11385, 17.986845, -1
9.039978, 10.583748, 111.50798, 41.587296, 86.67702, 111.26225, 3.6979935, 17.582691
0.0, 0.0, 0.0, 0.0, -35.559002, -35.68304, 28.757957, 4
6.4860535, 10.026918, 112.90898, 41.587296, 65.87398, 109.043106, 3.8735416, 16.58199
0.0, 0.0, 0.0, 0.0, -35.380417, -30.631464, 33.98812, 3
19.783737, 9.4712515, 98.116974, 41.587296, 16.9066, 81.49246, 6.4511886, 14.393922
0.6394828, 2.3484988, 44.39985, 53.251656, 0.0, 0.0, 0.0, -1
21.980057, 9.472047, 95.91998, 41.587296, 9.60025, 74.18997, 7.5034623, 13.86442
1.5468978, 0.35901952, 45.439144, 54.201836, 0.0, 0.0, 0.0, -1
34.291107, 9.472797, 83.60797, 41.587296, 2.9191742, 61.264618, 7.554867, 13.809322
2.2358742, -0.41715434, 45.05309, 54.529755, 0.0, 0.0, 0.0, 0
26.009247, 9.83363, 90.06937, 41.610844, 4.087326, 66.75702, 7.972213, 13.992568
1.5850596, -1.6893437, 43.75449, 54.55616, 0.0, 0.0, 0.0, 0
19.175903, 11.099755, 92.1154, 41.58773, 7.149948, 65.66321, 9.337561, 14.548792
0.40142515, 14.546917, 44.34893, 41.104156, 0.0, 0.0, 0.0, -1
44.103027, 12.029022, 63.54013, 41.704823, 19.9402, 35.197662, 10.3685055, 15.12394
0.004306523, 0.0, 0.0, 0.0, -42.292107, 5.0331454, 52.67475, 3
92.89499, 12.031924, 14.746643, 41.704754, 68.73399, 13.59613, 10.368586, 15.123921
0.4620958, 52.992714, 4.876216, -42.131073, 0.0, 0.0, 0.0, -1
115.05734, 12.033108, 7.4157715, 41.704754, 90.89641, 35.758545, 10.368586, 15.123921
8.851205, -55.215073, 3.2414865, 41.543446, 0.0, 0.0, 0.0, 0
152.20206, 16.087585, 21.325775, 33.392742, 138.1462, 75.17287, 13.390826, 10.145721
12.716574, -32.274925, 28.273552, 39.451523, 0.0, 0.0, 0.0, 0
170.81805, 24.281296, 37.655273, 24.155542, 162.82454, 132.03426, 21.355515, 11.686365
5.0985827, -31.504572, 31.954714, 36.540718, 0.0, 0.0, 0.0, 0
150.38533, 32.187325, 26.15509, 16.946661, 145.69693, 130.42163, 28.437067, 17.159536
7.417672E-4, 0.0, 0.0, 0.0, 7.389438, -32.15262, -60.45794, 5
121.93728, 30.19481, 5.54422, 16.946787, 116.03725, 99.51851, 27.001604, 15.432369
7.426134E-4, 0.0, 0.0, 0.0, 41.819767, -17.033503, -41.146725, -1
62.12909, 26.187828, 66.84396, 16.946985, 56.689728, 42.79706, 24.364628, 14.875003
7.387662E-4, 0.0, 0.0, 0.0, 43.402515, -13.280839, -43.316643, -1
20.658554, 23.571636, 106.752426, 16.947174, 17.034683, 9.756546, 21.940878, 15.754881
7.428407E-4, 0.0, 0.0, 0.0, 66.474945, 15.733142, -17.791916, 5
13.792664, 23.58425, 112.783295, 16.947199, 11.603569, 3.0900269, 21.686634, 15.698502
7.4689434E-4, 0.0, 0.0, 0.0, 47.031742, 22.938723, 30.029531, -1
18.789772, 23.187918, 144.71252, 16.947308, 19.64753, 31.169182, 20.161499, 15.566614
0.34755197, 34.98105, -31.310463, -33.708485, 0.0, 0.0, 0.0, -1
21.607994, 20.5703, 152.28061, 17.272215, 25.753685, 38.334938, 18.104237, 13.795732
7.6236634E-4, 0.0, 0.0, 0.0, 48.605694, 21.02645, 30.367857, -1
27.479454, 17.995739, 163.58109, 17.27224, 35.86223, 47.492912, 15.845792, 11.412011
7.511197E-4, 0.0, 0.0, 0.0, -58.655106, -29.702171, -11.6427145, 3
19.274467, 17.99416, 155.37111, 17.272293, 27.354874, 38.51471, 14.444951, 10.52044
7.526366E-4, 0.0, 0.0, 0.0, 50.8982, 25.488842, 23.61296, -1
21.012405, 16.417658, 118.122116, 17.272305, 10.341888, 1.0744934, 13.762774, 9.950005
7.441829E-4, 0.0, 0.0, 0.0, 59.981506, 30.535967, -9.482527, 5
29.18187, 13.836412, 173.98761, 17.272333, 44.48887, 57.06019, 12.729668, 8.896225
0.83557, 37.89403, -27.530497, -34.57547, 0.0, 0.0, 0.0, -1
16.865181, 13.00788, 163.71811, 17.272346, 33.87687, 46.9535, 12.392273, 8.555508
1.2456301, 38.176025, -26.939974, -34.884003, 0.0, 0.0, 0.0, 2
8.597229, 28.678864, 98.70917, 25.699463, 99.4866, 99.194, 5.0175023, 9.075723
0.0015878677, 0.0, 0.0, 0.0, 47.851063, 23.916021, -28.232918, 5
3.3523865, 26.239256, 110.532486, 25.698112, 108.30119, 111.012436, 4.9186664, 9.074362
0.0010681425, 0.0, 0.0, 0.0, -28.250637, -51.541447, 20.207914, 4
0.6933174, 26.15375, 107.87781, 25.697775, 69.43146, 95.87869, 4.849525, 8.900617
0.03010647, 0.0, 0.0, 0.0, -27.195654, -46.36171, 26.442638, 4
7.244129, 26.154007, 99.94214, 25.697456, 35.297653, 69.79901, 6.349952, 9.429835
0.9561806, 1.6365134, -40.794407, -57.56908, 0.0, 0.0, 0.0, -1
9.529579, 26.154049, 97.65756, 25.697311, 24.694817, 59.573208, 7.431519, 10.006157
1.2300631, 12.848926, -37.782913, -49.36816, 0.0, 0.0, 0.0, 2
3.401085, 21.56402, 110.80537, 26.25566, 12.829052, 49.506798, 15.863421, 11.383258
0.90089124, 25.762308, -30.804953, -43.43274, 0.0, 0.0, 0.0, -1
5.815117, 21.123291, 112.194885, 26.255655, 14.871651, 44.60273, 16.555365, 12.092843
3.0690508, 23.749947, -33.995186, -42.254868, 0.0, 0.0, 0.0, 2
19.15686, 18.664595, 121.627594, 27.86694, 29.218678, 46.984013, 15.208158, 12.968041
0.156068, -8.054629, -47.973637, -43.971737, 0.0, 0.0, 0.0, -1
25.003246, 17.446592, 126.410774, 28.708305, 35.835827, 54.64464, 14.08621, 12.340965
2.1437664, -24.33014, 34.483757, 41.186104, 0.0, 0.0, 0.0, 0
26.483585, 18.422733, 122.48276, 28.067553, 34.55441, 50.84553, 15.222959, 13.704561
3.9236732, -58.91126, 15.029902, 26.058838, 0.0, 0.0, 0.0, 0
2.8985596, 24.56784, 4.9425964, 25.172365, 62.292206, 18.485077, 21.464645, 22.175993
3.8606157, -37.167763, -25.807587, -37.02465, 0.0, 0.0, 0.0, 0
27.825668, 58.245926, 64.1647, 4.4801793, 63.120796, 36.76861, 32.39383, 28.006578
0.5297646, -28.21125, -28.344063, -43.444687, 0.0, 0.0, 0.0, -1
19.60022, 58.792225, 56.16241, 4.4804087, 55.5708, 44.7704, 33.60227, 28.006538
7.246191, 2.635082, -34.413574, -62.95134, 0.0, 0.0, 0.0, 2
4.3292007, 56.44019, 93.96558, 3.057124, 39.615906, 66.428856, 33.050022, 26.291758
6.996709, 38.464447, -18.744778, -42.790775, 0.0, 0.0, 0.0, 2
10.322662, 45.941505, 168.8797, 10.671434, 46.070374, 74.758705, 27.000854, 21.22317
0.6870513, 40.475994, -19.603642, -39.920364, 0.0, 0.0, 0.0, -1
17.30011, 44.980446, 176.75052, 11.62055, 48.426796, 63.650703, 27.125658, 19.363297
1.3457317, 38.867138, -23.53814, -37.59472, 0.0, 0.0, 0.0, 2
14.239769, 44.592308, 173.73083, 12.021172, 34.578117, 50.023308, 29.406717, 16.803707
0.9580304, 37.117714, -26.935884, -35.946404, 0.0, 0.0, 0.0, -1
15.136894, 43.721176, 174.75912, 12.916399, 33.71009, 46.783287, 29.42056, 15.888533
0.029034935, 0.0, 0.0, 0.0, -49.337025, -21.388525, -29.274448, 3
5.0844727, 8.863553, 79.08856, 52.079285, 80.09491, 79.91254, 17.686636, 4.952183
7.7880576E-4, 0.0, 0.0, 0.0, -41.09386, -44.913845, 13.992296, 4
6.2561493, 8.565362, 76.884384, 52.079243, 77.89043, 77.70683, 17.686594, 4.952141
7.704675E-4, 0.0, 0.0, 0.0, -57.173286, -32.374573, 10.452143, 3
11.671188, 8.87233, 31.005463, 52.079052, 23.71634, 7.3052216, 21.402008, 9.240649
7.6154043E-4, 0.0, 0.0, 0.0, -18.147312, 25.194818, 56.657867, 3
25.33815, 9.899918, 10.68573, 52.07893, 2.8067627, 12.470703, 23.616737, 11.442755
7.888957E-4, 0.0, 0.0, 0.0, 40.93889, 23.09687, 35.96424, -1
58.080948, 9.766746, 26.170258, 52.078876, 34.10028, 47.51068, 25.688536, 14.012743
0.8995208, -41.162525, -35.34695, -23.490526, 0.0, 0.0, 0.0, -1
60.423553, 9.698873, 31.995026, 52.07884, 39.27719, 51.933228, 25.813023, 14.027019
3.411915, -42.728264, -35.673336, -21.5984, 0.0, 0.0, 0.0, 0
52.55069, 9.674416, 27.640747, 52.078804, 34.246124, 46.22177, 25.973902, 14.059886
9.992654, -52.757923, -36.906616, -10.335461, 0.0, 0.0, 0.0, 0
49.638382, 7.3582554, 23.5094, 48.917458, 29.586792, 44.448944, 23.709158, 11.690331
13.703286, -55.572342, -17.439756, 26.987898, 0.0, 0.0, 0.0, 0
160.49045, 28.232769, 56.41826, 20.64813, 147.9358, 154.42862, 21.082886, 24.688026
9.420167E-4, 0.0, 0.0, 0.0, -41.587322, -20.195438, -38.21724, 3
139.50943, 26.764866, 33.759216, 20.647385, 125.40663, 132.1751, 20.461119, 23.612505
8.9860836E-4, 0.0, 0.0, 0.0, 1.5951259, -33.160484, -65.244385, 5
102.59491, 24.355389, 5.6109924, 20.646494, 86.53575, 94.05348, 18.730165, 21.930191
9.071804E-4, 0.0, 0.0, 0.0, 40.113922, -19.95412, -39.93196, -1
89.9521, 23.347874, 18.602142, 20.64614, 73.38672, 81.3332, 18.043375, 21.247938
8.882526E-4, 0.0, 0.0, 0.0, 39.146557, -20.253319, -40.600124, 5
34.175728, 19.359114, 73.37271, 20.64474, 15.229294, 25.67054, 15.45068, 18.511118
8.926445E-4, 0.0, 0.0, 0.0, 39.811707, -23.07875, -37.109543, -1
19.271034, 18.452927, 87.00015, 20.644384, 0.16242981, 11.381363, 14.874066, 17.851917
0.23979907, -6.5336304, -48.99452, -44.471855, 0.0, 0.0, 0.0, -1
0.024017334, 21.045713, 41.002075, 43.812126, 152.37762, 67.97977, 7.4848394, 11.055473
0.25593764, -23.062473, 28.224955, -48.712578, 0.0, 0.0, 0.0, -1
6.712494, 18.689722, 47.689606, 43.70321, 158.88167, 75.68944, 7.739844, 11.065851
0.0, 0.0, 0.0, 0.0, -35.942764, -44.63218, 19.425056, 4
1.5101318, 17.098726, 42.179626, 43.70321, 153.36191, 56.28119, 7.7393346, 10.251812
0.0, 0.0, 0.0, 0.0, -42.653908, -13.285949, 44.060143, 3
25.22519, 16.566275, 15.318634, 43.70321, 82.00264, 4.7049866, 4.6726036, 13.3168745
0.5998761, -41.35504, -25.647482, -32.99748, 0.0, 0.0, 0.0, -1
32.757263, 16.566284, 7.786499, 43.70321, 56.505066, 7.1108093, 4.6858206, 14.3541355
8.552481, -49.678326, -26.962635, -23.359035, 0.0, 0.0, 0.0, 0
59.176453, 12.421817, 2.2095642, 36.51578, 24.108307, 40.32675, 5.3012056, 13.272763
11.839439, -92.74158, -2.4686081, 4.789808, 0.0, 0.0, 0.0, 0

SIGNAL KNOWLEDGE:
7.921669, 30.520395, 102.60054, 25.80826, 103.68474, 103.01109, 5.050505, 9.070879,implicit, 1
1.5409889, 26.738037, 108.69551, 25.80826, 63.468067, 90.9232, 4.8601933, 8.720781,implicit, 0
19.050636, 9.460051, 94.0304, 24.340408, 6.173523, 18.10947, 11.15936, 9.26523,implicit, 0
30.82866, 8.282242, 62.037376, 23.966358, 2.1245909, 29.032036, 7.6512594, 4.337837,implicit, 1
59.252728, 9.21029, 35.58264, 22.803465, 36.105133, 34.373383, 8.647017, 3.1397507,implicit, 1
143.42767, 16.981634, 82.746124, 28.833641, 87.751144, 93.04103, 9.999434, 5.9143524,implicit, 1
9.719177, 31.827003, 54.905518, 57.521187, 53.76172, 56.59131, 11.258008, 21.557991,implicit, 1
16.630009, 38.581173, 105.742355, 20.698778, 72.13753, 16.357544, 12.31891, 23.210041,explicit:callForPass, 0
101.9247, 16.553133, 94.51283, 53.205513, 86.54274, 137.01964, 30.559364, 23.100105,implicit, 1
6.9305115, 10.926068, 60.962677, 53.201267, 62.16678, 61.12686, 17.438723, 4.993619,implicit, 1
2.1956787, 9.308262, 64.70535, 53.197887, 65.91495, 77.64044, 17.435394, 3.8303115,implicit, 0
7.6297913, 36.08489, 97.91877, 27.59661, 14.825279, 3.5203629, 23.045591, 32.063457,implicit, 0
4.8805466, 33.482075, 103.52783, 27.691845, 20.810226, 1.2274551, 21.994553, 30.918179,explicit:callForPass, 0
17.61093, 3.158778, 87.38989, 53.210316, 101.38144, 82.68866, 10.153795, 21.838427,implicit, 0
22.68235, 5.67134, 93.207924, 52.879005, 60.48124, 82.663155, 8.256015, 19.20579,implicit, 0
4.562729, 20.901764, 107.95564, 35.67763, 6.3990326, 49.79091, 17.990341, 14.741124,explicit:callForPass, 0
148.05095, 17.311481, 3.8535767, 23.975176, 21.166077, 71.15753, 3.3756187, 9.584165,implicit, 1
9.762817, 21.745157, 25.126892, 52.492558, 25.450317, 25.368256, 5.0008144, 17.44257,implicit, 1
145.99637, 15.472602, 17.166595, 30.63725, 100.95662, 62.085052, 8.261588, 4.9056163,implicit, 1
4.716049, 36.650272, 97.94264, 52.640553, 89.7964, 97.69142, 14.707277, 21.820705,implicit, 1
28.0988, 14.507959, 92.12863, 41.587296, 164.85165, 127.797, 4.818596, 11.972875,implicit, 1
0.59204865, 23.345846, 124.7997, 16.947247, 0.01952362, 11.026321, 21.097763, 15.582982,implicit, 0
19.274467, 17.99416, 155.37111, 17.272293, 27.354874, 38.51471, 14.444951, 10.52044,implicit, 0
133.56818, 18.315624, 17.783493, 11.275281, 52.915756, 107.75224, 4.898068, 8.223402,implicit, 1
110.55582, 12.296991, 144.25446, 52.230213, 143.7735, 175.99738, 33.208946, 19.666126,implicit, 1
8.744095, 45.29068, 80.16122, 33.018764, 77.90041, 68.95031, 4.6909056, 9.205118,implicit, 1
137.92862, 4.900062, 84.88263, 52.453217, 102.28888, 84.562256, 16.946924, 21.795351,implicit, 1
3.3528175, 28.678196, 103.95394, 25.700043, 104.73608, 104.44067, 5.018091, 9.076279,implicit, 1
0.265625, 20.241083, 8.817078, 20.444544, 72.7023, 6.3430786, 19.365406, 23.046799,explicit:callForPass, 0
7.4129486, 43.66529, 152.20923, 12.974283, 2.3267517, 47.750885, 32.910885, 15.784771,implicit, 0
35.984604, 17.021992, 34.22725, 52.080097, 41.9207, 15.454117, 16.712889, 8.067093,implicit, 1
6.181122, 9.993311, 81.72916, 52.079525, 82.738525, 82.56796, 17.686903, 4.9524484,implicit, 1
15.67263, 14.81923, 98.13399, 20.61291, 14.290634, 0.28266907, 12.807795, 15.58769,explicit:callForPass, 0
0.4197998, 36.63834, 32.996582, 52.644222, 33.70819, 34.554077, 4.936785, 17.651152,implicit, 1
6.4167175, 24.572298, 45.933105, 45.361813, 150.65398, 64.640076, 5.495774, 11.87289,implicit, 1

SHOOT KNOWLEDGE:
106.59324, 35.172302, 16.274292, 20.71318, 14.021118, 34.67691, 3.2913983, 7.8955536
140.96643, 17.311533, 10.936584, 23.975176, 11.838593, 18.262878, 3.5133083, 7.39812
109.011154, 26.505056, 17.204285, 15.10096, 15.880096, 99.68728, 5.707062, 4.2080746
131.78783, 17.234646, 5.76976, 11.037719, 11.473343, 95.97814, 3.4201097, 8.492998
10.345795, 18.20397, 19.640656, 19.293188, 53.43022, 17.630035, 7.3721695, 14.54281
176.71878, 9.524596, 11.031464, 20.608578, 9.592941, 106.24884, 3.514854, 2.868753

