POS KNOWLEDGE:
67.47949, 42.571136, 17.868134, 67.39406, 15.038086, 31.11264, 48.36406, 61.467476
0.0, 0.0, 0.0, 0.0, 0.0, 0.0, 0.0, -1
37.665375, 42.57115, 11.945862, 67.39406, 44.739044, 1.1698303, 46.859837, 59.972584
0.0, 0.0, 0.0, 0.0, 8.976156, 26.015919, 65.00792, -1
33.407196, 42.571342, 16.20285, 67.39406, 48.736816, 3.376007, 43.741592, 56.871483
0.0, 0.0, 0.0, 0.0, -3.240116, 26.515612, 70.24427, 3
48.597473, 42.571457, 1.0118408, 67.39406, 33.40094, 11.65683, 42.174408, 55.3059
0.0, 0.0, 0.0, 0.0, 37.556587, 20.126413, 42.317, -1
64.38101, 42.571835, 14.774139, 67.39406, 16.947693, 26.759827, 36.203518, 49.46852
3.5180387, -43.940502, -42.884415, -13.17508, 0.0, 0.0, 0.0, 0
73.25943, 41.396507, 19.512726, 63.485474, 13.465851, 31.942108, 23.181376, 37.22373
2.1067353E-5, 0.0, 0.0, 0.0, -12.831802, -23.795002, -63.373196, 5
56.531006, 41.36934, 3.317627, 63.485546, 26.924835, 13.732758, 17.355047, 31.365845
0.7195731, -37.548363, -33.04694, -29.404697, 0.0, 0.0, 0.0, -1
52.713654, 41.32839, 0.49777222, 63.485546, 28.740051, 10.297302, 15.914081, 29.934465
5.054934, -38.49652, -31.350744, -30.152739, 0.0, 0.0, 0.0, 0
41.881104, 38.21558, 11.8377075, 59.704636, 44.787384, 8.179138, 5.918619, 18.575397
7.929487, -51.73775, -11.480633, -36.78162, 0.0, 0.0, 0.0, 0
45.348816, 29.465376, 17.428558, 48.94531, 153.19907, 29.573639, 6.9531054, 8.629966
0.8080037, -57.233383, 1.3869771, -41.379642, 0.0, 0.0, 0.0, -1
26.052307, 28.761065, 19.100098, 48.174316, 154.56743, 33.84201, 3.4254522, 7.936758
0.0010956603, 0.0, 0.0, 0.0, 45.48856, 14.478095, -40.03334, 5
1.0487976, 25.821495, 45.554443, 48.170906, 172.92345, 27.70224, 3.1075194, 20.586338
0.0013442292, 0.0, 0.0, 0.0, -47.34387, -13.832174, 38.82396, 3
1.2954407, 22.624773, 43.532013, 48.16996, 77.18077, 17.907318, 2.9084375, 23.108635
0.18091379, -54.138386, -9.113514, -36.7481, 0.0, 0.0, 0.0, -1
8.874908, 22.604708, 35.953094, 48.16977, 84.706154, 10.329041, 2.907871, 23.10826
7.539295, -61.19284, -2.8044462, -36.002716, 0.0, 0.0, 0.0, 0
54.21945, 16.864908, 11.446014, 39.363384, 159.73972, 25.579407, 5.6914954, 14.5502615
7.1681676, -68.91569, 6.7641587, -24.320152, 0.0, 0.0, 0.0, 0
11.375069, 18.842714, 127.79983, 39.455414, 100.57969, 114.2882, 30.569004, 32.340004
1.5447617, -29.978678, -1.5617573, 68.45957, 0.0, 0.0, 0.0, 0
2.401291, 19.877502, 115.20418, 38.43406, 80.2663, 95.82889, 16.208075, 18.099766
0.0014286044, 0.0, 0.0, 0.0, -60.898216, -23.031708, 16.070084, 3
27.470291, 13.330704, 48.071106, 37.407013, 18.369766, 22.292587, 11.002621, 13.780941
0.0014314059, 0.0, 0.0, 0.0, -86.80313, -11.263614, 1.9332501, 3
7.304138, 12.815005, 136.8345, 41.295956, 88.9214, 123.77496, 18.26445, 13.657153
2.8117242, -38.438206, -11.907942, 49.653854, 0.0, 0.0, 0.0, 0
3.7909775, 10.9218855, 139.00708, 35.334003, 88.58561, 22.250404, 11.039098, 9.885637
2.0446138, -31.488758, 25.822472, 42.68877, 0.0, 0.0, 0.0, 0
14.587379, 11.070813, 130.18668, 33.989944, 86.25824, 10.430023, 9.788178, 10.235636
0.87074935, -31.02268, 25.38308, 43.594242, 0.0, 0.0, 0.0, -1
12.12808, 25.235369, 90.66365, 27.311283, 18.278252, 19.006607, 24.341997, 26.640255
0.009228222, 0.0, 0.0, 0.0, -52.7348, 4.82297, 42.442234, 3
6.973831, 22.24978, 141.39337, 30.393082, 88.9764, 53.459496, 14.183098, 8.972194
2.0660594, -38.159897, 18.40518, 43.43492, 0.0, 0.0, 0.0, 0
19.698439, 21.785059, 128.45107, 28.050497, 71.928345, 14.428003, 9.51791, 14.098698
0.0011968877, 0.0, 0.0, 0.0, -51.770615, 0.65116334, 47.578228, 3
136.49411, 21.743744, 8.170593, 28.047146, 5.6810455, 32.326828, 5.595545, 5.7605104
0.0012029185, 0.0, 0.0, 0.0, 44.76721, -10.4692135, -44.76358, -1
143.9629, 21.743933, 0.70214844, 28.046915, 1.3395386, 28.457886, 5.333986, 6.1018195
0.0012169386, 0.0, 0.0, 0.0, 45.254578, 9.492965, -45.252457, 5
97.15734, 21.745121, 47.50989, 28.045467, 45.58298, 43.07691, 5.309234, 6.7971597
0.0011489651, 0.0, 0.0, 0.0, 33.787483, 18.63842, -47.574093, 5
129.16248, 27.241661, 179.18695, 52.262783, 179.58081, 134.53375, 37.360695, 38.332634
3.814697E-7, 0.0, 0.0, 0.0, -48.56728, -2.3767695, -49.05595, 5
124.41096, 27.337833, 175.57693, 52.262783, 175.96826, 140.2016, 34.421425, 35.703884
0.0, 0.0, 0.0, 0.0, -48.747936, -2.5043004, -48.747765, 3
72.58638, 27.337914, 123.75214, 52.262783, 124.12982, 155.49011, 22.510681, 25.763582
0.0, 0.0, 0.0, 0.0, -36.37538, -28.368006, -35.25661, 3
37.93335, 27.337914, 89.099106, 52.262783, 89.38316, 101.507614, 12.03504, 19.301624
0.33839607, -25.818516, -20.10915, -54.072334, 0.0, 0.0, 0.0, -1
22.53804, 27.337914, 73.7038, 51.54807, 73.934845, 82.15704, 9.496232, 18.592249
4.5723333, -33.462326, -0.6545911, -65.88308, 0.0, 0.0, 0.0, 2
45.758316, 26.447224, 57.558426, 44.6469, 144.05212, 81.24666, 8.561572, 14.088032
3.7227433, -43.58193, 7.749073, -48.669003, 0.0, 0.0, 0.0, 2
26.871552, 20.748554, 36.05481, 39.338318, 111.11172, 63.053375, 4.3372335, 12.671506
0.23446684, -47.23165, 0.073480815, -52.69487, 0.0, 0.0, 0.0, -1
31.736618, 19.845627, 45.14012, 39.104584, 98.49623, 68.4803, 3.7084692, 12.934191
0.0, 0.0, 0.0, 0.0, -54.68282, -36.480843, -8.836333, 3
120.2153, 28.091188, 154.73297, 53.219105, 161.8497, 148.12137, 23.07608, 33.70464
0.13679911, 39.251015, 39.058624, 21.690363, 0.0, 0.0, 0.0, -1
122.0922, 28.245342, 157.49765, 53.34285, 164.65765, 149.13098, 23.206467, 34.603874
0.0, 0.0, 0.0, 0.0, -39.665638, -20.536453, -39.797913, 5
120.70026, 28.257908, 156.25266, 53.34285, 163.41345, 146.84323, 23.206774, 35.09
0.0, 0.0, 0.0, 0.0, -41.460125, -20.27615, -38.263725, 3
48.34645, 28.258364, 83.89281, 53.34285, 91.05382, 74.37492, 23.20687, 33.98259
0.0, 0.0, 0.0, 0.0, -46.53279, -21.077417, -32.389797, 3
18.480255, 32.84294, 40.69403, 53.34285, 47.01593, 34.631134, 16.185581, 25.240263
0.0, 0.0, 0.0, 0.0, -46.114494, -16.998915, 36.886585, 3
5.5354004, 35.85846, 11.022919, 53.34285, 15.277191, 8.352234, 9.331651, 20.204102
0.0, 0.0, 0.0, 0.0, 21.138838, 13.1380825, 65.723076, -1
22.2359, 35.85851, 5.6776733, 53.34285, 2.2976074, 7.0953064, 7.91708, 18.833445
0.0, 0.0, 0.0, 0.0, 40.201927, 19.596428, 40.20164, -1
47.767868, 35.858646, 31.209854, 53.34285, 28.20848, 31.143936, 5.369024, 17.444227
0.3, -36.524982, -37.02003, -26.454988, 0.0, 0.0, 0.0, -1
46.472366, 35.85865, 29.914352, 53.34285, 26.913864, 29.84816, 5.369528, 17.444221
1.1998804, -37.078926, -36.598396, -26.322681, 0.0, 0.0, 0.0, 0
49.80136, 34.768147, 33.243347, 51.715706, 30.243835, 33.176178, 4.396129, 17.444225
6.4531236, -55.190067, -13.174688, -31.635248, 0.0, 0.0, 0.0, 0
71.04762, 31.757114, 48.10295, 46.88168, 126.913315, 60.295273, 3.9422688, 13.489152
8.83426, -52.92445, 27.963055, -19.112503, 0.0, 0.0, 0.0, 0
70.57774, 29.336817, 43.94243, 43.877937, 145.72128, 70.36958, 7.4294763, 8.840761
6.2056384, -54.921, 34.06125, -11.01775, 0.0, 0.0, 0.0, 0
107.15329, 25.102623, 32.99283, 34.86677, 118.19324, 100.85157, 9.873536, 4.4379334
4.3370028, -47.833363, 36.191677, 15.9749565, 0.0, 0.0, 0.0, 0
37.974945, 18.783054, 20.720001, 25.849981, 110.88368, 75.99314, 8.231219, 3.0874586
0.0013727236, 0.0, 0.0, 0.0, 41.71973, -25.203403, 33.076866, 4
33.29193, 20.961393, 23.210175, 25.84996, 25.39444, 22.49643, 8.644002, 5.0796304
0.11740397, -34.886127, -34.902527, -30.211338, 0.0, 0.0, 0.0, -1
47.726196, 20.87181, 37.567444, 25.748425, 37.47049, 37.37628, 8.965186, 4.978665
0.0015147196, 0.0, 0.0, 0.0, 40.008076, 19.985828, 40.0061, -1
42.28946, 20.871784, 32.13086, 25.748446, 32.032898, 31.937225, 8.965249, 4.9786863
0.46861058, -37.55819, -36.320297, -26.121511, 0.0, 0.0, 0.0, -1
48.472107, 20.871769, 38.31366, 25.74848, 38.2146, 38.11731, 8.9653225, 4.978722
3.1062489, -48.404472, -22.286558, -29.30897, 0.0, 0.0, 0.0, 0
78.22528, 19.480764, 65.02811, 23.5326, 70.13202, 80.72214, 8.436448, 3.471731
0.001356597, 0.0, 0.0, 0.0, 54.83331, 1.1278061, 44.038883, -1
86.37712, 19.93612, 75.178055, 23.53151, 77.09923, 81.13966, 8.774459, 3.4574454
0.0012603273, 0.0, 0.0, 0.0, -39.790974, -19.898853, -40.310173, 5
74.27464, 20.113497, 63.805008, 23.530527, 65.73653, 69.75719, 8.775137, 3.4562438
0.0012630499, 0.0, 0.0, 0.0, -39.566017, -20.1394, -40.294586, 5
45.85672, 20.113657, 35.390686, 23.529503, 37.32544, 41.35501, 8.774139, 3.4553037
0.0013257494, 0.0, 0.0, 0.0, -38.16288, -20.607832, -41.229286, 5
38.102142, 20.113518, 27.635986, 23.529331, 29.571411, 33.602722, 8.773974, 3.4551492
0.0013225545, 0.0, 0.0, 0.0, -41.583637, -20.773354, -37.643005, 3
8.553955, 20.112974, 1.9127197, 23.528694, 0.024780273, 4.0617676, 8.773351, 3.4545622
0.0013985172, 0.0, 0.0, 0.0, 31.403614, 22.88015, 45.716236, -1
22.934204, 20.112148, 12.466797, 23.527739, 14.407043, 18.45166, 8.772418, 3.4536777
0.0013420554, 0.0, 0.0, 0.0, -50.278072, -25.11316, -24.608767, 3
20.775696, 20.111956, 10.308136, 23.52752, 12.248993, 16.295288, 8.772202, 3.4534721
0.0013882553, 0.0, 0.0, 0.0, -1.8337882, -95.946495, -2.2197149, 4
13.837524, 20.111607, 3.369629, 23.527107, 5.311798, 9.361725, 8.771802, 3.453095
0.0013276327, 0.0, 0.0, 0.0, 61.673077, -8.23775, 30.089178, 4
17.14444, 18.663967, 3.736145, 23.526379, 1.7917786, 2.2642212, 8.77109, 3.4524217
0.0012033253, 0.0, 0.0, 0.0, 66.804665, 30.65114, -2.544196, 5
77.048904, 35.781055, 166.82657, 52.300777, 127.2908, 121.52731, 43.64128, 45.813927
0.0, 0.0, 0.0, 0.0, -40.320465, -19.359076, -40.32046, 3
39.123234, 35.781055, 128.9009, 52.300777, 89.36513, 85.33702, 43.64128, 38.533394
0.0, 0.0, 0.0, 0.0, -40.318306, -19.363386, -40.31831, 5
30.589407, 35.781055, 120.367065, 52.300777, 80.8313, 77.02542, 43.64128, 37.07706
0.64778656, 10.467004, -30.506, -59.026997, 0.0, 0.0, 0.0, -1
8.927006, 35.662506, 98.80476, 52.31901, 63.08534, 56.969707, 37.044167, 29.735651
1.9922228, -9.102925, -38.592854, -52.304222, 0.0, 0.0, 0.0, 2
14.723722, 33.60421, 77.85556, 52.099083, 50.394073, 40.615326, 27.828476, 19.374481
3.0778933, 1.7604865, -31.677425, -66.56209, 0.0, 0.0, 0.0, 2
6.5963407, 25.974628, 104.170975, 52.645454, 98.323074, 96.41414, 20.153505, 8.909545
2.3930612, -17.64284, 3.9935179, 78.36364, 0.0, 0.0, 0.0, 0
11.449585, 18.40621, 91.124146, 51.88149, 69.73104, 27.974955, 19.303097, 9.637021
6.3578284E-8, 0.0, 0.0, 0.0, -59.460724, -11.214377, 29.324896, 3
67.59604, 9.869573, 19.870453, 51.052326, 20.071045, 6.189565, 17.518045, 5.135745
9.952114E-4, 0.0, 0.0, 0.0, 26.357094, 17.579082, -56.06383, 5
1.6687622, 15.266846, 30.554932, 51.88149, 30.784973, 31.776031, 17.497574, 5.021638
0.0, 0.0, 0.0, 0.0, -34.71808, -17.945557, 47.33636, 3
21.075378, 18.583618, 15.028412, 51.88149, 15.258453, 16.249512, 17.497574, 5.021638
0.0, 0.0, 0.0, 0.0, 22.306108, 9.170705, 68.523186, -1
37.0094, 20.19572, 1.6165161, 51.88149, 1.8465576, 2.837616, 17.497574, 5.021638
0.0, 0.0, 0.0, 0.0, 39.836807, 19.675386, 40.487804, -1
79.65999, 20.224623, 40.99315, 51.88149, 40.763107, 39.77205, 17.497574, 5.021638
0.7798414, -48.140186, -47.11232, -4.747487, 0.0, 0.0, 0.0, -1
85.94693, 20.600485, 49.05332, 51.88149, 47.05011, 46.05905, 17.497574, 5.021638
9.37441, -58.396595, 8.864176, 32.739227, 0.0, 0.0, 0.0, 0
78.06287, 20.224594, 39.39615, 51.88149, 39.166107, 38.17505, 17.497574, 5.021638
4.0307527, -56.38535, -40.431667, 3.1829834, 0.0, 0.0, 0.0, 0
79.5688, 20.22458, 40.902145, 51.88149, 40.672104, 39.681046, 17.497574, 5.021638
6.1574807, -61.75148, -31.235643, 7.0128775, 0.0, 0.0, 0.0, 0
130.17743, 22.402544, 56.32785, 40.866726, 87.57648, 153.09564, 12.951559, 9.679114
7.0021152, -30.228584, 27.17183, 42.59959, 0.0, 0.0, 0.0, 0
162.35211, 30.870802, 46.810913, 32.285748, 90.225586, 130.48381, 5.9667892, 9.6361475
0.6837756, -47.64454, -7.348678, 45.006783, 0.0, 0.0, 0.0, -1
147.9148, 25.631516, 32.15555, 31.815779, 41.41519, 70.65628, 4.5964856, 6.7972636
0.18000005, -38.205284, -23.95034, 37.84438, 0.0, 0.0, 0.0, -1
153.30629, 24.313334, 37.50592, 31.663538, 40.56833, 67.8887, 4.811708, 6.864316
0.0, 0.0, 0.0, 0.0, -33.189, -33.635265, -33.175735, 4
153.58984, 22.842752, 37.78891, 31.663538, 37.41571, 62.42047, 5.025091, 7.0391736
0.0, 0.0, 0.0, 0.0, -35.253128, -29.544853, -35.202015, 3
135.53195, 18.333277, 19.728271, 31.663538, 19.237213, 28.9487, 5.0338526, 7.970586
0.6599401, -41.72706, -41.58359, 16.68935, 0.0, 0.0, 0.0, -1
128.68411, 17.06775, 12.873901, 31.663538, 12.387146, 17.96225, 5.034058, 8.374182
3.5806794, -40.999607, -40.74603, 18.254368, 0.0, 0.0, 0.0, 0
122.932274, 17.492764, 4.214691, 28.11435, 1.1257935, 6.249542, 1.6854659, 5.886438
0.21114895, -45.58707, -45.38308, 9.029846, 0.0, 0.0, 0.0, -1
122.29171, 17.329906, 5.3127747, 27.927261, 15.151764, 7.7467346, 1.7034922, 6.0470157
1.5558602, -55.15635, -44.518326, -0.32532173, 0.0, 0.0, 0.0, 0
97.01561, 14.554893, 28.149414, 27.05595, 14.170013, 31.959503, 1.8731933, 6.958333
0.7161616, -40.200363, -39.97062, -19.829018, 0.0, 0.0, 0.0, -1
103.717125, 13.624157, 25.193115, 26.64009, 33.942688, 31.836792, 1.5866648, 6.91966
7.801757E-4, 0.0, 0.0, 0.0, -28.17841, -20.764618, 51.056976, 3
116.81099, 13.04979, 10.361298, 26.640001, 26.653473, 15.751709, 1.8462337, 7.2298946
7.9536584E-4, 0.0, 0.0, 0.0, 16.680582, -2.2834978, 81.03592, 4
119.80571, 12.747328, 6.3828125, 26.639908, 13.466614, 10.635559, 1.926696, 7.5390487
8.1872137E-4, 0.0, 0.0, 0.0, 41.67411, 13.756964, 44.568924, -1
128.08585, 12.7221985, 1.9755554, 26.639715, 10.828766, 0.23928833, 2.2962573, 8.171074
8.171024E-4, 0.0, 0.0, 0.0, 5.3535676, 3.8074803, -90.83895, 5
115.02678, 17.152393, 12.726196, 26.63892, 15.911774, 11.737518, 4.3987427, 8.6245365
8.4009685E-4, 0.0, 0.0, 0.0, 14.555296, 9.194782, -76.24992, 5
67.38272, 17.626036, 22.408844, 26.638027, 20.685486, 23.407623, 4.6798363, 8.623103
7.9352444E-4, 0.0, 0.0, 0.0, -59.06536, -29.525925, 11.408716, 3
14.96357, 6.461202, 168.72029, 30.35415, 160.75636, 50.891068, 7.2977653, 7.2813087
1.7250481, -51.00853, -4.4591775, 44.532295, 0.0, 0.0, 0.0, 0
1.7447662, 6.9154816, 171.76808, 28.584173, 169.55983, 37.97573, 3.0782862, 8.555642
0.60034907, -50.261093, -5.338268, 44.40064, 0.0, 0.0, 0.0, -1
10.029625, 5.0430584, 174.43759, 27.993902, 165.74057, 35.218346, 2.743377, 7.5989656
0.0, 0.0, 0.0, 0.0, -13.278114, 13.969372, 72.75252, 3
115.93199, 1.9081308, 161.53183, 27.993902, 159.55753, 73.37324, 4.44192, 3.948204
0.5343428, 48.574497, 27.364952, 24.060553, 0.0, 0.0, 0.0, -1
148.3859, 2.1439254, 150.77863, 27.993902, 149.3252, 84.125305, 5.1247144, 3.9479342
7.988182, 30.743917, 35.28895, 33.967133, 0.0, 0.0, 0.0, -1
177.06018, 9.726972, 133.94806, 33.28417, 147.89362, 169.18979, 11.246702, 13.997885
4.115692, 27.82906, 35.79645, 36.37449, 0.0, 0.0, 0.0, -1
172.98615, 15.149701, 134.70972, 37.2245, 151.98865, 159.8899, 13.161555, 19.184698
0.0033482169, 0.0, 0.0, 0.0, -37.78545, -24.437859, -37.77669, 3
129.09973, 15.146534, 90.8179, 37.22144, 100.96457, 107.85361, 7.774229, 17.083742
0.13744588, -26.466904, 8.313528, 65.21957, 0.0, 0.0, 0.0, -1
128.8329, 15.145897, 90.54988, 37.2208, 98.98091, 105.99098, 7.089579, 15.6849785
6.832363, -8.580395, 31.12482, 60.294785, 0.0, 0.0, 0.0, 0
137.83992, 15.965915, 85.69316, 36.847157, 109.203415, 101.04326, 5.1784573, 10.900095
5.7947617, 2.049068, 42.465294, 55.485638, 0.0, 0.0, 0.0, -1
160.1706, 21.765118, 95.34839, 36.907703, 151.15892, 123.95633, 10.892628, 12.128114
0.0010629422, 0.0, 0.0, 0.0, -43.302803, -30.949402, -25.747797, 3
122.55796, 20.70634, 50.770844, 36.907436, 100.5594, 71.91028, 9.074706, 10.83749
4.528241, -45.889843, 8.638562, 45.471603, 0.0, 0.0, 0.0, 0
145.91426, 23.010672, 59.046936, 33.986958, 113.12297, 82.977295, 5.612643, 7.6783614
1.6363558, -28.821186, 18.694231, 52.484585, 0.0, 0.0, 0.0, 0
147.568, 24.45086, 61.00293, 33.14192, 113.87688, 90.03705, 5.418479, 7.6592555
0.48004746, -27.838295, 12.666483, 59.495224, 0.0, 0.0, 0.0, -1
161.60529, 23.323215, 65.60187, 32.888557, 92.18793, 87.73682, 4.64622, 7.8077703
0.001147767, 0.0, 0.0, 0.0, -38.968353, -27.829641, -33.202007, 3
160.32419, 22.201548, 56.601532, 32.889336, 55.49185, 68.8595, 5.0424676, 8.147179
9.661024E-4, 0.0, 0.0, 0.0, -28.352636, -18.898796, -52.748566, 5
122.35003, 22.202093, 23.633509, 32.890575, 24.25456, 22.418829, 5.0454645, 8.806449
3.7519745E-5, 0.0, 0.0, 0.0, 39.288742, 19.084793, -41.62646, 5
163.51572, 28.97066, 161.68906, 52.336643, 176.10397, 157.40265, 18.929543, 15.861754
0.16079956, 33.1981, 33.593845, 33.208054, 0.0, 0.0, 0.0, -1
156.61765, 27.819044, 165.33623, 52.489326, 179.90941, 161.92131, 18.211372, 18.115818
0.0, 0.0, 0.0, 0.0, -19.259363, -6.0897164, -74.65092, 5
147.51195, 27.151857, 176.30937, 52.489326, 170.62502, 176.22002, 15.322683, 17.858196
0.0, 0.0, 0.0, 0.0, -43.605705, -21.777992, -34.616302, 3
106.16887, 26.023378, 133.51411, 52.489326, 122.938705, 133.60347, 10.937907, 17.858238
0.011999937, 0.0, 0.0, 0.0, -46.02532, -22.985138, -30.989542, 3
83.804184, 32.222523, 98.11519, 52.489326, 95.900345, 98.204544, 5.5315394, 17.858282
8.36947, -12.513332, 54.901142, -32.58552, 0.0, 0.0, 0.0, 2
87.60385, 32.36812, 95.26718, 52.90161, 143.27798, 109.03848, 8.761268, 18.93225
4.5256996, 15.778765, 82.08346, 2.1377764, 0.0, 0.0, 0.0, -1
92.693985, 32.38377, 97.86052, 53.316063, 152.5913, 114.30171, 11.802598, 19.67121
0.9527944, 16.845388, 75.94254, 7.212069, 0.0, 0.0, 0.0, -1
86.34573, 32.444885, 90.84302, 53.456566, 145.07983, 105.15561, 11.936308, 19.347857
0.0, 0.0, 0.0, 0.0, -38.051846, -23.895807, -38.052345, 5
62.268356, 32.445385, 66.76579, 53.456566, 117.735245, 79.15425, 10.611146, 19.005888
4.161436, -45.424736, -6.284674, -48.29059, 0.0, 0.0, 0.0, 2
50.063293, 28.564653, 51.453583, 49.807827, 110.26248, 58.344543, 5.6278405, 15.703821
1.706384, -49.210434, -1.2075248, -49.58204, 0.0, 0.0, 0.0, 2
53.806503, 27.49071, 54.044907, 48.753044, 97.85173, 58.4861, 4.6881104, 16.247538
0.6000007, -42.974567, -14.498573, -42.52686, 0.0, 0.0, 0.0, -1
52.94458, 27.49071, 53.182983, 48.753044, 88.24518, 55.813843, 4.5259953, 16.723722
9.661572, -53.020714, 0.7981793, -46.181107, 0.0, 0.0, 0.0, 0
61.13092, 23.223913, 55.69034, 44.267845, 121.20743, 65.469574, 4.107282, 14.560828
8.156246, -50.11279, 20.209576, 29.677633, 0.0, 0.0, 0.0, 0
65.381, 20.992752, 53.792007, 41.405254, 132.02084, 68.53346, 5.466806, 14.115671
6.346131, -50.839077, 30.667675, -18.493244, 0.0, 0.0, 0.0, 0
78.67923, 19.128775, 54.775055, 37.28774, 125.4102, 75.42099, 5.9414377, 14.078791
10.9265995, -58.72712, 36.896984, -4.3758917, 0.0, 0.0, 0.0, 0
84.9639, 17.78038, 48.404785, 32.719486, 128.00513, 81.10428, 5.822182, 9.425508
4.9794803, -45.803764, 39.806824, 14.389411, 0.0, 0.0, 0.0, 0
104.51991, 18.861834, 54.645935, 27.779829, 138.24287, 91.50821, 7.3098245, 8.011334
1.4305115E-6, 0.0, 0.0, 0.0, -21.794094, -26.375729, -51.830177, 5
69.44896, 16.697458, 36.5506, 27.779829, 81.93454, 51.129883, 4.494675, 8.15365
1.4305115E-6, 0.0, 0.0, 0.0, -30.75726, -20.684313, -48.558426, 5
37.908997, 14.748289, 23.406647, 27.779829, 31.416504, 22.870026, 4.670638, 9.046582
2.1457672E-6, 0.0, 0.0, 0.0, -37.158882, -17.887989, -44.95313, 5
14.741058, 13.890458, 4.1681213, 27.779829, 4.822632, 4.7127686, 5.034094, 9.047299
2.861023E-6, 0.0, 0.0, 0.0, 33.551315, 16.557217, 49.891468, -1
31.754045, 12.185703, 5.451111, 27.779829, 6.1056213, 5.995758, 5.034094, 9.047299
0.20999378, -35.336517, -35.242485, -29.421, 0.0, 0.0, 0.0, -1
161.28902, 11.030832, 110.276855, 27.779829, 109.622314, 109.73224, 5.0340953, 9.0473
0.50400627, -38.275776, -38.20495, -23.519281, 0.0, 0.0, 0.0, -1
57.537262, 9.948579, 8.177155, 27.779829, 8.831696, 8.721771, 5.0340953, 9.0473
1.9486121, -44.566624, -44.5735, -10.859876, 0.0, 0.0, 0.0, 1
33.92608, 15.216443, 41.595787, 19.199602, 71.34628, 40.113945, 5.213517, 18.229233
1.4641811, 33.796684, 29.542667, 36.660652, 0.0, 0.0, 0.0, -1
35.126854, 15.939762, 42.90841, 19.846985, 59.735428, 41.386986, 5.596099, 18.892344
0.61339307, 33.112053, 30.810938, 36.07701, 0.0, 0.0, 0.0, -1
34.64117, 15.724908, 42.88769, 20.45156, 30.234097, 41.33386, 4.730375, 19.512287
0.0, 0.0, 0.0, 0.0, -40.89513, -18.209799, -40.895073, 3
-2.322651, 15.724892, 5.9237175, 20.45156, -5.154438, 8.358562, 3.2669666, 15.42815
0.0, 0.0, 0.0, 0.0, 41.693584, 17.9705, 40.33591, -1
77.88021, 8.849557, 10.778687, 20.45156, 12.643707, 10.762207, 3.55533, 8.937973
0.0, 0.0, 0.0, 0.0, 3.5876882, 1.8350556, 94.577255, -1
86.70266, 8.465382, 9.723694, 20.45156, 11.588715, 9.707214, 3.55533, 8.937973
0.0, 0.0, 0.0, 0.0, 34.624714, 17.32189, 48.053394, -1
92.481705, 8.30457, 9.202698, 20.45156, 11.0677185, 9.186218, 3.55533, 8.937973
0.0, 0.0, 0.0, 0.0, 37.962494, 18.981247, -43.056263, 5
59.40278, 10.300584, 140.21591, 48.15639, 120.58791, 83.754845, 19.5284, 11.120719
0.002483815, 0.0, 0.0, 0.0, -39.106735, -21.142248, -39.75102, 5
29.617504, 10.302008, 110.440155, 48.1545, 90.807495, 53.967987, 19.52722, 11.121161
0.0024409292, 0.0, 0.0, 0.0, -58.22171, -14.230855, 27.547438, 3
28.138016, 9.265903, 53.454987, 48.151638, 43.74933, 15.725708, 18.179653, 6.988029
0.0018766698, 0.0, 0.0, 0.0, -44.53724, 10.9089, 44.55386, 3
50.594513, 9.268058, 31.012299, 48.148563, 31.331024, 32.151794, 17.490883, 4.986478
0.0023156696, 0.0, 0.0, 0.0, 43.460968, 21.731228, -34.8078, 5
25.645466, 7.780498, 106.48844, 48.145134, 106.79539, 107.617775, 17.488409, 4.9809604
0.5212055, -8.057015, -7.120795, -84.82219, 0.0, 0.0, 0.0, -1
45.390682, 19.130968, 59.935547, 44.299362, 25.240265, 1.1673584, 16.101313, 16.384203
0.003701147, 0.0, 0.0, 0.0, 44.89595, 13.623121, -41.48093, 5
6.494648, 18.242754, 112.15833, 44.29893, 64.61698, 30.518929, 16.756065, 16.102118
0.0027339945, 0.0, 0.0, 0.0, -60.413586, -20.49681, 19.089603, 3
1.799408, 18.242304, 103.867065, 44.2989, 56.327152, 22.228527, 16.755724, 16.10164
0.7127647, 4.03133, -43.997784, -51.970886, 0.0, 0.0, 0.0, -1
2.1070023, 17.375298, 105.53842, 44.307632, 65.537506, 44.973362, 15.633796, 7.5078573
0.64041793, 25.930029, -20.26639, -53.80358, 0.0, 0.0, 0.0, -1
12.225628, 17.37515, 119.87164, 44.307568, 85.26657, 67.84915, 15.414861, 6.4658413
3.0348122, 26.625761, -11.936731, -61.437504, 0.0, 0.0, 0.0, 2
20.911707, 13.0191965, 123.85287, 46.46374, 91.82064, 42.4411, 16.342686, 11.958131
1.8269258, 30.615335, -17.840223, -51.54444, 0.0, 0.0, 0.0, 2
18.097422, 9.700344, 118.05092, 48.4044, 94.73976, 46.914326, 16.675623, 9.497863
0.30060172, -50.0, -46.006233, -3.993766, 0.0, 0.0, 0.0, -1
13.705225, 8.950625, 114.756966, 48.209274, 90.56437, 42.30558, 16.622324, 9.732443
0.0015796578, 0.0, 0.0, 0.0, -42.310436, -15.350154, -42.339413, 5
13.229382, 8.950752, 114.282845, 48.208965, 90.0897, 41.82975, 16.622074, 9.73242
0.0015866278, 0.0, 0.0, 0.0, -61.394238, -8.8237, 29.782057, 3
13.653751, 8.951004, 114.71069, 48.208363, 90.51642, 42.254086, 16.62158, 9.732369
0.0015988133, 0.0, 0.0, 0.0, -62.146156, -13.593747, 24.26009, 3
44.07427, 8.952181, 56.998657, 48.20557, 54.010223, 39.17508, 17.214804, 4.9001055
0.001580817, 0.0, 0.0, 0.0, -41.803818, -16.384975, 41.81121, 3
67.92278, 8.952568, 33.155426, 48.20465, 33.445618, 34.00528, 17.530243, 5.017868
0.0015738585, 0.0, 0.0, 0.0, -32.54738, -17.338585, 50.114037, 3
86.06786, 8.952696, 15.011993, 48.204353, 15.302216, 15.885742, 17.530094, 5.018175
0.0015719516, 0.0, 0.0, 0.0, 0.46326053, -2.545775, 96.99097, 4
92.14422, 8.952837, 8.9375305, 48.204025, 9.227844, 9.808014, 17.530163, 5.0179863
0.0015637621, 0.0, 0.0, 0.0, 35.628986, 16.888561, 47.482456, -1
116.24472, 8.953345, 15.156128, 48.202824, 14.865173, 14.301605, 17.530527, 5.017204
0.54124004, -35.788773, -35.61586, 28.595367, 0.0, 0.0, 0.0, -1
126.07544, 8.953482, 24.985077, 48.20252, 24.69403, 24.134766, 17.530548, 5.0170984
7.2771616, -40.60688, -12.667017, 46.726105, 0.0, 0.0, 0.0, 0
166.49171, 24.488167, 56.429565, 36.772358, 97.90259, 163.86075, 11.525699, 12.081847
1.189842, -27.67039, 26.522455, 45.807156, 0.0, 0.0, 0.0, 0
162.47351, 25.635193, 53.21945, 36.08848, 95.690125, 160.7479, 10.268395, 13.216271
0.0, 0.0, 0.0, 0.0, -29.727789, -40.540073, -29.732143, 4
150.84705, 20.751211, 41.59781, 36.08848, 51.892212, 103.577515, 5.44946, 6.5263906
0.78838545, -42.810223, -8.791309, 48.398468, 0.0, 0.0, 0.0, -1
152.11192, 20.750927, 42.862793, 36.08848, 46.352875, 91.89795, 5.1254053, 6.279074
2.2938435, -37.175495, -16.862328, 45.962177, 0.0, 0.0, 0.0, 0
157.23375, 22.620451, 47.80777, 34.566048, 62.17932, 72.30969, 3.910681, 6.612457
0.9174878, -35.742287, -17.06031, 47.197403, 0.0, 0.0, 0.0, -1
154.74857, 23.024317, 45.44165, 34.27313, 60.902008, 67.34299, 3.9097903, 6.765602
5.402611, -40.19548, -7.6469555, 52.15757, 0.0, 0.0, 0.0, 0
156.04034, 25.67039, 47.16635, 32.15026, 72.30563, 56.021088, 3.6079283, 7.60686
6.5339146, -39.922455, 13.459095, 46.618454, 0.0, 0.0, 0.0, 0
153.55534, 30.495104, 54.71094, 28.695227, 143.77606, 95.482765, 4.824583, 5.9423347
3.6686013, -34.827618, 23.39799, 41.774387, 0.0, 0.0, 0.0, 0
146.077, 34.725937, 53.243347, 21.992247, 127.79155, 114.41087, 8.752342, 3.995169
0.0, 0.0, 0.0, 0.0, -29.44828, -41.104927, -29.446793, 4
138.83522, 34.726364, 45.999725, 21.992247, 89.71486, 73.530075, 7.0920076, 3.197579
0.0, 0.0, 0.0, 0.0, -35.711086, -28.57792, -35.71099, 3
121.459625, 34.726395, 28.623932, 21.992247, 55.19452, 31.407867, 7.21194, 3.429202
0.0, 0.0, 0.0, 0.0, -25.77937, -9.550392, -64.670235, 5
86.6062, 34.726395, 6.229492, 21.992247, 6.8352356, 7.56427, 9.06984, 3.5384808
0.0, 0.0, 0.0, 0.0, -13.934131, -15.969563, 70.096306, 4
88.76822, 34.726395, 4.0674744, 21.992247, 4.676361, 5.402252, 9.069814, 3.5384808
0.0, 0.0, 0.0, 0.0, 20.722782, 0.9017757, 78.37544, -1
89.19928, 34.726395, 3.6364136, 21.992247, 4.2616577, 4.9711914, 9.069624, 3.5384808
0.179999, -49.725555, -49.65665, -0.6177875, 0.0, 0.0, 0.0, -1
100.27942, 34.726395, 7.4437256, 21.992247, 6.8184814, 6.1089478, 9.069624, 3.5384808
1.0791662, -48.69231, -48.455696, -2.8520007, 0.0, 0.0, 0.0, 0
158.56451, 18.078243, 152.25977, 52.843525, 150.4099, 161.41953, 25.529993, 17.35055
0.0, 0.0, 0.0, 0.0, -70.013435, -19.95521, -10.031353, 3
134.36496, 12.976252, 82.46195, 52.843525, 80.90598, 102.02912, 24.780703, 9.058161
0.0, 0.0, 0.0, 0.0, -37.291687, -25.444122, -37.264187, 3
102.96585, 12.976417, 51.044373, 52.843525, 50.565308, 53.35263, 19.233786, 5.2507625
0.0, 0.0, 0.0, 0.0, -39.735313, -20.554865, -39.709824, 3
79.145294, 12.977488, 27.212128, 52.843525, 27.116089, 26.471375, 17.821608, 4.925599
0.0066665914, 0.0, 0.0, 0.0, 29.25662, 15.756449, -54.98693, 5
18.16513, 12.983547, 33.81543, 52.843525, 33.810394, 34.556183, 17.455063, 4.925599
0.9594083, -19.254932, -14.853263, -65.8918, 0.0, 0.0, 0.0, -1
0.14311218, 12.984276, 52.128387, 52.843525, 52.123352, 52.86914, 17.455063, 4.925599
1.7464775, -19.004465, -8.909621, -72.085915, 0.0, 0.0, 0.0, 2
16.616364, 9.614717, 98.29454, 51.983746, 84.35472, 49.979614, 18.588316, 8.6925745
2.094889, -1.4130604, 37.169846, 61.417095, 0.0, 0.0, 0.0, 0
8.358566, 11.402341, 90.143845, 51.85585, 68.21738, 32.788956, 20.202082, 12.076531
0.58542424, -47.42416, -2.5758271, 50.00002, 0.0, 0.0, 0.0, -1
6.2119446, 11.272865, 86.42078, 51.858204, 63.16617, 27.888153, 20.549002, 12.834217
2.4926662E-4, 0.0, 0.0, 0.0, -52.56384, -19.011147, 28.425016, 3
16.759995, 11.27483, 63.43062, 51.858215, 44.983536, 8.376236, 19.56198, 11.225492
0.0, 0.0, 0.0, 0.0, -48.708935, -2.5821295, 48.708935, 3
38.57451, 11.27483, 41.616104, 51.858215, 30.931076, 1.462326, 18.40596, 7.531751
0.0, 0.0, 0.0, 0.0, -42.253532, 15.492938, 42.253532, 3
51.616913, 11.27483, 28.5737, 51.858215, 24.582031, 2.2509766, 17.755936, 6.0467086
0.0, 0.0, 0.0, 0.0, 33.626232, 32.747536, -33.626232, 5
48.330215, 11.27483, 31.860397, 51.858215, 32.099075, 31.98198, 17.489443, 4.998652
0.53995067, -20.93571, -18.970177, -60.094112, 0.0, 0.0, 0.0, -1
40.70224, 11.27483, 39.488373, 51.858215, 39.72702, 40.708344, 17.489456, 4.984784
1.7177209, -22.858994, -15.912609, -61.228394, 0.0, 0.0, 0.0, 2
14.550079, 9.862765, 68.64032, 51.381584, 70.983765, 80.730896, 17.167196, 4.751251
0.5098684, -20.649223, -12.804466, -66.54631, 0.0, 0.0, 0.0, -1
25.065567, 9.460578, 59.269333, 51.21845, 61.44731, 71.81526, 17.16717, 4.724072
0.0, 0.0, 0.0, 0.0, -38.87215, -22.255703, 38.87215, 3
48.268036, 9.460578, 36.066864, 51.21845, 37.12204, 39.97296, 17.334446, 4.888211
0.0, 0.0, 0.0, 0.0, -39.99416, -20.011677, 39.99416, 3
64.96051, 9.460578, 19.37439, 51.21845, 20.429565, 23.270905, 17.334505, 4.8898377
0.0, 0.0, 0.0, 0.0, 40.07374, 20.03481, -39.891457, 5
50.218735, 9.460578, 34.116165, 51.21845, 35.17134, 38.005234, 17.334534, 4.8911505
0.0, 0.0, 0.0, 0.0, 40.0, 20.0, -40.0, 5
33.190353, 9.460578, 51.144547, 51.21845, 52.199722, 55.033615, 17.334534, 4.8911505
0.0, 0.0, 0.0, 0.0, 40.0, 20.0, -40.0, 5
0.5486603, 9.460578, 84.88356, 51.21845, 85.938736, 88.77263, 17.334534, 4.8911505
1.4985485, -16.150198, -5.112524, -78.737274, 0.0, 0.0, 0.0, 2
12.1888275, 9.460578, 72.14607, 51.21845, 73.20125, 76.03514, 17.334534, 4.8911505
1.8704686, -16.451658, -3.3084664, -80.239876, 0.0, 0.0, 0.0, 2
7.4046936, 6.9083037, 82.02777, 50.92627, 70.58246, 32.750153, 17.773489, 7.6900883
2.1293724, 7.7094784, 38.26429, 54.026234, 0.0, 0.0, 0.0, -1
3.4350128, 8.72893, 82.63905, 51.178303, 65.884674, 27.448288, 18.628012, 9.702851
0.9902366, 7.182014, 38.682106, 54.135883, 0.0, 0.0, 0.0, -1
100.22527, 25.065855, 148.59433, 52.125042, 152.99283, 148.58734, 37.20995, 37.233154
3.8724725, 42.636578, 43.797035, 13.5663805, 0.0, 0.0, 0.0, -1
108.66749, 26.533083, 151.17041, 56.77366, 156.32114, 152.3117, 42.296913, 38.874043
0.1799994, 41.79679, 42.972218, 15.230991, 0.0, 0.0, 0.0, -1
113.46272, 26.596981, 155.94032, 56.931416, 161.10118, 157.11082, 42.462242, 37.553497
0.0, 0.0, 0.0, 0.0, 40.027298, 19.945404, 40.027298, -1
126.93581, 26.596981, 169.4134, 56.931416, 174.57417, 170.56862, 42.463043, 34.6235
0.0, 0.0, 0.0, 0.0, 16.122932, 2.884614, 80.992455, -1
124.364845, 26.596981, 166.84244, 56.931416, 172.00317, 167.98889, 42.46344, 33.154217
0.0, 0.0, 0.0, 0.0, -25.407711, -14.708126, 59.884167, 3
157.87123, 26.596981, 159.65117, 56.931416, 154.92757, 158.56413, 37.882393, 25.703032
0.0, 0.0, 0.0, 0.0, 13.972132, 9.028765, -76.99911, 5
116.5329, 26.596981, 159.0105, 56.931416, 162.75085, 159.9921, 30.462029, 18.287897
0.0, 0.0, 0.0, 0.0, -39.942554, -20.114891, -39.94255, 3
123.240486, 26.596981, 165.71808, 56.931416, 168.60748, 166.58478, 26.085594, 13.886518
0.0, 0.0, 0.0, 0.0, -39.93673, -20.12653, -39.93674, 5
113.474, 26.596981, 155.9516, 56.931416, 158.46552, 156.76154, 24.532103, 12.3190975
0.0, 0.0, 0.0, 0.0, -39.931747, -20.136509, -39.931747, 3
91.26957, 26.596981, 133.74716, 56.931416, 135.86386, 134.50156, 23.06401, 10.861972
0.0, 0.0, 0.0, 0.0, -39.89334, -20.2133, -39.893353, 5
85.764984, 26.596981, 128.24258, 56.931416, 130.039, 128.91965, 22.002617, 9.73505
0.0, 0.0, 0.0, 0.0, -40.323055, -19.35389, -40.323055, 3
26.841558, 26.596981, 69.31916, 56.931416, 69.34041, 70.35664, 18.390963, 6.5793376
0.0, 0.0, 0.0, 0.0, -60.779816, -31.282526, 7.937657, 3
37.79663, 26.035992, 7.6493835, 56.931416, 7.5956116, 7.2948914, 17.408094, 4.9383144
0.020000404, 0.0, 0.0, 0.0, 27.380253, 13.948732, 58.671017, -1
63.203003, 24.317028, 8.260437, 56.931416, 8.314209, 8.617218, 17.408094, 4.938405
0.2399401, -50.131886, -49.726078, -0.14203729, 0.0, 0.0, 0.0, -1
70.10657, 23.757645, 11.927521, 56.931416, 11.981293, 12.284302, 17.408094, 4.938405
7.772278, -54.504456, -26.453981, 19.041561, 0.0, 0.0, 0.0, 0
148.6875, 31.062387, 33.767532, 40.564434, 104.338, 163.4628, 8.915064, 14.577221
0.52341086, -35.227654, 27.428907, 37.34344, 0.0, 0.0, 0.0, -1
153.26389, 30.394205, 33.3647, 40.138477, 103.93959, 163.13902, 8.444681, 15.083939
1.1062725E-4, 0.0, 0.0, 0.0, 34.4489, -12.291185, 53.259922, 4
179.26413, 27.579496, 46.794357, 40.138443, 54.60707, 134.65749, 4.864509, 7.361362
0.0, 0.0, 0.0, 0.0, -21.816961, -60.033714, -18.149326, 4
168.82474, 20.446018, 34.24536, 40.138443, 34.20102, 65.59537, 5.03816, 8.443814
0.3492199, -32.23438, -26.814587, 40.95104, 0.0, 0.0, 0.0, -1
178.49709, 18.838385, 44.033554, 39.817497, 46.874527, 51.91606, 4.7253323, 12.903151
0.0, 0.0, 0.0, 0.0, -38.151543, -23.720915, -38.127537, 3
170.59491, 18.838476, 36.124557, 39.817497, 38.96553, 35.859085, 4.7253323, 8.91579
0.0, 0.0, 0.0, 0.0, -39.998726, -20.002552, -39.998726, 3
140.43155, 18.838476, 30.181793, 39.817497, 33.022766, 29.910522, 4.7253323, 8.915667
0.0, 0.0, 0.0, 0.0, 25.122192, 12.817557, -62.060253, 5
48.44347, 18.838476, 86.026886, 39.817497, 83.18591, 86.29834, 4.7253323, 8.915933
0.0, 0.0, 0.0, 0.0, 43.08443, 21.542215, -35.373352, 5
16.235912, 18.838476, 150.70627, 39.817497, 147.8653, 150.97772, 4.7253323, 8.915933
0.0, 0.0, 0.0, 0.0, -60.465473, -30.232737, -9.301797, 3
13.404568, 18.838476, 121.06579, 39.817497, 118.224815, 121.33724, 4.7253323, 8.915933
0.0, 0.0, 0.0, 0.0, 46.26652, 23.13326, -30.600218, 5
8.604198, 16.160961, 142.92712, 40.248047, 72.5091, 138.49478, 3.4583938, 8.939665
4.8707995, 33.780827, 21.411415, -44.80776, 0.0, 0.0, 0.0, 2
15.089489, 8.78166, 130.87067, 44.846806, 92.06425, 129.21536, 2.5988767, 11.833799
0.32692534, -15.208766, 23.164598, 61.626644, 0.0, 0.0, 0.0, -1
26.080551, 7.56868, 121.6579, 44.848854, 49.01248, 112.89172, 2.9720316, 11.291433
1.4623317, 39.196106, 19.041168, -41.762726, 0.0, 0.0, 0.0, 2
7.2234535, 6.8696294, 141.11652, 45.020428, 100.53479, 132.83728, 2.9306498, 11.429704
1.2402028, 36.49527, 25.12313, -38.381603, 0.0, 0.0, 0.0, 2
20.272133, 5.638025, 130.51067, 46.00004, 114.42012, 125.47926, 3.6108344, 12.31479
0.0023834289, 0.0, 0.0, 0.0, 50.50956, 30.836763, 18.653675, -1
9.546402, 5.63824, 141.22974, 45.999825, 129.01892, 136.19702, 3.8444538, 12.314623
0.0023142388, 0.0, 0.0, 0.0, 33.31173, 22.35695, 44.331318, -1
0.80755234, 5.638425, 149.96223, 45.99966, 141.19106, 144.92839, 4.0951285, 12.314502
0.0025120426, 0.0, 0.0, 0.0, 9.980317, 10.947112, 79.07257, -1
6.041603, 5.638844, 156.80525, 45.99936, 151.06197, 151.77007, 4.3587656, 12.314244
0.0024280793, 0.0, 0.0, 0.0, -34.887672, -17.212654, 47.89967, 3
70.68458, 5.6414676, 138.57245, 45.99761, 140.92401, 139.99399, 4.685885, 15.630966
0.54095036, 47.82686, 52.11158, 0.061560858, 0.0, 0.0, 0.0, -1
75.647, 5.6419487, 133.6128, 45.9973, 135.96411, 134.46127, 4.6852894, 16.333832
6.256834, 30.28152, 40.6605, 29.05798, 0.0, 0.0, 0.0, -1
159.02623, 12.634587, 121.75163, 51.82317, 151.20055, 131.97417, 10.472159, 22.495462
0.4409756, 24.263056, 35.430447, 40.306496, 0.0, 0.0, 0.0, -1
161.96634, 13.046173, 119.92876, 52.059303, 146.88902, 128.60448, 9.501791, 21.533657
0.0, 0.0, 0.0, 0.0, -57.698887, -34.924213, -7.376901, 3
174.70308, 13.046173, 107.19202, 52.059303, 126.037994, 112.460144, 7.286464, 19.69765
0.59995645, -24.167162, -4.8322196, 71.00062, 0.0, 0.0, 0.0, -1
178.0199, 14.311766, 103.8752, 51.76426, 119.42302, 107.905624, 6.689192, 19.137892
2.920869, -27.527485, -1.9792475, 70.49327, 0.0, 0.0, 0.0, 0
148.80035, 20.881165, 65.06322, 48.85642, 113.473465, 71.969864, 4.8721523, 16.140186
0.0, 0.0, 0.0, 0.0, -38.288994, -23.422012, -38.288994, 3
144.70935, 20.881165, 60.972214, 48.85642, 105.27492, 66.76558, 4.743629, 16.329199
0.80367345, -46.05112, -21.787569, 32.161304, 0.0, 0.0, 0.0, -1
137.31947, 20.881165, 53.582336, 48.85642, 93.84454, 58.352936, 4.646387, 16.512331
4.823967, -47.2032, -9.877257, 42.919533, 0.0, 0.0, 0.0, 0
135.19125, 27.333097, 43.306488, 42.160297, 141.22583, 58.042572, 6.9892178, 13.244523
6.2789493, -31.565369, 24.836714, 43.597916, 0.0, 0.0, 0.0, 0
148.85693, 28.914038, 56.24199, 37.04452, 153.46964, 93.688126, 8.497829, 10.787604
3.4674513, -43.07857, 18.034475, 38.88695, 0.0, 0.0, 0.0, 0
129.4602, 26.946276, 37.641174, 35.84371, 113.034096, 61.06711, 5.691734, 9.139258
6.710411, -46.20166, 14.084144, 39.714195, 0.0, 0.0, 0.0, 0
127.52761, 27.2534, 32.292603, 29.436792, 80.72248, 51.61798, 3.406127, 6.8454514
0.85973585, -47.478085, -16.340103, 36.181812, 0.0, 0.0, 0.0, -1
133.8839, 27.534342, 38.185577, 28.726164, 88.67988, 57.14026, 3.2973552, 6.704206
0.0016088167, 0.0, 0.0, 0.0, -32.172413, -35.66309, -32.164497, 4
137.30945, 27.53201, 41.610138, 28.725977, 79.7765, 55.632385, 3.3530774, 7.108534
0.24125388, -47.249294, -35.29618, 17.454525, 0.0, 0.0, 0.0, -1
134.1441, 27.532337, 38.44409, 28.725737, 65.111084, 48.076813, 3.557182, 7.561552
2.4583385, -48.17586, -46.40307, 5.4210668, 0.0, 0.0, 0.0, 0

NONPOS KNOWLEDGE:
5.5887146, 28.80261, 39.12552, 48.172974, 174.5612, 41.103943, 3.4246435, 14.992507
0.0014337744, 0.0, 0.0, 0.0, 75.05058, 22.79196, -2.1574583, 5
5.808653, 14.859724, 129.66711, 41.73634, 110.16645, 122.26829, 36.082386, 45.42094
1.6281502, -32.061752, -21.532173, 46.406075, 0.0, 0.0, 0.0, 0
17.477547, 19.212044, 135.15778, 39.493187, 109.28414, 122.61393, 31.867622, 33.734005
0.8543471, -33.27344, -22.533115, 44.193443, 0.0, 0.0, 0.0, -1
0.25534058, 19.877302, 112.54619, 38.43406, 78.83769, 94.60832, 14.840991, 16.964922
0.5342349, 42.829704, -19.476166, -37.694134, 0.0, 0.0, 0.0, -1
1.3429871, 19.549261, 105.635025, 38.21296, 79.33136, 95.21185, 13.419354, 15.577194
6.8573904, -31.095644, 23.783054, 45.1213, 0.0, 0.0, 0.0, 0
15.590622, 13.254322, 15.317703, 19.260082, 0.6592865, 167.46082, 7.4810753, 8.2016325
8.629885E-4, 0.0, 0.0, 0.0, -40.57284, -20.286283, 39.140877, 3
22.552872, 13.3390875, 8.576157, 19.259426, 8.898575, 160.71936, 11.586165, 8.202316
8.511172E-4, 0.0, 0.0, 0.0, 31.339573, -25.469803, 43.190624, 4
39.09973, 15.693415, 10.818451, 19.25862, 27.817505, 141.32494, 15.230393, 8.2031555
0.3964504, 56.26663, 4.6813965, 39.051975, 0.0, 0.0, 0.0, -1
3.1226273, 8.966991, 144.82465, 44.256046, 97.87406, 137.99393, 31.891727, 13.749621
2.2424352, -37.650192, -17.595444, 44.754364, 0.0, 0.0, 0.0, 0
6.8540955, 12.36813, 137.94763, 39.772415, 91.50433, 102.037636, 19.656614, 10.163557
2.9144197, -35.245354, 16.100836, 48.65381, 0.0, 0.0, 0.0, 0
13.84404, 7.3016996, 138.89047, 33.420742, 109.57897, 18.961021, 6.889263, 10.794217
11.309191, -22.826763, 33.87049, 43.302742, 0.0, 0.0, 0.0, 0
26.656677, 27.018162, 116.373505, 28.522774, 39.971725, 31.529266, 9.722198, 21.526257
1.8638691, -17.381973, 39.774208, 42.843822, 0.0, 0.0, 0.0, 0
21.146019, 30.012058, 107.9201, 27.423367, 34.368935, 28.736671, 19.931751, 26.713518
0.33518487, 7.2333207, -45.172764, -47.593914, 0.0, 0.0, 0.0, -1
26.158401, 30.194914, 112.754395, 27.32067, 40.899597, 33.67769, 24.585278, 26.876228
0.0, 0.0, 0.0, 0.0, -39.80297, -19.901485, -40.295547, 5
13.4416275, 20.72656, 160.47919, 33.98128, 142.5954, 145.70483, 26.099262, 20.37126
1.9047663, -35.449654, -27.745134, 36.80521, 0.0, 0.0, 0.0, 0
16.011536, 21.987835, 163.20975, 32.85291, 136.97884, 133.16469, 18.261156, 13.149415
2.267237, -42.37954, -6.582166, 51.03829, 0.0, 0.0, 0.0, 0
11.798552, 32.785763, 82.0181, 51.956253, 58.87491, 47.91931, 24.957476, 15.899
3.1063, 14.9474325, -11.573691, -73.478874, 0.0, 0.0, 0.0, 2
2.727788, 26.609734, 100.30498, 52.645454, 94.457016, 92.54628, 20.153505, 8.909328
1.7090093, -19.7347, -7.076029, 73.18927, 0.0, 0.0, 0.0, 0
176.76794, 21.473034, 48.695908, 34.655468, 101.34416, 3.9921722, 42.97752, 14.3213415
0.0031987075, 0.0, 0.0, 0.0, -43.977528, 16.222939, -39.79953, 3
162.94414, 22.014956, 27.663177, 34.654858, 80.31311, 15.880783, 42.976196, 11.291928
0.003066521, 0.0, 0.0, 0.0, -42.601215, 14.570165, -42.82862, 5
156.20146, 22.015093, 20.917603, 34.654594, 73.56824, 21.831863, 42.975628, 9.829466
0.66119695, -42.878513, -28.398266, 28.723217, 0.0, 0.0, 0.0, -1
148.92706, 22.01525, 13.639862, 34.654316, 66.29129, 27.932434, 42.974983, 8.281243
2.62463, -45.347557, -24.50504, 30.1474, 0.0, 0.0, 0.0, 0
133.95255, 24.219286, 8.028137, 31.393997, 51.97763, 108.045105, 32.213795, 2.088696
0.0, 0.0, 0.0, 0.0, 46.426678, -26.880705, 26.692617, 4
165.36617, 21.589066, 23.356537, 31.393997, 87.12692, 76.60899, 25.1136, 2.0877953
0.0, 0.0, 0.0, 0.0, 66.82274, -12.572874, -20.60439, -1
174.07744, 20.951378, 32.0679, 31.393997, 96.5838, 67.88568, 23.627903, 2.0876071
0.0, 0.0, 0.0, 0.0, 45.994633, 12.3272505, -41.678116, 5
121.791855, 17.240576, 100.01514, 31.393997, 168.17197, 94.09666, 12.376977, 4.9340253
0.0, 0.0, 0.0, 0.0, 38.659607, -12.738921, -48.601475, 5
60.541862, 13.12593, 154.34744, 31.393997, 151.988, 74.812195, 8.914588, 9.444259
0.0, 0.0, 0.0, 0.0, 44.86655, -4.2500587, -50.883396, 5
44.12642, 11.44652, 166.2219, 31.393997, 148.96112, 62.18324, 8.368446, 8.766498
0.3598705, -53.521366, -4.04467, 42.433968, 0.0, 0.0, 0.0, -1
27.816498, 9.71116, 177.0756, 31.393997, 148.34502, 50.532803, 8.226961, 8.063434
1.8045725, -50.702538, -6.964066, 42.3334, 0.0, 0.0, 0.0, 0
6.646492, 22.202108, 97.071, 32.89062, 98.18785, 94.885605, 5.0456386, 8.807651
0.0, 0.0, 0.0, 0.0, 57.18692, 28.59346, 14.219621, -1
17.684921, 22.202108, 121.40241, 32.89062, 122.519264, 119.21702, 5.0456386, 8.807651
0.0, 0.0, 0.0, 0.0, -40.129387, -20.064693, -39.80592, 3
7.7383194, 19.986187, 111.30233, 32.89062, 112.41918, 109.116936, 5.0456386, 8.807651
0.059991725, 0.0, 0.0, 0.0, -45.37044, -50.3412, -4.2883506, 4
9.651665, 19.95095, 113.23033, 32.89062, 106.686905, 111.04494, 4.875703, 8.807651
0.9568415, 10.49909, 9.2631855, -80.237724, 0.0, 0.0, 0.0, -1
5.5882416, 19.951063, 109.168335, 32.89062, 85.24353, 106.98294, 4.827906, 8.807651
1.017757, 10.226602, -4.057319, -85.71608, 0.0, 0.0, 0.0, 2
0.9458618, 19.95122, 104.52733, 32.89062, 64.5585, 102.341934, 5.205139, 8.807651
0.3832006, -35.21678, -33.136272, -31.646942, 0.0, 0.0, 0.0, -1
61.41322, 9.596252, 10.904968, 27.661987, 11.791779, 11.554993, 4.9165683, 8.929701
2.7937872, -48.32456, -48.33028, -3.3451602, 0.0, 0.0, 0.0, 1
72.572395, 9.380709, 5.493042, 27.485561, 6.768219, 6.3146973, 4.740844, 8.753746
5.4532113, -53.3041, -39.826862, 6.8690457, 0.0, 0.0, 0.0, 0
1.2159119, 16.130337, 11.968262, 25.19449, 13.126952, 11.784119, 3.8525157, 8.556741
7.15415, -49.183666, -5.712852, -45.10349, 0.0, 0.0, 0.0, 0
1.7392883, 9.049416, 8.791931, 14.866857, 165.007, 12.891144, 6.928713, 5.1632166
0.059925705, 0.0, 0.0, 0.0, 48.966637, -1.511748, 49.521614, 4
4.5605164, 9.598693, 13.5017395, 14.866827, 160.2974, 12.964142, 6.928741, 6.288537
0.7467153, 44.49677, 9.509594, 45.993637, 0.0, 0.0, 0.0, -1
22.342056, 11.461664, 29.085922, 15.7411995, 144.71321, 0.21835887, 6.272088, 9.048439
1.8882427, 40.538467, 17.370756, 42.090775, 0.0, 0.0, 0.0, -1
95.46015, 8.254836, 8.027679, 20.45156, 9.8927, 8.0112, 3.55533, 8.937973
0.37901765, 37.87721, 38.359653, -23.763136, 0.0, 0.0, 0.0, -1
115.69941, 8.254603, 12.213318, 20.45156, 10.348297, 12.229797, 3.55533, 8.937973
2.9751906, -53.78874, -43.6208, -2.5904577, 0.0, 0.0, 0.0, 0
0.6333771, 5.8471828, 93.74869, 20.45156, 95.61371, 93.73221, 3.55533, 8.937973
6.8592377, -61.003815, -24.879261, 14.116926, 0.0, 0.0, 0.0, 0
19.217987, 11.42225, 23.105469, 18.824116, 66.28485, 48.730133, 2.0080745, 5.5997744
12.987334, -45.06729, 33.82965, -21.103062, 0.0, 0.0, 0.0, 0
28.106293, 7.3063135, 27.562805, 15.034491, 150.31424, 95.19864, 3.8401346, 4.202734
9.010782, -41.593094, 49.05554, 9.351377, 0.0, 0.0, 0.0, 0
151.40065, 5.3810573, 61.93814, 5.5985756, 169.82498, 152.46648, 14.85947, 9.324649
0.90684783, -18.230232, 45.92572, 35.844048, 0.0, 0.0, 0.0, -1
161.99721, 6.202577, 77.60681, 5.2571306, 177.10547, 163.19926, 15.7567005, 9.789238
0.0, 0.0, 0.0, 0.0, 72.41362, -23.277737, 4.308641, 4
174.76942, 6.202577, 90.37903, 5.2571306, 170.12231, 173.96805, 15.7567005, 7.860349
0.0, 0.0, 0.0, 0.0, 42.815853, -23.47643, -33.707718, -1
172.92856, 6.202577, 102.68105, 5.2571306, 157.8203, 157.64032, 15.7567005, 7.32572
0.0, 0.0, 0.0, 0.0, 40.003475, -19.993038, -40.003483, 5
168.8488, 6.202577, 106.7608, 5.2571306, 153.74054, 153.56091, 15.7567005, 7.325705
0.0, 0.0, 0.0, 0.0, 40.003075, -19.99385, -40.003075, -1
142.17876, 6.202577, 133.43085, 5.2571306, 127.070496, 126.9039, 15.7567005, 7.3249407
0.5973951, 77.794876, 2.1548834, 20.050243, 0.0, 0.0, 0.0, -1
133.05801, 6.202577, 142.55159, 5.2571306, 117.94975, 117.78665, 15.7567005, 7.324757
5.4974856, 49.596344, 19.42395, 30.979702, 0.0, 0.0, 0.0, -1
153.6623, 11.006468, 179.24283, 14.11282, 117.256454, 137.8136, 18.285727, 11.65522
1.0506011E-4, 0.0, 0.0, 0.0, -42.722206, -13.032749, -44.245045, 5
145.22119, 11.000897, 172.28882, 14.112718, 108.78777, 131.27695, 18.28566, 10.793663
0.0, 0.0, 0.0, 0.0, -43.263058, -13.473887, -43.263058, 3
136.48604, 11.000897, 163.55367, 14.112718, 100.05263, 125.75247, 18.28566, 9.746976
0.0, 0.0, 0.0, 0.0, -42.2188, -13.634823, -44.146374, 5
18.8059, 32.301334, 167.42076, 21.736748, 154.01872, 123.36131, 18.078165, 13.869441
0.0, 0.0, 0.0, 0.0, -42.699368, -45.153175, -12.147463, 4
18.860794, 32.796215, 167.73346, 21.736748, 152.07803, 118.4811, 16.796843, 13.04868
0.0, 0.0, 0.0, 0.0, -50.494488, -47.655857, 1.8496541, 3
15.362732, 32.896065, 164.2868, 21.736748, 145.96234, 109.19172, 15.531648, 12.35789
0.0, 0.0, 0.0, 0.0, -46.333088, -46.717037, 6.949877, 4
9.471184, 32.896385, 158.39554, 21.736748, 136.94327, 96.81609, 14.308394, 11.806863
0.41995797, 36.93016, -5.6074653, -57.462376, 0.0, 0.0, 0.0, -1
0.3801117, 30.98106, 137.40985, 22.98693, 123.11582, 79.49839, 9.063337, 11.4023695
2.801186, 39.951717, -12.157716, -47.890568, 0.0, 0.0, 0.0, 2
1.4351883, 25.01321, 163.25032, 25.842148, 58.37835, 21.069477, 5.1212797, 12.164283
0.71981347, 36.84967, -26.006287, -37.144043, 0.0, 0.0, 0.0, -1
6.696892, 25.034533, 167.45895, 26.248161, 51.433907, 18.27597, 5.488213, 14.183253
1.4393892, 36.94894, -26.572052, -36.479008, 0.0, 0.0, 0.0, 2
5.5281982, 24.319868, 166.15881, 26.599535, 46.322044, 14.550552, 5.69523, 15.130382
0.8099702, 36.481903, -27.83857, -35.679523, 0.0, 0.0, 0.0, -1
4.1470947, 23.7234, 164.7778, 26.599535, 39.49802, 11.908966, 6.130256, 15.765931
1.6698103, 35.679058, -29.398493, -34.922447, 0.0, 0.0, 0.0, 2
12.062958, 21.022436, 172.22977, 27.666553, 48.348526, 15.643532, 5.6280613, 16.33619
0.76494557, 35.78215, -29.23816, -34.97969, 0.0, 0.0, 0.0, -1
11.641411, 20.023626, 171.84702, 28.28847, 58.454933, 15.327255, 4.789669, 15.574915
0.0, 0.0, 0.0, 0.0, 1.3681909, 32.885124, 65.74669, -1
17.845207, 20.023403, 178.05103, 28.28847, 64.937256, 21.53189, 4.770997, 15.574866
0.53793615, 41.238438, -22.523914, -36.237644, 0.0, 0.0, 0.0, -1
23.412392, 20.022938, 176.38135, 28.28847, 70.5067, 27.100266, 4.771048, 15.574748
6.2126164, 51.14138, -8.762486, -40.096138, 0.0, 0.0, 0.0, 2
34.389107, 16.564821, 173.3182, 32.319126, 121.00962, 41.498344, 5.466183, 12.330892
11.892575, 54.832138, 18.898685, -26.26918, 0.0, 0.0, 0.0, 2
47.521473, 12.879153, 173.6369, 37.154385, 149.0039, 62.640717, 9.024873, 9.30568
8.849493, 57.00724, 36.418346, -6.574417, 0.0, 0.0, 0.0, 2
82.2363, 9.664838, 171.92683, 44.056915, 165.12553, 110.562515, 15.395136, 8.687996
2.983623, 49.074387, 40.65274, 10.272875, 0.0, 0.0, 0.0, -1
114.87591, 10.2962, 164.34305, 48.162533, 176.04358, 139.23126, 19.532358, 11.119581
0.0024507404, 0.0, 0.0, 0.0, -40.019314, 19.99233, 39.988354, 3
132.17862, 10.297267, 147.03323, 48.16117, 166.65002, 156.53305, 19.531513, 11.119915
0.0026209753, 0.0, 0.0, 0.0, 33.50314, -22.166069, -44.33079, 5
121.248604, 10.298191, 157.95633, 48.15985, 177.57623, 145.60236, 19.530653, 11.120142
0.0025271527, 0.0, 0.0, 0.0, -0.64549285, -33.1186, -66.23591, 5
114.11658, 10.298432, 165.08658, 48.159504, 175.29272, 138.47015, 19.530432, 11.120203
0.0027368786, 0.0, 0.0, 0.0, -36.40328, -21.199432, -42.397285, 5
38.237713, 9.268546, 43.373077, 48.14788, 43.688354, 44.513, 17.490576, 4.9850774
0.0029318994, 0.0, 0.0, 0.0, 56.315495, 28.153997, -15.530512, 5
16.932367, 9.269047, 64.68179, 48.147305, 64.99371, 65.82315, 17.490427, 4.9839263
0.002945475, 0.0, 0.0, 0.0, 53.864563, 26.922394, 19.21304, -1
10.894951, 9.269656, 92.51371, 48.14652, 92.82334, 93.654945, 17.489803, 4.9824796
0.23764431, 3.3556533, 5.9214067, -90.72294, 0.0, 0.0, 0.0, -1
9.043752, 8.369356, 90.24968, 48.1458, 90.55797, 91.38545, 17.489079, 4.9816394
1.137311, 5.696293, 12.518782, -81.78493, 0.0, 0.0, 0.0, 2
26.09919, 7.8546953, 106.998634, 48.145447, 107.30619, 108.13093, 17.488728, 4.98128
0.8774202, -1.8665472, 4.5759945, -93.55746, 0.0, 0.0, 0.0, -1
21.051867, 19.085289, 84.45496, 44.299747, 70.90253, 57.6627, 17.019651, 23.108803
0.0025890744, 0.0, 0.0, 0.0, -39.914875, -20.45843, 39.626698, 3
72.64839, 19.134762, 32.67047, 44.299118, 20.34729, 0.10195923, 18.210218, 21.33022
0.0028926337, 0.0, 0.0, 0.0, 46.87485, 6.2672563, -46.857895, 5
74.41087, 19.134249, 30.909363, 44.29905, 14.550354, 4.754944, 17.67401, 20.383762
0.002742144, 0.0, 0.0, 0.0, 48.65836, -2.69437, -48.64727, -1
50.62326, 19.131456, 54.701813, 44.299385, 22.710297, 1.204071, 16.071398, 16.80496
0.0028482405, 0.0, 0.0, 0.0, 48.956806, 2.1028464, -48.940346, 5
12.6574135, 17.375067, 120.30379, 44.307533, 91.23988, 73.83769, 15.335835, 5.9897876
3.260783, 28.470901, 8.423209, -63.105892, 0.0, 0.0, 0.0, 2
8.647915, 14.355809, 118.70033, 45.574554, 113.03285, 126.45055, 16.756687, 5.6924934
0.724688, -16.601452, -19.601892, 63.79666, 0.0, 0.0, 0.0, -1
9.920879, 12.4197445, 119.2782, 45.7062, 116.981445, 125.26456, 17.00086, 5.566465
1.8165839, -21.892775, -17.610933, 60.496296, 0.0, 0.0, 0.0, 0
1.3996277, 13.467693, 109.5386, 45.364273, 105.053215, 106.281975, 16.71989, 5.1980877
2.0484624, -27.671972, -0.13107663, 72.196945, 0.0, 0.0, 0.0, 0
5.4076385, 15.289764, 111.97391, 44.680977, 96.363525, 46.171295, 15.711939, 7.0351686
1.339898, -21.584343, 20.267591, 58.148064, 0.0, 0.0, 0.0, 0
7.1245956, 15.736916, 113.28797, 44.519905, 91.95481, 38.95715, 15.515806, 8.513504
0.6646173, -11.040951, 32.4522, 56.506847, 0.0, 0.0, 0.0, -1
11.501221, 16.624533, 116.87555, 44.200966, 83.29114, 32.117992, 15.70413, 12.184351
2.839095, 34.191113, -16.813276, -48.99561, 0.0, 0.0, 0.0, 2
4.850601, 9.246094, 82.86197, 52.432262, 85.62457, 97.621735, 17.255438, 4.8667493
0.119999796, -11.512053, 3.3577437, -85.1302, 0.0, 0.0, 0.0, -1
1.4355774, 9.123837, 79.747665, 52.417484, 81.65846, 91.711075, 17.334492, 4.8775234
0.0, 0.0, 0.0, 0.0, 43.778126, 13.843562, 42.37831, -1
8.266266, 8.183295, 87.07347, 52.417484, 88.20491, 91.147995, 17.400799, 4.940885
0.46441734, -14.471337, -16.133793, 69.394875, 0.0, 0.0, 0.0, -1
16.420624, 7.724777, 95.22833, 52.417484, 96.35861, 99.30435, 17.401775, 4.9419236
1.8966539, -18.651022, 3.152772, 78.196205, 0.0, 0.0, 0.0, 0
10.294678, 7.724779, 89.102325, 52.417484, 90.232086, 93.179016, 17.402254, 4.942429
1.8122164, -18.495457, -11.013634, 70.490906, 0.0, 0.0, 0.0, 0
22.719757, 8.766673, 103.493256, 52.15202, 95.45419, 65.54877, 17.914188, 6.9976306
2.2777748, -7.8527083, 26.892365, 65.25493, 0.0, 0.0, 0.0, 0
3.135971, 9.460578, 81.19893, 51.21845, 82.254105, 85.088, 17.334534, 4.8911505
2.3083618, -15.707125, 2.1609209, -82.13195, 0.0, 0.0, 0.0, 2
6.5932007, 7.9711246, 80.481476, 50.941875, 83.254944, 94.36041, 17.258263, 4.8898196
1.1703283, -15.839778, 2.3381052, -81.82211, 0.0, 0.0, 0.0, 2
12.711838, 5.413068, 80.442215, 50.728645, 82.66234, 98.42348, 17.271496, 4.9960413
0.38825136, -17.652666, -22.645464, 59.701874, 0.0, 0.0, 0.0, -1
15.961731, 5.328765, 77.47922, 50.728645, 76.181915, 77.19006, 17.21968, 4.7279425
2.0802953, 10.607951, 29.21249, 60.179554, 0.0, 0.0, 0.0, -1
0.8260956, 8.7631235, 84.13324, 51.29879, 65.73683, 27.498688, 19.040709, 10.584505
0.3902808, 6.8976393, 39.21086, 53.8915, 0.0, 0.0, 0.0, -1
15.0975685, 18.838476, 119.37279, 39.817497, 116.531815, 119.64424, 4.7253323, 8.915933
0.0, 0.0, 0.0, 0.0, 59.80937, 29.904684, -10.285949, 5
8.063595, 18.838476, 126.40676, 39.817497, 123.56579, 126.678215, 4.7253323, 8.915933
0.0, 0.0, 0.0, 0.0, 61.902607, 30.951303, 7.146087, -1
4.388592, 18.838476, 130.08176, 39.817497, 127.24079, 130.35321, 4.7253323, 8.915933
0.5399522, 31.136925, 31.122389, -37.74069, 0.0, 0.0, 0.0, -1
2.849594, 18.838476, 131.62076, 39.817497, 128.77979, 131.89221, 4.7253323, 8.915933
4.261895, 29.517231, 31.67927, -38.803497, 0.0, 0.0, 0.0, 2
10.1281395, 16.768766, 144.29077, 39.817497, 89.66595, 144.56223, 3.132256, 8.915933
7.5391893, 30.170774, 29.49223, -40.337, 0.0, 0.0, 0.0, 2
26.840652, 39.601322, 163.49991, 12.669928, 83.55338, 115.073006, 15.350332, 27.921707
7.294721, 45.903404, 14.674757, -39.421837, 0.0, 0.0, 0.0, 2
28.655914, 32.370052, 177.27692, 21.63603, 78.91634, 114.700554, 15.857801, 25.50026
2.3642383, 48.692467, 10.069977, -41.237556, 0.0, 0.0, 0.0, 2
34.26445, 29.193785, 175.49142, 25.308949, 83.676994, 120.7167, 15.488106, 24.674152
5.986361E-4, 0.0, 0.0, 0.0, -24.236832, -33.26494, -42.49823, 5
26.344719, 29.194359, 176.58917, 25.308825, 70.057434, 110.808975, 15.67566, 23.345547
0.6425871, 41.542572, -15.756306, -42.701122, 0.0, 0.0, 0.0, -1
14.586166, 28.438372, 165.0936, 26.039146, 32.047768, 84.33425, 18.612116, 16.460247
7.189093E-4, 0.0, 0.0, 0.0, -29.063046, -40.492283, -30.444666, 4
0.111091614, 26.157145, 152.13419, 26.038048, 5.359604, 36.48355, 22.209024, 11.723442
0.4759815, 33.66538, -31.092384, -35.242233, 0.0, 0.0, 0.0, -1
0.5878525, 21.429207, 159.03214, 26.484255, 9.850716, 38.772087, 20.221424, 8.027887
7.2778715E-4, 0.0, 0.0, 0.0, 42.46395, 36.098385, 21.437664, -1

SIGNAL KNOWLEDGE:
1.1988525, 28.802351, 45.91269, 48.173176, 178.64836, 48.573456, 3.42467, 14.290002,implicit, 1
3.5507202, 25.821712, 40.954712, 48.1711, 176.39984, 26.46939, 3.4266493, 19.759565,implicit, 0
9.219543, 19.364244, 124.4758, 38.985962, 93.653595, 108.327774, 27.971577, 29.339878,implicit, 0
7.9344177, 19.050987, 103.38809, 38.2361, 76.358505, 90.79114, 8.742408, 11.818989,explicit:callForPass, 0
9.026688, 17.258163, 102.458374, 37.410248, 23.998337, 65.257095, 16.606676, 18.34736,implicit, 0
10.519722, 12.98866, 133.16354, 40.628166, 78.1604, 117.76456, 15.767397, 13.156524,explicit:callForPass, 0
0.76312256, 12.760758, 135.67542, 38.11853, 71.6834, 53.94787, 16.441528, 6.5399904,explicit:callForPass, 0
17.95385, 30.195599, 104.55039, 27.32067, 32.702583, 25.473686, 24.587013, 26.876228,implicit, 0
48.195602, 18.903534, 53.98619, 27.310112, 18.363647, 28.026443, 22.13108, 24.225607,implicit, 1
15.471725, 22.669407, 131.45909, 29.806763, 71.10347, 24.831497, 13.290519, 10.402649,explicit:callForPass, 0
32.99048, 26.368853, 44.140717, 44.32309, 119.71066, 69.6124, 6.650001, 14.006953,implicit, 1
22.934204, 20.112148, 12.466797, 23.527739, 14.407043, 18.45166, 8.772418, 3.4536777,implicit, 1
5.6007237, 35.781055, 95.37839, 52.300777, 58.729706, 53.137787, 38.446823, 31.244665,implicit, 1
7.20658, 25.553623, 104.28127, 52.409374, 97.060295, 92.33889, 20.003515, 8.804447,implicit, 0
36.88701, 11.234044, 58.833984, 51.88149, 46.67923, 2.2923584, 18.144138, 8.096052,implicit, 1
124.9465, 15.859831, 9.0979, 31.663538, 8.619568, 8.721741, 5.0345473, 9.053054,implicit, 1
56.135696, 15.784953, 21.440552, 26.637703, 19.72403, 22.440796, 4.6803465, 8.622785,implicit, 1
145.79831, 19.337164, 72.19406, 31.393997, 139.94089, 68.21867, 16.258574, 3.6185167,implicit, 0
54.383812, 3.0276182, 167.50552, 27.993902, 163.97427, 59.99451, 3.7378812, 4.5777674,implicit, 1
164.97443, 15.149029, 126.69675, 37.223827, 142.6431, 148.28482, 11.632216, 19.032001,implicit, 1
3.5895844, 22.202108, 100.12791, 32.89062, 101.24476, 97.94251, 5.0456386, 8.807651,implicit, 1
47.407272, 24.893944, 44.816177, 46.10157, 80.567245, 49.818436, 3.559492, 15.561581,implicit, 1
35.22146, 15.57118, 42.953484, 19.516651, 64.74234, 41.450645, 5.3873014, 18.554054,implicit, 0
0.73334885, 15.724892, 8.979717, 20.45156, 10.798962, 10.605999, 3.554019, 12.465005,implicit, 1
158.87898, 6.202577, 116.73062, 5.2571306, 143.77072, 143.5971, 15.7567005, 7.325363,implicit, 0
110.456024, 11.000897, 137.52365, 14.112718, 74.02261, 112.36006, 18.28566, 8.840626,implicit, 0
114.11658, 10.298432, 165.08658, 48.159504, 175.29272, 138.47015, 19.530432, 11.120203,implicit, 0
0.24795794, 9.265115, 81.845474, 48.152992, 62.209026, 25.364422, 19.526287, 11.121542,implicit, 1
38.237713, 9.268546, 43.373077, 48.14788, 43.688354, 44.513, 17.490576, 4.9850774,implicit, 1
50.62326, 19.131456, 54.701813, 44.299385, 22.710297, 1.204071, 16.071398, 16.80496,implicit, 0
14.510178, 17.375519, 93.13518, 44.307518, 47.944508, 26.19814, 15.985568, 8.670411,implicit, 1
35.698322, 8.951783, 65.36923, 48.206505, 55.080566, 24.225128, 16.74241, 5.5573034,implicit, 1
141.96376, 12.97562, 90.05789, 52.843525, 88.28204, 112.08623, 26.346796, 10.205134,implicit, 1
22.975876, 11.27483, 57.214737, 51.858215, 42.452927, 5.90889, 18.95591, 9.928591,implicit, 1
37.598373, 11.27483, 42.59224, 51.858215, 42.830826, 43.81389, 17.48947, 4.9849176,implicit, 1
50.218735, 9.460578, 34.116165, 51.21845, 35.17134, 38.005234, 17.334534, 4.8911505,implicit, 1
7.4046936, 6.9083037, 82.02777, 50.92627, 70.58246, 32.750153, 17.773489, 7.6900883,implicit, 0
14.502533, 26.596981, 56.980133, 56.931416, 56.930084, 56.647125, 17.407177, 4.9372582,implicit, 1
142.34157, 18.838476, 7.871216, 39.817497, 10.712189, 7.599762, 4.7253323, 8.915933,implicit, 1
1.2722664, 15.060768, 136.44138, 41.061184, 59.68713, 127.40451, 3.636797, 9.213485,implicit, 0
9.546402, 5.63824, 141.22974, 45.999825, 129.01892, 136.19702, 3.8444538, 12.314623,implicit, 1
14.586166, 28.438372, 165.0936, 26.039146, 32.047768, 84.33425, 18.612116, 16.460247,implicit, 0

SHOOT KNOWLEDGE:
103.710434, 14.286007, 11.243439, 32.295334, 163.61931, 44.724884, 6.146667, 5.5259986
23.743729, 17.866827, 3.381897, 37.404823, 6.7636566, 3.4519043, 5.0253925, 8.9895115
15.045044, 15.831484, 58.86139, 23.525421, 56.91382, 52.84906, 8.770159, 3.4515479
78.78776, 14.82917, 2.78656, 26.63658, 1.083252, 3.7929993, 4.679182, 8.621683
95.21965, 9.3558035, 7.373596, 25.835123, 13.522522, 7.583618, 3.3273294, 7.4959087
-15.689865, 4.730607, 102.05771, 20.45156, 103.92273, 102.04123, 3.55533, 8.937973
92.984474, 26.891502, 14.210388, 23.026588, 15.84259, 17.295776, 1.636838, 5.9367895

