POS KNOWLEDGE:
119.01114, 9.212117, 12.206406, 49.29798, 62.876938, 12.601837, 52.647057, 19.767607
0.23999487, -46.085632, -36.42493, 17.48944, 0.0, 0.0, 0.0, -1
115.55649, 9.212614, 8.762405, 49.29798, 56.342224, 9.0598755, 45.22726, 11.915837
3.6523418, -43.198944, -33.827137, 22.973911, 0.0, 0.0, 0.0, 0
130.88715, 11.343119, 5.156708, 44.680866, 50.303284, 10.7860565, 31.56425, 3.0770354
2.400196, -41.181442, -26.236652, 32.5819, 0.0, 0.0, 0.0, 0
127.76646, 11.048968, 1.5109406, 41.845474, 43.150894, 12.568802, 24.92303, 1.6458282
0.7273173, -38.696552, -17.585339, 43.718113, 0.0, 0.0, 0.0, -1
122.42221, 10.391588, 3.9363403, 41.1787, 38.87889, 23.119827, 21.833645, 2.1017127
0.0, 0.0, 0.0, 0.0, 50.12671, 16.542809, 33.330482, -1
168.99307, 9.509461, 79.44704, 41.1787, 107.454285, 90.669495, 20.16223, 2.7314525
0.0, 0.0, 0.0, 0.0, -17.17854, -11.573846, -71.24761, 5
89.214096, 8.834825, 14.741409, 41.1787, 3.042694, 12.892166, 17.995073, 4.385453
0.32040003, -31.245386, -35.655533, -33.09908, 0.0, 0.0, 0.0, -1
128.39465, 8.834521, 24.440994, 41.1787, 33.86441, 25.475311, 17.837835, 4.6380095
2.6686337, -35.767754, -32.11305, -32.119205, 0.0, 0.0, 0.0, 0
70.1994, 8.83422, 33.752426, 41.1787, 26.610321, 32.736725, 17.710983, 4.6447973
3.6598644, -51.16913, -10.835056, -37.99582, 0.0, 0.0, 0.0, 0
76.44628, 6.39385, 71.8322, 38.581024, 81.36726, 117.21364, 15.50069, 4.450653
0.38519922, -46.815998, 26.834631, -26.34937, 0.0, 0.0, 0.0, -1
88.92359, 6.31469, 63.29985, 38.462658, 70.338974, 90.92293, 12.498042, 4.37346
0.0, 0.0, 0.0, 0.0, -30.661499, -38.677006, 30.661499, 4
79.823875, 6.31469, 72.39957, 38.462658, 77.2442, 90.84265, 11.130385, 4.4477906
0.0, 0.0, 0.0, 0.0, -37.189285, -25.621426, 37.189285, 3
86.45275, 6.31469, 65.77069, 38.462658, 67.819855, 75.95575, 9.786278, 4.6198363
0.56996584, -42.259403, -38.03446, 19.706142, 0.0, 0.0, 0.0, -1
103.0483, 6.31469, 49.17514, 38.462658, 49.0596, 53.037415, 8.981826, 4.8307776
3.5055175, -50.273617, -15.861003, 33.865376, 0.0, 0.0, 0.0, 0
123.61185, 7.624445, 52.65413, 36.536854, 62.03563, 77.367294, 7.6967955, 3.8481364
4.3175817, 30.150303, 64.94222, -4.907478, 0.0, 0.0, 0.0, 2
120.66054, 6.9039664, 55.283127, 36.536854, 62.71666, 75.24541, 7.9187365, 3.9713926
6.443266, 35.013367, 62.501877, 2.4847531, 0.0, 0.0, 0.0, -1
74.68607, 6.2913585, 100.92612, 36.536854, 106.51907, 116.45099, 8.149383, 4.119655
7.6304884, 29.48318, 48.70665, 21.810175, 0.0, 0.0, 0.0, -1
141.56883, 8.138076, 119.79071, 39.35019, 138.45206, 152.57492, 11.997189, 8.760084
3.0406952, 24.075626, 39.7406, 36.183773, 0.0, 0.0, 0.0, -1
147.88408, 10.222724, 124.92934, 40.54265, 147.03084, 158.37883, 13.715875, 9.976022
0.6470801, 25.507978, 39.280243, 35.211777, 0.0, 0.0, 0.0, -1
154.65576, 10.773222, 120.71658, 40.914665, 143.48636, 151.06955, 14.260496, 9.249433
0.004166021, 0.0, 0.0, 0.0, 46.67545, 6.664611, -46.659943, 5
132.37077, 10.774239, 143.00807, 40.916485, 165.77782, 160.37196, 14.264248, 6.5453453
0.003966744, 0.0, 0.0, 0.0, 49.8879, -0.2550023, -49.857094, -1
119.49819, 10.774596, 155.88297, 40.917072, 178.65271, 168.52142, 14.265372, 5.9809036
0.004141366, 0.0, 0.0, 0.0, 4.128153, -3.119074, -92.75277, 5
61.205017, 10.780861, 145.79932, 40.92091, 143.74614, 146.52055, 16.116207, 4.9621387
0.0032502792, 0.0, 0.0, 0.0, -39.999485, -20.021349, -39.979164, 3
10.629227, 7.329988, 136.33362, 16.054628, 32.475685, 40.867027, 7.6250734, 13.193508
0.35981193, 29.760653, -32.74916, -37.49019, 0.0, 0.0, 0.0, -1
3.7488403, 5.154686, 135.53857, 16.287254, 35.646896, 50.749016, 7.0962596, 11.667069
0.0010486857, 0.0, 0.0, 0.0, -36.291153, 20.103418, 43.60543, 3
69.19951, 6.5563936, 83.81995, 16.286024, 150.5365, 107.73222, 2.8875215, 4.76917
0.0010592374, 0.0, 0.0, 0.0, 37.050083, -9.756431, 53.193485, 4
72.341934, 9.414268, 79.39235, 16.285667, 172.02129, 112.16579, 2.9005668, 4.76963
0.0010548825, 0.0, 0.0, 0.0, 39.538677, 19.478218, 40.983105, -1
142.90286, 13.20648, 145.137, 16.283747, 144.3292, 143.44928, 3.5462372, 4.891447
0.0010519796, 0.0, 0.0, 0.0, -38.56341, -22.873604, -38.562984, 3
93.28374, 13.204885, 95.51723, 16.282194, 94.7227, 97.97801, 3.5446675, 8.522131
0.0010545888, 0.0, 0.0, 0.0, 14.592995, 6.7832403, -78.62376, 5
14.640717, 9.5964155, 61.52861, 16.280272, 60.750015, 61.16423, 3.5427263, 9.075391
0.0010338477, 0.0, 0.0, 0.0, 65.72358, 32.86282, 1.4135933, -1
16.214493, 9.038219, 71.50557, 16.2801, 70.72841, 71.141495, 3.542555, 9.07522
0.0010416071, 0.0, 0.0, 0.0, 43.224205, 17.032112, -39.74369, 5
13.185043, 4.053207, 164.75491, 14.433128, 105.48646, 158.71033, 1.5959635, 4.905954
0.0013523225, 0.0, 0.0, 0.0, 32.571663, 47.501076, -19.927265, 5
17.090542, 3.9358177, 162.97404, 14.431707, 119.67625, 162.1422, 2.6284223, 6.904175
0.0013356307, 0.0, 0.0, 0.0, -41.127293, -14.501603, 44.371098, 3
88.43133, 3.9378254, 92.22044, 14.428887, 95.815765, 92.51819, 3.2110298, 8.633472
0.2394518, -37.95185, -31.210814, 30.837336, 0.0, 0.0, 0.0, -1
95.55088, 3.9380558, 85.09851, 14.428655, 88.69235, 85.39528, 3.2107906, 8.633656
3.1179295, -25.406757, 10.432187, 64.16105, 0.0, 0.0, 0.0, 0
137.4984, 5.3816648, 79.937805, 13.799611, 106.1577, 84.284546, 3.3932073, 8.548061
1.5331764, 0.70994747, 35.974945, 63.315105, 0.0, 0.0, 0.0, -1
141.85632, 6.4777083, 92.357605, 13.810852, 127.42995, 100.33707, 4.067787, 8.735222
0.0015011313, 0.0, 0.0, 0.0, -54.155094, -27.077309, 18.767597, 3
155.16708, 6.478193, 79.0448, 13.810303, 104.747345, 87.02438, 3.7519116, 8.734925
0.0014640476, 0.0, 0.0, 0.0, -44.69359, -22.34583, -32.960583, 3
153.27457, 6.479674, 27.48024, 13.80863, 33.392563, 35.460724, 3.491343, 8.733843
0.0014996112, 0.0, 0.0, 0.0, 12.695898, -11.033467, -76.27064, 5
120.94161, 6.480887, 4.857849, 13.807257, 1.0678711, 3.125061, 3.491317, 8.7325535
0.24097851, -45.16214, -47.561695, 7.276158, 0.0, 0.0, 0.0, -1
100.99354, 6.5216384, 27.362457, 13.593179, 22.501205, 19.448639, 3.2679262, 8.505221
0.0013801444, 0.0, 0.0, 0.0, 40.00284, 20.000021, -39.99714, 5
25.393463, 3.347034, 13.439453, 9.506097, 39.017426, 7.7042847, 7.335151, 6.0963926
0.29777652, 31.94625, 16.493134, 51.560616, 0.0, 0.0, 0.0, -1
162.1453, 16.622591, 163.42862, 52.02553, 139.06107, 172.26541, 24.653467, 33.26719
0.23992205, 34.674107, 31.86804, 33.45785, 0.0, 0.0, 0.0, -1
154.57785, 16.849628, 155.67563, 52.25413, 134.22723, 173.72614, 17.466494, 26.777796
0.0, 0.0, 0.0, 0.0, -37.697823, -24.604355, -37.697823, 3
159.46785, 16.849628, 160.56563, 52.25413, 139.86203, 177.05733, 16.009462, 25.491026
0.0, 0.0, 0.0, 0.0, -22.808899, -64.70094, -12.490156, 4
176.98225, 16.849628, 175.88448, 52.25413, 166.86165, 165.26118, 11.567674, 21.713934
0.0, 0.0, 0.0, 0.0, -42.132362, -17.551601, -40.31604, 3
125.67239, 16.849628, 126.77017, 52.25413, 111.30026, 135.9945, 10.128358, 21.267172
0.0, 0.0, 0.0, 0.0, 45.881775, 1.3708487, 52.747375, -1
134.18555, 15.751705, 104.58814, 52.25413, 104.77713, 103.29895, 5.79716, 19.860317
0.0, 0.0, 0.0, 0.0, -56.394726, -27.748411, -15.856857, 3
68.16408, 10.034322, 20.450596, 52.25413, 20.393425, 20.453047, 4.9223933, 17.43019
0.0, 0.0, 0.0, 0.0, 35.76597, 17.870966, -46.363068, 5
10.05603, 8.602549, 68.04636, 52.25413, 68.56088, 68.02429, 4.9223933, 17.43019
0.0, 0.0, 0.0, 0.0, -39.39241, -22.120796, 38.486794, 3
32.469543, 8.602549, 45.632843, 52.25413, 27.292542, 40.82602, 5.6323833, 17.926481
4.0061073, -42.650433, -44.565514, -12.784049, 0.0, 0.0, 0.0, 1
48.870758, 7.4182134, 28.39772, 52.25413, 4.4140778, 24.06929, 6.049698, 17.895529
8.794338, -61.58455, -35.442173, 2.9732733, 0.0, 0.0, 0.0, 0
97.38997, 6.394017, 18.894867, 47.979958, 7.6075745, 19.943604, 1.5804513, 13.993784
7.919792, -56.751366, 3.9711897, 39.277447, 0.0, 0.0, 0.0, 0
158.19157, 10.286082, 30.376938, 42.19405, 155.13718, 55.145065, 6.6054144, 8.655569
6.159713, -41.39637, 14.764672, 43.83896, 0.0, 0.0, 0.0, 0
171.29977, 16.284779, 18.279175, 35.004253, 163.71341, 56.677094, 12.5789175, 3.616529
0.33119965, -39.791393, 16.639225, 43.56938, 0.0, 0.0, 0.0, -1
172.14474, 16.284779, 17.434204, 35.004253, 162.86844, 50.41443, 12.5789175, 3.6665697
4.7563763, -38.55464, 20.106833, 41.338528, 0.0, 0.0, 0.0, 0
161.55971, 17.25955, 29.81102, 34.099705, 168.1926, 48.846756, 9.181461, 3.6307292
5.4779906, -40.36704, 18.24575, 41.387207, 0.0, 0.0, 0.0, 0
172.80917, 25.079596, 30.573944, 27.135872, 161.88712, 148.62596, 11.346219, 5.1652637
1.2397766E-5, 0.0, 0.0, 0.0, -50.09182, -26.110611, -23.797567, 3
177.65417, 25.079609, 25.728943, 27.135862, 154.03206, 143.77936, 10.0152235, 5.1652513
1.66893E-6, 0.0, 0.0, 0.0, -36.433075, -40.555187, -23.011736, 4
162.37604, 25.079609, 5.7591553, 27.135862, 129.1611, 123.80477, 8.454162, 5.16529
0.41954353, -35.854168, 27.632881, 36.51295, 0.0, 0.0, 0.0, -1
161.6434, 25.079609, 5.02652, 27.135862, 122.38932, 123.06919, 8.349756, 5.1652594
1.7100257, -46.28782, 9.62597, 44.086212, 0.0, 0.0, 0.0, 0
143.88913, 14.217448, 5.2692566, 23.17582, 11.698639, 4.6138, 4.362708, 1.6740028
7.347799, -46.910755, 11.056982, 42.03227, 0.0, 0.0, 0.0, 0
4.7473373, 14.941168, 139.85156, 38.430958, 12.763176, 73.98669, 14.411486, 8.879167
0.0, 0.0, 0.0, 0.0, 51.09278, 17.713076, 31.19415, -1
4.401085, 14.047376, 139.87056, 38.430958, 12.415421, 65.14786, 14.087439, 6.823698
0.7887105, 46.31846, -13.091524, -40.590015, 0.0, 0.0, 0.0, -1
23.635757, 13.202891, 166.35698, 39.36027, 50.63443, 115.278656, 9.720706, 5.508943
4.055987E-4, 0.0, 0.0, 0.0, 12.643194, 65.435555, 21.921253, -1
58.185257, 12.040857, 148.53787, 39.360584, 64.034966, 146.27066, 8.490418, 4.9397626
3.998626E-4, 0.0, 0.0, 0.0, -42.9953, -15.742542, 41.262157, 3
159.97897, 6.0751495, 71.032425, 39.360962, 74.10974, 69.90517, 8.337307, 5.0314207
4.044315E-4, 0.0, 0.0, 0.0, -23.589865, -11.794866, -64.615265, 5
79.76935, 5.307983, 32.22934, 39.36122, 31.934631, 31.09517, 9.07375, 5.0315146
3.9714767E-4, 0.0, 0.0, 0.0, -15.583282, -5.5456634, -78.871056, 5
18.422165, 11.352768, 2.5024414, 39.36149, 2.222229, 1.3712769, 9.0749235, 5.031775
4.0701937E-4, 0.0, 0.0, 0.0, 51.246822, 27.055689, 21.697487, -1
32.108994, 18.559828, 39.20601, 39.36174, 39.484726, 40.33406, 9.075173, 5.0320206
4.2437407E-4, 0.0, 0.0, 0.0, -43.46345, -22.507172, -34.029377, 3
5.417267, 22.412663, 0.646698, 39.361923, 0.36888123, 0.47947693, 9.075355, 5.0321994
4.0998013E-4, 0.0, 0.0, 0.0, 47.24802, 24.996614, 27.75536, -1
16.741455, 23.19495, 21.133133, 39.362034, 21.41034, 22.258057, 9.075467, 5.032308
0.119332924, -33.19777, -32.9201, -33.88213, 0.0, 0.0, 0.0, -1
4.2593536, 23.195059, 8.6510315, 39.36209, 8.927948, 9.775314, 9.075525, 5.032366
0.9988716, -33.412125, -32.99904, -33.588837, 0.0, 0.0, 0.0, -1
16.97853, 23.195536, 12.587051, 39.362144, 12.310455, 11.463379, 9.075577, 5.0324163
2.8886518, -33.98573, -31.67295, -34.34132, 0.0, 0.0, 0.0, 2
18.462646, 23.196066, 22.853882, 39.362198, 23.130188, 23.976944, 9.075627, 5.0324664
5.413531, -36.134617, -27.577812, -36.28757, 0.0, 0.0, 0.0, 2
20.312836, 23.196617, 24.703796, 39.36226, 24.979828, 25.826294, 9.07569, 5.032528
8.2274065, -40.461407, -19.574753, -39.96384, 0.0, 0.0, 0.0, 0
29.337036, 20.474716, 32.929962, 36.713036, 39.442596, 58.785706, 6.9722056, 3.187167
9.919749, -40.56249, 21.829416, -37.60809, 0.0, 0.0, 0.0, 0
3.4410706, 10.955796, 7.206375, 27.245174, 142.66806, 162.28699, 1.8892758, 6.661413
6.842206, -33.696644, 37.70601, -28.59735, 0.0, 0.0, 0.0, 0
31.186752, 5.952357, 17.990341, 20.672646, 163.37196, 165.45604, 9.0879755, 13.905695
0.0, 0.0, 0.0, 0.0, -33.0971, -33.99628, -32.90662, 4
29.850128, 6.3032002, 17.712341, 20.672646, 162.86603, 159.27939, 8.994668, 13.662255
3.4237306, -39.62331, 33.964203, -26.412487, 0.0, 0.0, 0.0, 0
168.85393, 15.590168, 110.692856, 54.434772, 88.41167, 147.79976, 61.42477, 28.067797
0.17388971, 20.396626, 23.763653, 55.83972, 0.0, 0.0, 0.0, -1
171.14883, 15.761489, 113.03491, 54.496185, 91.17999, 149.29684, 58.412933, 25.193853
0.0021912167, 0.0, 0.0, 0.0, -38.84379, -22.31907, -38.83714, 3
141.98166, 15.759479, 83.8609, 54.493736, 63.601654, 115.74878, 49.583958, 16.327145
0.0022363102, 0.0, 0.0, 0.0, -36.08581, -27.838226, -36.075954, 3
107.77927, 15.757427, 49.65152, 54.491238, 31.636963, 69.73804, 40.849487, 8.528131
0.002226067, 0.0, 0.0, 0.0, -37.674706, -27.986553, -34.33874, 3
61.782536, 15.0126505, 16.230322, 54.487442, 18.470514, 16.663744, 27.969137, 5.07804
0.0022370887, 0.0, 0.0, 0.0, 38.53932, 18.457504, -43.00317, 5
120.55702, 24.179585, 169.88646, 52.446293, 152.06407, 143.46089, 46.187096, 41.83141
7.0979943, 38.015633, 33.58824, 28.396124, 0.0, 0.0, 0.0, -1
150.30835, 31.92178, 165.0704, 64.17736, 152.18347, 145.47733, 51.026756, 45.89097
0.0, 0.0, 0.0, 0.0, -52.45377, -25.806192, -21.740036, 3
97.6328, 31.782112, 139.4402, 64.17736, 152.12001, 158.95045, 49.472935, 44.325172
0.0, 0.0, 0.0, 0.0, -20.090979, -28.383701, 51.52532, 4
170.9524, 31.634748, 136.1684, 64.17736, 124.148926, 116.93292, 45.099113, 39.92826
0.0, 0.0, 0.0, 0.0, -39.751263, -19.429897, -40.81884, 5
151.77435, 31.65452, 118.32909, 64.17736, 106.83095, 99.300644, 42.252327, 37.079113
0.0, 0.0, 0.0, 0.0, -40.22018, -19.55964, -40.22018, 3
153.23859, 31.65452, 119.79331, 64.17736, 108.599525, 100.89088, 40.700466, 35.51363
0.0, 0.0, 0.0, 0.0, -40.094288, -19.811415, -40.094296, 5
145.91478, 31.65452, 112.46951, 64.17736, 101.57184, 93.69287, 39.337532, 34.05574
0.0, 0.0, 0.0, 0.0, -40.297516, -19.404966, -40.297516, 3
90.54573, 31.65452, 57.100464, 64.17736, 49.222168, 39.688232, 29.121843, 23.722773
0.0, 0.0, 0.0, 0.0, -23.461739, 6.7789054, -69.75936, 5
17.15187, 31.65452, 16.293396, 64.17736, 19.897705, 31.001831, 21.36088, 14.886579
3.9667635, 25.912354, 23.523659, 50.563984, 0.0, 0.0, 0.0, -1
24.149124, 31.65452, 9.296143, 64.17736, 11.783661, 22.146606, 20.029314, 11.857116
6.4148483, 10.852468, 15.983586, 73.16395, 0.0, 0.0, 0.0, -1
37.478317, 12.688057, 109.54306, 45.50169, 89.3766, 57.39215, 21.786358, 14.031938
0.0, 0.0, 0.0, 0.0, -69.717255, -29.82627, -0.45648235, 3
27.638397, 11.73151, 43.5851, 45.50169, 23.41417, 8.5646515, 21.78716, 14.029993
0.0, 0.0, 0.0, 0.0, 31.447973, 18.272224, -50.2798, 5
18.69487, 11.731542, 52.520477, 45.50169, 39.121246, 6.7648926, 19.844778, 10.767436
0.41932872, -7.4468517, -35.186092, -57.367058, 0.0, 0.0, 0.0, -1
13.867889, 11.731553, 57.345337, 45.50169, 45.691116, 15.515137, 19.442142, 9.471918
2.336472, -14.34687, -23.719563, -61.933563, 0.0, 0.0, 0.0, 2
7.640106, 9.128505, 64.60782, 45.07461, 66.49936, 70.476746, 17.367607, 4.9570093
1.3762633, -24.143898, -14.6890955, -61.167007, 0.0, 0.0, 0.0, 2
10.039856, 8.236206, 63.899277, 44.722668, 65.73901, 72.89612, 17.217129, 4.777409
0.55973417, -24.53362, -18.197878, -57.268505, 0.0, 0.0, 0.0, -1
0.3513794, 7.6361485, 74.40065, 44.55077, 75.75874, 81.67445, 17.301537, 4.829168
0.0, 0.0, 0.0, 0.0, 40.178474, 19.780197, 40.04133, -1
45.216675, 7.6361485, 119.968704, 44.55077, 121.07631, 124.16316, 17.33665, 4.891457
0.0, 0.0, 0.0, 0.0, -45.514053, -22.757027, -31.72892, 3
6.2220764, 7.6361485, 80.974106, 44.55077, 82.08171, 85.168564, 17.33665, 4.891457
0.0, 0.0, 0.0, 0.0, -54.039967, -27.019983, 18.94005, 3
5.809555, 7.6361485, 68.942474, 44.55077, 70.05008, 73.13693, 17.33665, 4.891457
0.0, 0.0, 0.0, 0.0, -40.0, -20.0, 40.0, 3
0.7584686, 7.6361485, 73.99356, 44.55077, 75.101166, 78.18802, 17.33665, 4.891457
0.0, 0.0, 0.0, 0.0, -40.0, -20.0, 40.0, 3
27.74553, 7.6361485, 47.0065, 44.55077, 48.114105, 51.20096, 17.33665, 4.891457
3.6319468, -35.605198, -15.658558, -48.73625, 0.0, 0.0, 0.0, 2
34.78514, 4.6049356, 59.34163, 42.599316, 64.54982, 91.688095, 16.091051, 4.1216516
3.5321834, -19.43013, 32.58288, -47.98699, 0.0, 0.0, 0.0, 2
32.876724, 2.9927855, 77.48628, 42.04304, 83.77019, 116.8622, 16.339592, 4.6352496
5.5754237, -6.1093135, 90.27135, 3.619339, 0.0, 0.0, 0.0, 0
38.580307, 2.5856073, 78.677246, 41.930286, 84.899506, 118.753876, 16.449493, 4.76089
10.234433, 9.377999, 49.541824, 41.080177, 0.0, 0.0, 0.0, -1
170.1499, 5.3355145, 99.12445, 42.242447, 113.62286, 156.03671, 18.326057, 9.700026
5.3642263, 14.315766, 39.45043, 46.233803, 0.0, 0.0, 0.0, -1
154.3435, 14.24578, 105.43381, 44.232243, 127.837585, 153.87589, 22.581465, 15.833043
6.4389524E-4, 0.0, 0.0, 0.0, -34.394638, -20.208065, -45.3973, 5
44.722473, 20.76817, 23.039825, 44.231804, 29.300293, 62.463074, 18.396229, 11.523345
0.0, 0.0, 0.0, 0.0, -31.26467, -29.759127, -38.976208, 5
27.957489, 23.75531, 11.849609, 44.231804, 12.095795, 40.5466, 17.528486, 8.049519
0.83811754, -35.842056, -31.887638, -32.270306, 0.0, 0.0, 0.0, -1
27.012054, 23.846987, 11.029175, 44.231804, 10.809418, 36.68033, 17.47253, 7.45551
3.1371467, -37.517277, -31.397816, -31.084908, 0.0, 0.0, 0.0, 0
42.515045, 20.018053, 20.360321, 39.891766, 23.023071, 53.326233, 14.277984, 2.48075
8.762622E-4, 0.0, 0.0, 0.0, 21.476349, -13.657401, 64.86625, 4
47.917694, 19.459, 21.815826, 39.892067, 24.46811, 48.549133, 14.289065, 2.6804132
0.17996506, -43.60897, -33.799713, -22.591316, 0.0, 0.0, 0.0, -1
53.127655, 18.304432, 18.501251, 39.89236, 21.153473, 35.10852, 14.28958, 3.17294
6.5664754, -72.00591, -17.326576, 10.667506, 0.0, 0.0, 0.0, 0
107.85281, 15.771835, 46.172028, 38.757923, 51.180206, 63.18808, 10.180446, 3.6780517
6.5411816, -45.548557, 16.934418, 37.51703, 0.0, 0.0, 0.0, 0
130.88467, 18.948425, 36.07718, 32.11726, 87.91617, 140.07884, 7.0140038, 7.5551786
0.6816812, -43.637028, 21.362617, 35.000355, 0.0, 0.0, 0.0, -1
136.12811, 18.830235, 36.165527, 31.56782, 92.84332, 142.54672, 7.020733, 8.089031
0.0014537364, 0.0, 0.0, 0.0, -54.444576, -45.502823, -0.05259784, 3
143.54402, 17.151594, 30.572784, 31.567379, 77.54065, 136.9497, 6.061722, 8.088705
0.0014757481, 0.0, 0.0, 0.0, -30.250761, -51.08079, -18.668446, 4
154.64078, 16.594858, 37.136566, 31.567213, 78.20111, 140.72305, 5.669046, 7.640096
0.5176358, -60.05427, 2.3858707, 37.559853, 0.0, 0.0, 0.0, -1
143.2262, 15.159562, 20.589844, 31.110125, 54.467224, 116.00052, 5.3257475, 4.8737664
3.6768913, -48.448296, -13.118365, 38.433342, 0.0, 0.0, 0.0, 0
153.05789, 15.29685, 5.5621643, 27.609215, 1.623169, 21.720184, 2.545109, 5.1547456
0.7762388, -35.51715, -34.439175, 30.043674, 0.0, 0.0, 0.0, -1
157.6001, 14.5989485, 10.736877, 26.83437, 0.15786743, 25.199036, 1.993863, 4.9993024
8.5670134E-4, 0.0, 0.0, 0.0, 22.231417, 8.034994, -69.73359, 5
57.15772, 5.6989074, 40.823944, 26.833267, 36.8721, 40.918274, 4.0920267, 9.002482
8.8283047E-4, 0.0, 0.0, 0.0, 45.151924, 22.583382, -32.264694, 5
14.063555, 5.441538, 73.65698, 26.83268, 72.26181, 73.76346, 4.6620417, 9.000984
8.7527157E-4, 0.0, 0.0, 0.0, 47.52138, 23.76434, 28.714281, -1
-10.956026, 5.440742, 98.67154, 26.832243, 97.28464, 98.785, 4.6630793, 9.000019
8.520439E-4, 0.0, 0.0, 0.0, 21.48027, 10.742359, 67.777374, -1
19.899542, 5.440618, 107.61682, 26.832092, 106.23306, 107.730804, 4.6634398, 8.999869
0.30043983, 3.4511945, 4.3595424, -92.18926, 0.0, 0.0, 0.0, -1
3.7201385, 5.1408005, 91.86508, 26.840975, 93.52878, 93.24768, 4.673874, 9.012674
8.739762E-4, 0.0, 0.0, 0.0, -43.59456, -21.796259, 34.60918, 3
12.148155, 5.140542, 76.00174, 26.84057, 77.66803, 77.38541, 4.673478, 9.012278
8.585774E-4, 0.0, 0.0, 0.0, -39.996998, -19.997414, 40.005592, 3
22.299355, 5.1404443, 65.852356, 26.840422, 67.51965, 67.23645, 4.6733313, 9.01213
0.5706567, -41.639576, -40.443382, -17.917042, 0.0, 0.0, 0.0, -1
40.519695, 5.1402044, 47.635834, 26.840117, 49.305603, 49.020966, 4.6730323, 9.011829
0.90045077, -42.44484, -40.926537, -16.628624, 0.0, 0.0, 0.0, -1
55.63653, 5.140118, 32.52069, 26.839977, 34.191315, 33.90619, 4.672896, 9.011693
5.0629864, -55.577732, -37.925816, 6.496451, 0.0, 0.0, 0.0, 0
103.89122, 3.8252084, 24.45459, 23.045277, 56.159058, 34.3273, 1.5515512, 6.1256967
6.8210416, -97.219505, 0.35813245, -2.422365, 0.0, 0.0, 0.0, 0
107.730225, 2.8541045, 22.723328, 22.30461, 81.01117, 36.54196, 1.7233615, 5.8198466
0.6360117, -59.300335, -22.932804, 17.766861, 0.0, 0.0, 0.0, -1
82.62423, 2.6534832, 16.838867, 21.50009, 83.45468, 30.450104, 1.8575127, 5.6875944
6.5548916, -83.4622, 8.942036, 7.595772, 0.0, 0.0, 0.0, 0
92.63227, 3.796962, 14.761322, 13.647482, 158.30939, 85.14581, 5.468348, 2.1362839
4.2148914, -40.10886, 38.994682, 20.896465, 0.0, 0.0, 0.0, 0
148.92844, 5.2817407, 27.958313, 8.491141, 167.80429, 153.13649, 11.010039, 5.86201
0.0, 0.0, 0.0, 0.0, -25.361782, -37.945347, 36.69287, 4
169.1915, 5.190924, 13.952667, 8.491141, 125.88388, 111.22705, 11.011735, 5.861034
0.0, 0.0, 0.0, 0.0, -44.297756, 22.147558, 33.554688, 3
177.5195, 5.19091, 0.6636658, 8.491141, 139.17262, 124.51631, 11.011778, 5.860835
0.0, 0.0, 0.0, 0.0, 47.874527, -2.100097, -50.025375, 5
176.86751, 5.1908793, 6.2766724, 8.491141, 133.55962, 118.90231, 11.011778, 5.8605905
0.0, 0.0, 0.0, 0.0, 12.720694, -55.77094, -31.508366, 4
162.0605, 5.1908793, 14.795319, 8.491141, 154.6316, 132.84805, 11.011778, 5.753336
0.0, 0.0, 0.0, 0.0, 43.040577, -13.918844, -43.040577, -1
150.3975, 5.1908793, 26.458313, 8.491141, 166.2946, 124.526505, 11.011778, 5.8682737
0.0, 0.0, 0.0, 0.0, -21.406464, -57.187073, 21.406464, 4
118.98558, 18.337563, 127.778275, 54.904575, 107.04692, 174.46097, 29.901384, 35.437206
0.0, 0.0, 0.0, 0.0, 42.659603, -14.680791, 42.659603, 4
110.71058, 18.337563, 119.50327, 54.904575, 98.99561, 166.21194, 28.329811, 35.52772
0.0, 0.0, 0.0, 0.0, -39.98359, -19.991795, -40.024612, 5
154.44032, 18.337563, 163.23302, 54.904575, 143.85616, 150.05832, 22.37527, 35.52772
0.0, 0.0, 0.0, 0.0, -40.31051, -19.192406, -40.497086, 5
61.41324, 11.376775, 70.43671, 54.904575, 57.786255, 114.788605, 15.448969, 33.075375
0.0, 0.0, 0.0, 0.0, -38.49767, -22.973253, -38.52908, 5
56.62787, 11.261294, 65.67795, 54.904575, 57.381195, 108.677795, 14.917344, 31.822317
0.0, 0.0, 0.0, 0.0, -48.139835, -33.617027, -18.24314, 3
17.748291, 11.263101, 8.686554, 54.904575, 3.1577454, 23.259735, 11.858651, 24.730577
0.0, 0.0, 0.0, 0.0, -62.018837, -21.866543, 16.11462, 3
24.717499, 9.705327, 5.2200623, 54.904575, 7.4487305, 18.937927, 6.5106773, 19.267445
0.0, 0.0, 0.0, 0.0, 9.722284, -6.2134705, 84.06425, 4
31.82608, 9.149111, 6.403076, 54.904575, 8.46347, 18.203278, 5.8964767, 18.932047
0.0, 0.0, 0.0, 0.0, 24.488483, 8.502815, 67.0087, -1
88.88718, 7.1134143, 12.6414795, 54.904575, 12.853302, 9.451935, 4.952945, 17.791391
0.0, 0.0, 0.0, 0.0, 37.416073, 19.102644, 43.48128, -1
127.966415, 6.9860654, 43.86763, 54.904575, 44.059647, 44.063004, 4.9548154, 17.483936
0.56797063, -35.441883, -34.430405, 30.127712, 0.0, 0.0, 0.0, -1
134.10797, 6.9857216, 50.006348, 54.904575, 50.194366, 50.20172, 4.955171, 17.483936
5.1727076, -40.108765, -25.428411, 34.462822, 0.0, 0.0, 0.0, 0
129.6466, 6.9846783, 45.536407, 54.904575, 45.72345, 45.73178, 4.9552727, 17.483936
4.8480983, -38.96494, -26.444546, 34.590515, 0.0, 0.0, 0.0, 0
131.89244, 8.006981, 41.15628, 53.938904, 51.10309, 43.12198, 4.305631, 16.780243
9.925711, -49.263184, 1.1244768, 49.612335, 0.0, 0.0, 0.0, 0
170.81342, 20.54844, 48.25174, 39.44166, 163.25336, 86.50949, 10.393025, 5.96406
0.0, 0.0, 0.0, 0.0, 34.665344, -35.839836, 29.494814, 4
171.15208, 19.633726, 25.706055, 39.44166, 121.6052, 42.879883, 6.8623548, 5.102479
0.0, 0.0, 0.0, 0.0, -15.996584, -11.036735, -72.96668, 5
124.75428, 13.12425, 7.7595825, 39.44166, 19.63028, 8.443207, 5.837231, 5.0059257
7.168439, -50.287277, -18.337994, 31.374731, 0.0, 0.0, 0.0, 0
161.3675, 19.766626, 4.6734314, 27.598867, 98.48094, 160.26666, 1.7035972, 6.7941046
0.0, 0.0, 0.0, 0.0, 30.748138, 15.373586, -53.878273, 5
132.27405, 19.690552, 33.244415, 27.598867, 112.061356, 171.1625, 2.170471, 6.7940817
0.0, 0.0, 0.0, 0.0, -64.26804, 12.824445, 22.907515, 3
140.51933, 18.488485, 17.096436, 27.598867, 52.936172, 172.68929, 2.541952, 6.7940483
0.0, 0.0, 0.0, 0.0, -45.338333, -15.094959, 39.566704, 3
144.70424, 18.44709, 12.683441, 27.598867, 14.487396, 169.24738, 4.7096353, 5.7699623
0.53993636, -53.41997, -0.6589583, 45.92107, 0.0, 0.0, 0.0, -1
156.88205, 17.68379, 0.092559814, 27.598867, 0.42437744, 165.32947, 5.059313, 5.025368
1.6955347, -53.2916, -0.9548056, 45.753593, 0.0, 0.0, 0.0, 0
139.02792, 9.424466, 7.389679, 25.925303, 7.9920044, 115.57814, 5.818402, 4.298091
3.4865634, -51.943443, -7.019306, 41.037254, 0.0, 0.0, 0.0, 0
120.10926, 8.365168, 1.7875366, 20.983015, 3.9026184, 18.729187, 3.1230628, 4.7529736
0.0, 0.0, 0.0, 0.0, 55.09798, 2.8507497, 42.05127, -1
117.41226, 8.368344, 4.4065247, 20.983015, 6.5216675, 11.051361, 3.1230772, 5.3205743
0.0, 0.0, 0.0, 0.0, 18.295898, -1.2231188, -80.48098, 5
51.400627, 5.6684337, 26.62851, 20.983015, 28.743896, 26.843018, 3.1231446, 9.091568
0.0, 0.0, 0.0, 0.0, -62.947845, -31.774605, 5.2775497, 3
43.9247, 5.053138, 6.261442, 19.821617, 17.480896, 15.58374, 4.345191, 10.124444
0.16642204, -51.578903, -41.19624, 7.2248588, 0.0, 0.0, 0.0, -1
33.82199, 5.555388, 33.702393, 20.87125, 33.13922, 33.883453, 3.0501971, 8.980048
3.6039338, -38.813183, -16.130192, -45.056625, 0.0, 0.0, 0.0, 2
32.668427, 5.2835655, 41.87976, 20.87125, 41.31665, 42.06082, 3.0502114, 8.980048
10.832275, -62.715904, 19.212183, 18.071903, 0.0, 0.0, 0.0, 0
149.1482, 5.4740567, 56.50418, 16.862436, 142.88359, 84.50867, 4.7845564, 6.736373
5.804369, -21.556217, 33.12515, 45.318634, 0.0, 0.0, 0.0, 0
179.29654, 10.988341, 57.0618, 13.99744, 147.7188, 109.58832, 9.824943, 7.6932206
1.6080271, -15.837007, 37.87695, 46.286045, 0.0, 0.0, 0.0, 0
160.62686, 11.877828, 81.04816, 13.636579, 170.3256, 135.79692, 10.644251, 8.139946
0.71669596, -10.80784, 42.194614, 46.997543, 0.0, 0.0, 0.0, -1
166.2786, 12.572697, 79.1884, 13.485842, 166.39845, 134.56331, 11.340093, 8.628592
0.001202176, 0.0, 0.0, 0.0, -49.16326, -37.21479, -13.621947, 3
168.78906, 12.57292, 76.67488, 13.485634, 163.88472, 131.25583, 11.339716, 8.359292
0.0012031443, 0.0, 0.0, 0.0, -47.776215, -48.249077, -3.9747066, 4
171.47287, 12.572837, 73.98929, 13.48545, 161.19879, 123.6378, 11.33932, 7.041115
0.0012120273, 0.0, 0.0, 0.0, -37.539505, -35.48065, -26.979845, 3
162.81631, 12.572791, 48.276764, 13.485247, 135.4859, 93.55612, 11.338924, 6.211579
0.0012139517, 0.0, 0.0, 0.0, -30.21515, -39.581398, -30.203455, 4
166.75365, 12.572675, 52.20906, 13.484637, 139.42082, 81.83989, 11.338209, 4.534932
0.0011856272, 0.0, 0.0, 0.0, -35.32464, -29.357895, -35.317467, 3
136.9574, 12.572325, 22.401184, 13.483305, 109.62366, 20.688904, 11.337151, 3.4808106
0.0011937416, 0.0, 0.0, 0.0, -8.5096655, 0.3326351, -91.1577, 5
36.225708, 12.311085, 100.71231, 55.866146, 55.837494, 82.3273, 13.876493, 23.173357
0.057551555, 0.0, 0.0, 0.0, -39.74941, -19.856127, -40.394466, 5
27.367458, 12.311459, 91.85397, 55.866257, 46.978786, 73.46857, 13.876826, 23.173574
1.4585001, -20.149876, -37.165237, -42.684883, 0.0, 0.0, 0.0, 2
-28.966797, 7.9687424, 33.48419, 54.94828, -3.3355713, 21.424103, 10.335069, 21.162792
0.0, 0.0, 0.0, 0.0, -39.233215, -19.6134, -41.15339, 5
-38.524445, 7.968663, 23.924194, 54.94828, -12.834137, 11.8645935, 10.372698, 21.16325
0.0, 0.0, 0.0, 0.0, 39.777885, 21.787704, 38.434406, -1
-9.267244, 6.6917076, 54.187195, 54.94828, 22.02078, 44.383484, 8.889379, 20.311516
0.0, 0.0, 0.0, 0.0, -36.400433, -14.840622, 48.758945, 3
31.551178, 6.6922593, 31.914398, 54.94828, 13.885101, 28.47229, 6.364476, 18.33679
0.0, 0.0, 0.0, 0.0, -32.635517, -14.665622, 52.698864, 3
50.4404, 6.6924753, 13.031342, 54.94828, 6.0103455, 12.895172, 5.3925767, 17.530502
0.0, 0.0, 0.0, 0.0, 31.043858, 15.348239, 53.607906, -1
112.22356, 6.6548476, 47.956345, 54.94828, 46.858963, 47.78328, 4.951712, 17.461609
1.5037493, -41.222275, -38.89651, 19.88121, 0.0, 0.0, 0.0, 0
126.06715, 6.2034907, 42.98871, 54.94828, 41.891327, 42.815643, 4.951712, 17.461609
9.794061, -44.493736, -14.789049, 40.717216, 0.0, 0.0, 0.0, 0
111.80239, 7.203092, 20.191376, 53.86893, 28.519012, 21.780212, 4.200042, 16.67324
15.038396, -50.88929, -0.5810343, 48.529675, 0.0, 0.0, 0.0, 0
167.62186, 18.786205, 36.306488, 41.41825, 163.7925, 86.222534, 11.269081, 8.613675
2.5774746, -34.45683, 23.365522, 42.17765, 0.0, 0.0, 0.0, 0
176.94894, 19.65278, 35.08258, 39.392178, 163.16437, 97.36661, 13.77028, 8.376092
0.5996881, -33.183887, 25.247938, 41.568176, 0.0, 0.0, 0.0, -1
178.517, 19.169424, 33.071594, 39.392178, 161.15207, 88.51065, 13.769867, 7.250161
3.1216393, -33.29821, 24.748405, 41.95339, 0.0, 0.0, 0.0, 0
163.81747, 18.16375, 42.115585, 39.392178, 164.03677, 77.687515, 10.699911, 5.5575175
9.867538, -31.396255, 28.35749, 40.24625, 0.0, 0.0, 0.0, 0
165.03511, 19.613682, 42.91768, 38.212215, 158.81384, 78.196884, 9.502295, 4.6351814
12.51498, -30.039955, 31.048233, 38.91181, 0.0, 0.0, 0.0, 0
173.75665, 26.60364, 44.29184, 32.902603, 156.49524, 126.26561, 12.001431, 4.783549
5.709157, -29.32292, 32.57212, 38.104965, 0.0, 0.0, 0.0, 0
175.33759, 33.276855, 41.04651, 27.768557, 152.758, 143.72543, 15.170192, 7.047205
0.6495377, -28.852537, 33.02847, 38.118996, 0.0, 0.0, 0.0, -1
167.70494, 33.923172, 34.219604, 27.28295, 143.76639, 132.54387, 14.407017, 6.3315754
0.0014863014, 0.0, 0.0, 0.0, -19.35316, -49.004124, -31.642717, 4
145.11595, 33.924698, 11.632843, 27.281866, 98.25642, 50.12967, 8.372119, 3.6482494
0.0014252663, 0.0, 0.0, 0.0, 38.805656, 0.19487044, -60.99947, 5
109.591034, 33.928165, 23.887115, 27.27941, 24.061035, 24.49347, 9.027657, 5.051869
0.060806423, 0.0, 0.0, 0.0, -39.928776, -19.765446, 40.30578, 3
112.964066, 33.928444, 20.513672, 27.279211, 20.800812, 21.119568, 9.045865, 5.0519605
2.981517, -40.694138, -37.99347, 21.312393, 0.0, 0.0, 0.0, 0
125.25158, 36.03622, 17.030579, 23.291336, 18.23117, 20.643982, 8.3050165, 3.2062569
0.00174985, 0.0, 0.0, 0.0, -38.022026, -20.640856, 41.337116, 3
132.92584, 36.03655, 9.356384, 23.290977, 10.0017395, 12.97403, 8.611041, 3.2059555
0.0017049975, 0.0, 0.0, 0.0, -24.195517, -25.2364, 50.568085, 4
128.50604, 36.036827, 13.776245, 23.290678, 14.352356, 17.398468, 8.649887, 3.2056627
0.0017727833, 0.0, 0.0, 0.0, -29.058445, -23.626911, 47.314644, 3
130.03465, 36.037212, 12.247711, 23.290258, 12.821777, 15.875, 8.64981, 3.2052867
0.7814832, -35.653294, -35.645287, 28.701424, 0.0, 0.0, 0.0, -1
138.04472, 36.037506, 4.237671, 23.289946, 4.81015, 7.8692017, 8.649867, 3.2049706
1.3209755, -35.57219, -35.57, 28.85781, 0.0, 0.0, 0.0, 0
146.07727, 36.67006, 3.1219177, 22.509027, 2.7702637, 3.721344, 8.099729, 2.4993746
0.54097927, -35.454277, -35.44292, 29.102802, 0.0, 0.0, 0.0, -1
135.77197, 37.116665, 7.5985107, 21.968336, 7.6562805, 6.3323975, 8.631607, 3.1542635
0.0012547682, 0.0, 0.0, 0.0, 39.996395, 20.003439, -40.000164, 5
118.71867, 37.118435, 24.649323, 21.96687, 24.708496, 23.392883, 8.631654, 3.1512675
0.001277676, 0.0, 0.0, 0.0, 40.00071, 19.99785, -40.001442, 5
96.400024, 37.11926, 46.966843, 21.966185, 47.024155, 45.702957, 8.753482, 3.3178935
6.1944843E-4, 0.0, 0.0, 0.0, -38.049225, -20.42857, 41.52221, 3
117.19155, 37.12056, 26.173706, 21.965065, 26.228333, 24.898834, 8.629849, 3.1494899
0.0014858939, 0.0, 0.0, 0.0, -27.333815, -11.500651, 61.165535, 3
125.73854, 37.12077, 17.626404, 21.964901, 17.680511, 16.349487, 8.6296835, 3.149327
0.0015092375, 0.0, 0.0, 0.0, 7.0364647, 6.4132133, 86.55032, -1
134.67471, 37.12111, 8.689789, 21.964613, 8.743164, 7.4099426, 8.629394, 3.1490414
0.001376316, 0.0, 0.0, 0.0, 29.50109, 16.55878, 53.94013, -1
139.49875, 37.121407, 3.865387, 21.964361, 3.9180908, 2.5828857, 8.629143, 3.1487944
0.0014744622, 0.0, 0.0, 0.0, 42.33601, 21.929462, 35.734528, -1
153.3697, 37.122044, 10.006317, 21.963808, 9.954895, 11.294037, 8.628591, 3.1482496
4.4980738E-4, 0.0, 0.0, 0.0, 60.999252, 24.443293, 14.557454, -1
164.1089, 37.122272, 20.74588, 21.963625, 20.695007, 22.035828, 8.628406, 3.1480684
8.2383567E-4, 0.0, 0.0, 0.0, 45.529133, 22.769573, -31.701296, 5
169.7294, 37.123135, 46.90866, 21.962893, 46.85968, 48.206146, 8.627674, 3.1473477
0.65911436, -30.957853, -20.799482, 48.24266, 0.0, 0.0, 0.0, -1
160.16388, 37.12339, 56.47458, 21.962683, 56.426147, 57.774384, 8.627464, 3.1471415
2.6980188, -31.969734, -14.981204, 53.049065, 0.0, 0.0, 0.0, 0
175.02127, 41.047867, 41.870667, 19.593805, 49.968628, 84.65247, 7.6441946, 2.6339607
0.0, 0.0, 0.0, 0.0, -13.709058, -31.373894, -54.91705, 5
135.24896, 41.047867, 2.0983582, 19.593805, 5.0694885, 22.729156, 8.669923, 3.1731071
0.0, 0.0, 0.0, 0.0, 40.60839, 18.238443, -41.153168, 5
87.99628, 41.047867, 45.154335, 19.593805, 43.672707, 40.443245, 8.70364, 3.279833
0.41519856, -14.823116, -17.14981, -68.02707, 0.0, 0.0, 0.0, -1
64.833206, 41.047867, 68.317406, 19.593805, 66.83578, 63.606316, 8.70364, 3.279833
4.4987044, 8.0932865, 34.950638, -56.956078, 0.0, 0.0, 0.0, 2
86.03956, 36.59616, 76.938614, 20.271862, 89.93071, 119.09532, 9.923641, 6.151019
0.0015694177, 0.0, 0.0, 0.0, 44.167755, 11.656705, -44.175537, 5
71.42278, 36.596905, 91.552956, 20.271275, 99.06028, 127.51731, 9.451238, 5.316447
0.0015863102, 0.0, 0.0, 0.0, -32.802746, -34.404076, 32.79318, 4
75.34848, 36.59729, 87.62604, 20.270967, 93.06143, 120.90515, 9.305903, 5.0381413
3.6592444E-4, 0.0, 0.0, 0.0, -36.394585, -27.212187, 36.393227, 3
61.314293, 36.597534, 101.65952, 20.270765, 105.08665, 132.14395, 9.180682, 4.787872
7.5162237E-4, 0.0, 0.0, 0.0, -35.568626, -28.864965, 35.566406, 3
137.4379, 36.598324, 25.53366, 20.270124, 27.72351, 31.037933, 9.110633, 3.6065807
0.0, 0.0, 0.0, 0.0, -13.947795, -16.036303, 70.0159, 4
170.66092, 36.598324, 7.6893616, 20.270124, 5.4995117, 2.1842651, 9.110633, 3.6067073
0.0, 0.0, 0.0, 0.0, 53.15088, 26.57544, -20.27367, 5
94.125595, 19.638115, 106.73964, 56.370514, 125.28147, 118.57502, 28.542591, 26.70136
0.005454576, 0.0, 0.0, 0.0, -39.753696, -20.501585, -39.74472, 3
71.78551, 19.64092, 84.48863, 56.36305, 105.26671, 96.6118, 31.304897, 30.004738
0.04800027, 0.0, 0.0, 0.0, 39.97401, 19.949379, 40.07661, -1
51.69153, 19.637314, 64.28012, 56.372643, 84.54855, 74.60669, 21.245365, 17.025784
0.0, 0.0, 0.0, 0.0, -46.28282, -28.271461, -25.445717, 3
21.588562, 19.637314, 34.177155, 56.372643, 54.707397, 43.62085, 20.592228, 14.094135
0.0, 0.0, 0.0, 0.0, -21.13618, -30.405134, 48.458683, 4
4.1675415, 19.637314, 16.756134, 56.372643, 34.490814, 24.825653, 19.950405, 11.138037
0.0, 0.0, 0.0, 0.0, -34.292526, -25.617847, 40.08963, 3
16.185913, 19.637314, 3.5973206, 56.372643, 8.736816, 3.2175293, 18.937069, 9.331753
0.0, 0.0, 0.0, 0.0, 29.051989, 13.55284, 57.395164, -1
16.3703, 18.778116, 35.202057, 56.372643, 43.351624, 40.658264, 18.327301, 7.8925886
0.0, 0.0, 0.0, 0.0, -7.9184422, -7.9028635, 84.178696, 3
35.649475, 17.65635, 8.236908, 56.372643, 4.3881836, 4.8163147, 17.836136, 6.478766
0.67711586, -50.21501, -48.997726, -0.7872636, 0.0, 0.0, 0.0, -1
134.85582, 12.7156925, 57.863846, 55.751842, 58.560623, 60.577652, 17.217802, 4.724625
6.15344, -39.512096, -5.6426363, 54.84526, 0.0, 0.0, 0.0, 0
152.02441, 15.546108, 54.22145, 50.763493, 73.08815, 137.36719, 14.076048, 6.315488
0.0018032289, 0.0, 0.0, 0.0, -41.01906, -30.487051, -28.49389, 3
128.68951, 14.932761, 30.47316, 50.762424, 49.315506, 113.61527, 14.077756, 6.315808
0.0018626654, 0.0, 0.0, 0.0, -26.027275, -53.32522, 20.647503, 4
144.93744, 11.742026, 12.147339, 50.75982, 21.237305, 37.134583, 15.449343, 4.194264
0.60167515, -38.343395, -35.55428, 26.102322, 0.0, 0.0, 0.0, -1
144.41917, 11.565948, 8.182343, 50.75944, 15.103058, 23.796387, 15.858681, 4.366875
1.525518, -37.249435, -36.775192, 25.975367, 0.0, 0.0, 0.0, 0
140.99327, 11.509214, 3.2793274, 50.758713, 6.1895447, 4.210449, 16.740217, 4.9503646
1.5544993, -36.975117, -36.997204, 26.02768, 0.0, 0.0, 0.0, 1
141.1573, 11.509698, 3.4423218, 50.75835, 4.511261, 2.8013916, 17.207714, 5.068055
1.5541394, -36.98672, -36.977585, 26.035702, 0.0, 0.0, 0.0, 0
138.32983, 11.975091, 1.2122192, 50.158558, 1.2157593, 1.675415, 16.9396, 4.4683604
0.95685935, -37.243927, -37.20471, 25.551363, 0.0, 0.0, 0.0, -1
130.22946, 12.660939, 12.279846, 49.212032, 12.437134, 13.501099, 16.391489, 3.9208906
0.0054545035, 0.0, 0.0, 0.0, 40.031395, 19.952724, -40.015884, 5
42.895935, 12.665624, 99.83566, 49.205517, 99.8822, 100.18536, 17.128622, 4.632616
0.0, 0.0, 0.0, 0.0, 50.50174, 25.25087, -24.24739, 5
15.670776, 12.665624, 158.40237, 49.205517, 158.44891, 158.75208, 17.128622, 4.632616
0.0, 0.0, 0.0, 0.0, -47.79407, -23.897036, 28.308886, 3
8.8315735, 3.654688, 18.13501, 17.606766, 8.389404, 15.515366, 6.247377, 11.60281
7.8613893E-4, 0.0, 0.0, 0.0, -28.053719, -11.747869, 60.198414, 3
12.565643, 3.6544259, 14.396362, 17.606709, 13.288849, 15.129883, 5.551654, 10.24648
7.9080486E-4, 0.0, 0.0, 0.0, 26.989136, 9.729648, 63.28122, -1
45.35315, 3.6537423, 18.403595, 17.606577, 16.113617, 17.124863, 3.9393277, 9.313736
7.9967966E-4, 0.0, 0.0, 0.0, -66.354195, -33.184338, -0.4614687, 3
43.44989, 3.6534846, 16.505066, 17.606527, 14.749741, 15.224945, 3.9397497, 9.313699
0.8950362, -40.616505, -40.74554, -18.637955, 0.0, 0.0, 0.0, -1

NONPOS KNOWLEDGE:
28.332401, 10.785378, 112.90619, 40.924065, 112.144135, 113.58481, 17.289549, 4.965227
0.04377556, 0.0, 0.0, 0.0, -41.277138, -24.000166, -34.722694, 3
12.53876, 9.205367, 95.51984, 40.933342, 94.86096, 96.740814, 17.298143, 4.9753976
0.64509404, -17.138094, -20.696068, -62.16584, 0.0, 0.0, 0.0, -1
11.318143, 9.142363, 84.49024, 40.73357, 75.12559, 55.92997, 15.018136, 9.627961
0.0, 0.0, 0.0, 0.0, -59.180122, -4.029695, 36.790188, 3
40.227203, 9.527989, 9.381226, 40.73357, 10.558685, 19.881805, 15.560005, 12.778255
0.95768464, -42.128597, -36.47234, -21.399061, 0.0, 0.0, 0.0, -1
37.714203, 9.527989, 11.894226, 40.73357, 8.045685, 17.367767, 15.560005, 12.778654
1.9575408, -41.257942, -36.867825, -21.874228, 0.0, 0.0, 0.0, 0
39.294464, 9.01379, 10.300232, 40.73357, 9.639679, 18.9599, 15.560005, 12.779363
4.6000504, -38.108654, -38.378963, -23.512384, 0.0, 0.0, 0.0, 1
53.625427, 8.342861, 3.7192383, 40.673695, 23.537384, 32.727417, 15.446897, 12.377613
8.262737, -56.4007, -38.461777, 5.1375256, 0.0, 0.0, 0.0, 0
94.348175, 5.504541, 23.055155, 31.846783, 6.9996643, 35.90326, 5.770025, 3.3738616
8.124231, -49.033306, 15.065575, 35.90112, 0.0, 0.0, 0.0, 0
165.49927, 11.389405, 11.246521, 24.328857, 163.90076, 167.26443, 2.6589363, 6.679656
6.624268, -37.0776, 36.804638, 26.117764, 0.0, 0.0, 0.0, 0
164.27074, 19.371754, 20.824768, 16.211071, 163.98138, 163.0643, 10.7261915, 14.714628
0.66911566, -33.473434, 33.600784, 32.92578, 0.0, 0.0, 0.0, -1
167.74348, 19.940323, 17.799667, 15.760939, 169.18703, 168.03506, 11.055397, 15.03813
0.001072021, 0.0, 0.0, 0.0, 36.28856, -20.916311, -42.795128, 5
147.93, 20.471228, 35.003677, 15.760405, 150.96658, 149.91095, 11.1863, 15.191941
0.0010718215, 0.0, 0.0, 0.0, 38.770622, -20.624613, -40.604763, 5
120.06283, 20.808899, 59.96631, 15.996448, 121.866394, 121.262405, 11.678523, 15.754535
9.2963746E-4, 0.0, 0.0, 0.0, 43.31906, -20.226635, -36.454308, -1
70.17569, 21.151567, 109.859436, 15.758278, 71.965126, 71.31985, 11.824589, 15.900658
0.0010792689, 0.0, 0.0, 0.0, 37.299057, -19.908716, -42.792225, 5
13.85199, 19.58492, 163.63116, 15.757213, 16.325615, 16.268456, 11.521854, 15.58285
0.001143174, 0.0, 0.0, 0.0, -51.00721, 21.128696, 27.864086, 3
27.676926, 17.90107, 146.8273, 15.756832, 31.43393, 31.747528, 10.916328, 14.989508
0.34711638, 32.51195, -33.320942, -34.167103, 0.0, 0.0, 0.0, -1
15.222244, 11.57239, 146.90521, 16.055506, 29.167717, 30.288559, 9.00485, 13.194359
0.0010668262, 0.0, 0.0, 0.0, -58.051468, 30.09571, 11.852821, 3
14.086121, 7.8879566, 88.493774, 16.279737, 87.71954, 88.13037, 3.5421896, 9.074857
0.0032133278, 0.0, 0.0, 0.0, 37.222214, 20.350954, 42.426838, -1
52.584732, 4.060817, 150.82915, 16.275331, 126.33516, 158.01436, 5.023024, 9.072205
0.0010505707, 0.0, 0.0, 0.0, -49.292686, -24.175783, 26.531532, 3
156.21185, 3.2399743, 63.293213, 16.272911, 106.50108, 72.64606, 4.1438203, 8.334283
0.719517, -41.232845, 2.9766252, 55.79053, 0.0, 0.0, 0.0, -1
149.61378, 3.2398596, 56.691437, 16.272728, 99.90021, 66.04407, 4.1436024, 8.334083
2.2639444, -32.653336, 12.058306, 55.288357, 0.0, 0.0, 0.0, 0
162.48732, 3.2408662, 62.4646, 16.272404, 105.67494, 71.81683, 4.143206, 8.333724
4.5073166, -17.332338, 28.03741, 54.630245, 0.0, 0.0, 0.0, 0
175.72984, 9.100314, 81.45099, 14.480113, 150.5588, 111.72836, 7.768412, 8.70649
0.47951806, -8.2064295, 37.524384, 54.269188, 0.0, 0.0, 0.0, -1
174.8599, 9.57865, 82.24463, 14.414772, 151.1263, 113.5141, 8.188803, 8.893669
0.0013240656, 0.0, 0.0, 0.0, -41.443092, -20.73688, -37.820026, 3
129.82661, 9.578063, 37.21254, 14.414306, 106.09357, 68.48334, 8.188201, 8.8931265
0.0013293249, 0.0, 0.0, 0.0, -31.899601, -29.75458, -38.345818, 5
116.455475, 9.522403, 23.66101, 14.413867, 92.54115, 54.932953, 8.1876135, 8.892606
0.0013567382, 0.0, 0.0, 0.0, 6.6073885, -52.479553, -40.913063, 4
101.73436, 7.7840157, 2.2501678, 14.4133835, 73.20026, 33.13954, 7.6015983, 8.293684
0.0013486063, 0.0, 0.0, 0.0, 53.936077, -15.282647, -30.781275, -1
96.87952, 6.1013722, 34.03591, 14.411966, 58.905624, 18.308376, 6.033852, 7.1616116
0.0012859831, 0.0, 0.0, 0.0, 48.20202, 22.347347, -29.450638, 5
57.320908, 4.296268, 89.24658, 14.410118, 12.166855, 72.84476, 3.8999026, 5.7854385
0.0014887304, 0.0, 0.0, 0.0, 51.189022, 31.246489, -17.564486, 5
40.346443, 4.149625, 137.99838, 14.4086895, 50.997635, 131.95576, 2.3504431, 4.891288
0.009781086, 0.0, 0.0, 0.0, -39.85888, -19.690273, 40.45085, 3
52.999336, 4.0757933, 125.89377, 14.409266, 61.07817, 120.222595, 1.5959516, 4.876875
0.028608255, 0.0, 0.0, 0.0, 39.805313, 19.782742, -40.411945, 5
40.02379, 4.0757775, 138.87074, 14.409103, 74.2325, 133.19928, 1.596098, 4.876714
0.03328302, 0.0, 0.0, 0.0, 39.713924, 19.685165, -40.60091, 5
16.739365, 6.5249033, 111.629715, 13.58951, 106.74628, 103.70938, 3.2643783, 8.501761
0.0013934253, 0.0, 0.0, 0.0, -37.881615, -19.85909, 42.259296, 3
35.734947, 6.5253644, 92.63597, 13.588992, 87.74939, 84.71472, 3.2638776, 8.501273
0.0013781065, 0.0, 0.0, 0.0, 49.866024, 11.316319, -38.817654, 5
29.14785, 5.6570454, 102.18246, 13.587933, 93.19239, 91.30796, 3.062912, 7.6504593
0.059472613, 0.0, 0.0, 0.0, -29.096457, -28.929762, 41.97378, 3
16.015121, 5.633196, 115.41307, 13.587671, 94.41911, 102.00549, 2.657663, 7.0063157
0.8975115, 0.2688964, -33.421623, -66.30948, 0.0, 0.0, 0.0, -1
29.463844, 5.6331205, 101.96931, 13.587141, 48.63764, 82.765114, 2.3563879, 6.8933783
0.881982, 0.38782412, -50.797153, -48.815025, 0.0, 0.0, 0.0, -1
46.62652, 4.919981, 90.06615, 13.586235, 12.399338, 67.21417, 2.7478998, 6.3691754
0.4236689, -48.35896, -22.080126, 29.560915, 0.0, 0.0, 0.0, -1
101.38316, 3.767108, 66.94911, 13.590761, 16.288467, 57.481674, 1.5957747, 5.1552887
0.2750046, -48.55589, 9.9095745, 41.534527, 0.0, 0.0, 0.0, -1
84.626526, 3.1085668, 84.29434, 13.340346, 18.318176, 80.823456, 1.5933386, 5.627355
1.2930827, 52.447258, 19.557983, -27.994751, 0.0, 0.0, 0.0, 2
76.25888, 3.1780756, 85.89853, 13.353683, 27.166855, 82.3745, 1.5956833, 5.65918
2.9160275, 35.097374, 38.56105, 26.341576, 0.0, 0.0, 0.0, -1
86.964066, 3.2498858, 68.703476, 13.36586, 12.872726, 65.07199, 1.5958761, 5.6725726
7.0091023, -12.857391, 37.834328, 49.30828, 0.0, 0.0, 0.0, 0
132.91008, 2.6287456, 73.603516, 13.691187, 120.74338, 80.906525, 1.8428166, 6.4651523
3.8563967, -14.455053, 34.44193, 51.103012, 0.0, 0.0, 0.0, 0
178.40677, 8.22704, 80.4158, 12.320875, 155.86362, 113.006226, 6.8730507, 7.280665
2.7125287E-5, 0.0, 0.0, 0.0, -41.29366, -20.646273, -38.060066, 3
176.99457, 8.227431, 75.817444, 12.3208475, 151.26285, 108.408966, 6.873043, 7.2805414
9.536743E-7, 0.0, 0.0, 0.0, -39.999435, -19.999718, -40.000847, 5
149.8951, 8.228377, 48.719177, 12.3208475, 124.16458, 81.3107, 6.873043, 7.2805414
4.7683713E-7, 0.0, 0.0, 0.0, -41.503662, -23.540468, -34.95587, 3
123.420166, 8.228908, 22.244781, 12.3208475, 97.690186, 54.836304, 6.873044, 7.2805424
7.1525574E-7, 0.0, 0.0, 0.0, 23.008276, -66.39831, -10.59342, 4
110.78134, 5.549105, 3.4167786, 12.3208475, 66.81543, 24.027496, 6.100016, 6.942804
9.536743E-7, 0.0, 0.0, 0.0, 85.33714, -6.628699, 8.034157, 4
109.54289, 4.73045, 10.050446, 12.3208475, 58.604095, 14.710785, 5.8634696, 6.818493
9.536743E-7, 0.0, 0.0, 0.0, 67.86505, 14.314167, 17.82079, -1
112.39853, 3.3362646, 21.100677, 12.3208475, 56.37262, 2.2962036, 4.807261, 6.687834
0.004860353, 0.0, 0.0, 0.0, -25.96176, -1.2623972, 72.77584, 3
113.50818, 3.2834618, 32.380676, 12.3208475, 57.594116, 19.527863, 3.4953132, 6.5144796
0.111058936, -59.040005, -0.862465, 40.09753, 0.0, 0.0, 0.0, -1
141.07089, 3.383932, 8.520233, 12.227561, 175.4599, 8.015686, 1.598432, 5.8048773
8.3230657E-4, 0.0, 0.0, 0.0, 19.24794, 8.639875, -72.11218, 5
47.384415, 3.4764001, 37.348343, 12.225072, 76.682495, 31.59401, 1.8885567, 6.4491186
0.0, 0.0, 0.0, 0.0, -57.16943, -28.584715, -14.245849, 3
21.479874, 4.2197247, 34.041855, 12.225072, 40.938248, 28.287521, 3.2271993, 6.4491186
0.77413476, -39.913074, -33.860695, -26.22623, 0.0, 0.0, 0.0, -1
33.227814, 4.5041466, 16.751862, 12.225072, 53.61685, 10.997528, 4.0214844, 6.4491186
3.931346, -46.581528, -37.35838, -16.0601, 0.0, 0.0, 0.0, 0
26.179062, 2.7034175, 38.019775, 10.541287, 0.96069336, 34.505676, 6.3530874, 4.7129626
2.1626213, -49.666798, -45.334877, 4.998324, 0.0, 0.0, 0.0, 0
107.40057, 1.7573457, 60.02188, 7.5603623, 30.654938, 71.1102, 3.6446078, 1.4969934
0.40453365, -46.937565, -20.166391, 32.896046, 0.0, 0.0, 0.0, -1
94.654434, 1.5956968, 44.527634, 7.566966, 16.643356, 35.825912, 4.2685432, 1.9975559
1.0744959, -42.333572, -44.687782, 12.978647, 0.0, 0.0, 0.0, 1
95.598785, 1.5955662, 43.50305, 7.5418696, 15.36969, 34.24588, 4.2563286, 1.976071
0.35727265, 43.532364, 53.916496, -2.5511305, 0.0, 0.0, 0.0, -1
92.2446, 1.6055001, 45.320374, 7.4026155, 15.641602, 31.982697, 4.2076473, 1.8690894
1.9308318, 30.092007, 48.51633, 21.391663, 0.0, 0.0, 0.0, -1
107.203094, 1.564794, 56.47821, 6.7502217, 22.652435, 57.39215, 3.543625, 1.6314982
2.8480935, 37.342953, 51.794468, 10.862568, 0.0, 0.0, 0.0, -1
25.178314, 1.6470035, 35.33969, 8.222552, 5.6103973, 19.780777, 5.81616, 3.9754567
2.2696505, 36.033226, 40.465702, 23.501072, 0.0, 0.0, 0.0, -1
23.9151, 2.4963574, 30.722458, 9.362073, 4.754898, 24.583145, 7.161599, 5.750522
1.9581944, 36.423916, 38.559566, 25.01652, 0.0, 0.0, 0.0, -1
41.777115, 4.5631156, 24.881607, 11.398262, 3.7003326, 26.368835, 9.437144, 7.947473
0.6534008, -39.33599, -44.179363, -16.484646, 0.0, 0.0, 0.0, -1
38.367218, 4.9264836, 22.190521, 11.810616, 1.7696686, 23.907104, 9.8858385, 8.32949
2.0001922, -38.72982, -41.22016, -20.050018, 0.0, 0.0, 0.0, 1
57.623047, 3.9837685, 27.80478, 10.389929, 4.747299, 32.340668, 8.210406, 6.9616265
3.7240708E-4, 0.0, 0.0, 0.0, -40.00267, -20.00069, -39.99664, 3
40.850113, 3.9837947, 11.027603, 10.389728, 12.030075, 15.564468, 8.210064, 6.961463
0.74969006, -40.585632, -39.942085, -19.472282, 0.0, 0.0, 0.0, -1
36.79245, 3.347034, 2.0404663, 9.506097, 27.618439, 3.6947021, 7.335151, 6.0963926
0.0, 0.0, 0.0, 0.0, 35.46765, 21.510782, 43.021564, -1
39.462463, 3.347034, 0.6295471, 9.506097, 24.948425, 6.3647156, 7.335151, 6.0963926
0.0, 0.0, 0.0, 0.0, 42.038506, -1.9042727, -56.057213, 5
60.034454, 3.347034, 21.201538, 9.506097, 4.3764343, 26.936707, 7.335151, 6.0963926
0.0, 0.0, 0.0, 0.0, -17.205614, -19.491825, -63.30256, 5
24.59845, 3.347034, 14.234467, 9.506097, 39.81244, 8.499298, 7.335151, 6.0963926
0.21517809, 2.5205226, -25.515759, 71.963715, 0.0, 0.0, 0.0, -1
23.865967, 3.5136, 15.45285, 9.57696, 40.60611, 9.207214, 7.323373, 6.1853404
1.8818886, -43.847702, -40.48077, -15.671528, 0.0, 0.0, 0.0, 0
24.289795, 3.4803793, 13.542725, 9.609212, 38.474045, 7.11145, 7.30921, 6.0020123
2.834726, -47.740505, -43.136566, -9.122929, 0.0, 0.0, 0.0, 0
51.898926, 2.0674615, 2.946045, 8.547951, 30.665192, 10.806946, 5.5497484, 4.3784075
2.0285425, -53.048782, -45.752167, 1.1990523, 0.0, 0.0, 0.0, 0
136.38718, 2.3157449, 3.8272247, 6.223686, 40.9563, 32.942978, 3.5652962, 2.2432082
0.09400445, 0.0, 0.0, 0.0, 38.4251, 21.885895, 39.689007, -1
134.16583, 2.2523818, 3.1665955, 6.3135605, 40.627625, 31.143433, 3.6329198, 2.3199544
0.5400033, -44.325775, -35.074825, 20.599398, 0.0, 0.0, 0.0, -1
139.13704, 2.2523818, 8.137802, 6.3135605, 35.656418, 36.11464, 3.6329198, 2.3199544
0.4800028, -44.318165, -34.852303, 20.829538, 0.0, 0.0, 0.0, -1
156.56308, 2.71707, 20.57547, 5.7937503, 29.30487, 57.999695, 3.1701636, 1.9600626
0.0, 0.0, 0.0, 0.0, 62.726955, 31.363478, 5.909568, -1
165.03601, 2.71707, 29.0484, 5.7937503, 20.83194, 66.472626, 3.1701636, 1.9600626
0.0, 0.0, 0.0, 0.0, 43.16792, 21.58396, -35.248123, 5
140.06358, 2.71707, 83.94881, 5.7937503, 34.068466, 121.37303, 3.1701636, 1.9600626
0.026459562, 0.0, 0.0, 0.0, 34.998234, 18.618143, -46.383625, 5
119.21651, 2.71707, 104.79588, 5.7937503, 54.915543, 142.22011, 3.1701636, 1.9600626
0.2171598, 51.454872, 36.078938, -12.466189, 0.0, 0.0, 0.0, -1
20.268417, 10.034665, 56.14781, 52.25413, 56.66234, 56.125748, 4.9223933, 17.43019
0.0, 0.0, 0.0, 0.0, 41.43013, 20.715065, -37.854805, 5
5.3861694, 10.034665, 81.8024, 52.25413, 82.316925, 81.780334, 4.9223933, 17.43019
0.0, 0.0, 0.0, 0.0, -45.842762, -22.921381, 31.235855, 3
9.663498, 9.117577, 67.75435, 52.25413, 68.268875, 67.732285, 4.9223933, 17.43019
0.0, 0.0, 0.0, 0.0, -38.032536, -22.971264, 38.996204, 3
16.605324, 36.71889, 166.8996, 17.525312, 128.9461, 179.64597, 6.195735, 13.717478
11.845002, 32.74816, 27.685863, -39.565975, 0.0, 0.0, 0.0, 2
13.811104, 27.824255, 175.09186, 27.821732, 123.57297, 163.13753, 5.983629, 13.749645
10.151855, 42.084023, 29.666883, -28.249094, 0.0, 0.0, 0.0, 2
18.750446, 14.593345, 166.72446, 41.80692, 127.63377, 171.6572, 9.176027, 19.003315
4.9195447, 40.356983, 29.390461, -30.252556, 0.0, 0.0, 0.0, 2
1.8367767, 9.819783, 155.57565, 46.28553, 107.4934, 144.8771, 5.244879, 14.33447
2.5358615, 36.80014, 29.398737, -33.801125, 0.0, 0.0, 0.0, 2
6.4630585, 5.7876263, 164.83783, 49.602577, 136.43405, 158.58725, 5.048129, 15.699706
0.0, 0.0, 0.0, 0.0, 35.035675, 21.155155, 43.80917, -1
64.68573, 21.718662, 163.08575, 38.430958, 94.779045, 150.6254, 15.185668, 21.385899
9.83025E-7, 0.0, 0.0, 0.0, -17.60337, -32.988724, -49.407906, 5
46.942574, 21.718664, 179.17111, 38.430958, 68.69732, 128.68137, 15.76597, 18.727001
0.0, 0.0, 0.0, 0.0, -35.936264, -28.128239, -35.93549, 3
19.296661, 21.719564, 151.52455, 38.430958, 28.17163, 76.966064, 17.527716, 11.773822
0.0, 0.0, 0.0, 0.0, -35.24218, -19.222878, -45.534946, 5
38.444046, 5.9628506, 28.736801, 22.175379, 173.42207, 178.07149, 7.4963784, 12.357254
1.6298238, -36.283978, 38.712883, -25.003138, 0.0, 0.0, 0.0, 0
43.21881, 5.109261, 27.031036, 21.173338, 171.16501, 175.08698, 8.6354265, 13.503109
0.50676817, -38.216698, 35.165363, -26.617947, 0.0, 0.0, 0.0, -1
13.677521, 14.497044, 57.589813, 54.484463, 62.01117, 57.27829, 20.196507, 5.0301895
0.0025782452, 0.0, 0.0, 0.0, 47.225307, 23.62039, 29.15431, -1
22.611162, 13.055851, 93.53322, 54.481987, 93.3719, 93.2303, 17.4162, 5.0277123
0.4803209, 1.7314317, 4.072961, -94.19561, 0.0, 0.0, 0.0, -1
26.019754, 12.540038, 96.79737, 54.481583, 96.63639, 96.49592, 17.415794, 5.027303
6.976104, 4.8725853, 27.018557, -68.10886, 0.0, 0.0, 0.0, 2
15.502454, 12.438075, 86.2328, 54.480366, 86.07274, 85.93562, 17.414577, 5.0260844
11.764763, 22.782888, 51.096684, -26.12043, 0.0, 0.0, 0.0, 2
37.58469, 5.143102, 95.32188, 54.51661, 98.0469, 115.800026, 19.090965, 6.8679705
4.871813, 29.281864, 40.536774, 30.181366, 0.0, 0.0, 0.0, -1
161.60046, 9.391338, 138.65607, 59.394382, 145.2644, 161.99677, 25.59498, 13.816557
0.15209547, 16.560354, 35.813866, 47.625782, 0.0, 0.0, 0.0, -1
98.80731, 10.519969, 82.539, 59.54402, 87.43588, 94.14404, 27.222359, 15.180049
4.1689193E-5, 0.0, 0.0, 0.0, -33.530178, -19.80782, -46.662006, 5
36.966644, 12.145539, 40.32547, 59.544296, 41.29631, 42.39444, 28.77354, 16.342134
0.0, 0.0, 0.0, 0.0, -42.62545, -23.948847, -33.425705, 3
15.9687195, 12.860357, 23.63263, 59.544296, 23.598251, 23.683777, 29.238192, 16.710093
0.0, 0.0, 0.0, 0.0, -31.213757, -22.261118, -46.525124, 5
1.2142334, 13.541929, 12.179077, 59.544296, 11.146515, 10.260773, 29.738241, 17.117489
0.53998524, -33.617878, -33.753483, -32.62864, 0.0, 0.0, 0.0, -1
7.6019897, 13.933795, 4.2073364, 59.544296, 2.7139587, 1.4290466, 29.986774, 17.313906
4.5224977, -34.023216, -34.124496, -31.852283, 0.0, 0.0, 0.0, 1
12.024414, 12.778162, 6.7247925, 55.341743, 3.2454834, 1.0697021, 27.634949, 14.775795
8.828368, -38.394035, -36.223335, -25.38263, 0.0, 0.0, 0.0, 0
29.29898, 8.838951, 5.3920593, 47.10263, 0.5059204, 13.654114, 21.785322, 9.064978
12.767999, -63.391518, -36.58913, -0.019352168, 0.0, 0.0, 0.0, 0
153.89049, 16.702358, 14.028259, 22.104536, 148.79892, 156.34761, 8.032867, 12.712878
11.747321, -38.668503, 30.035818, 31.295681, 0.0, 0.0, 0.0, 0
168.51114, 20.748985, 5.678055, 17.896017, 168.15425, 169.65453, 12.019662, 16.301664
5.012654E-4, 0.0, 0.0, 0.0, 48.364044, -18.638288, -32.997665, -1
159.67088, 19.850767, 30.924332, 17.89577, 159.4739, 157.70322, 11.412924, 15.43595
5.2634155E-4, 0.0, 0.0, 0.0, 47.454723, -19.666245, -32.879032, -1
113.577194, 13.7523155, 93.9783, 17.895075, 110.47217, 104.3464, 9.113061, 13.250618
6.123616E-4, 0.0, 0.0, 0.0, 50.781174, -13.102545, -36.11629, -1
77.05844, 9.6592, 142.30319, 17.894688, 67.306725, 67.28075, 8.271399, 12.747833
5.836224E-4, 0.0, 0.0, 0.0, 53.57754, -9.839666, -36.582787, -1
77.3577, 9.306537, 149.01942, 17.8945, 64.037636, 73.437836, 7.7419457, 12.291991
4.618E-4, 0.0, 0.0, 0.0, 35.35868, -17.732618, -46.9087, 5
51.194, 8.46632, 163.49791, 17.894207, 36.668312, 49.76588, 6.687818, 11.043687
4.998665E-4, 0.0, 0.0, 0.0, -56.142307, -12.75951, -31.098185, 3
1.5654602, 42.138016, 148.37195, 11.442781, 44.66907, 56.169724, 7.2564874, 34.190197
7.2862988, 42.804546, -12.705181, -44.490276, 0.0, 0.0, 0.0, 2
9.367691, 32.134796, 168.31229, 21.43852, 42.198685, 67.36374, 2.3225138, 26.13662
1.1879867, 39.130722, -19.296597, -41.57268, 0.0, 0.0, 0.0, 2
9.060799, 31.845194, 168.07635, 21.726507, 18.27491, 64.59477, 2.8698974, 25.39551
0.89977986, 34.443344, -28.198406, -37.358253, 0.0, 0.0, 0.0, -1
5.6287613, 31.78642, 153.46803, 21.780172, 9.717339, 43.46895, 5.3871756, 24.291338
1.3770151, 34.011227, -29.892582, -36.09619, 0.0, 0.0, 0.0, 2
0.5845337, 30.94869, 159.49088, 22.547443, 0.3056183, 46.629303, 5.930686, 23.280272
0.5399351, 34.451668, -30.108742, -35.43959, 0.0, 0.0, 0.0, -1
3.8159714, 29.283682, 164.19604, 23.066544, 12.760963, 36.92691, 9.686079, 21.913326
0.0, 0.0, 0.0, 0.0, 18.772541, 14.508661, 66.718796, -1
3.0254135, 28.051697, 163.40564, 23.066544, 15.092499, 28.161598, 10.886717, 21.714928
0.0, 0.0, 0.0, 0.0, -16.61789, 19.142778, 64.239334, 3
21.935432, 26.912996, 177.68558, 23.066544, 35.78633, 39.29429, 10.635126, 21.574995
0.59956354, 45.0245, -21.640211, -33.335285, 0.0, 0.0, 0.0, -1
28.666496, 26.317032, 170.95505, 23.066544, 43.378403, 43.070908, 10.326984, 21.482952
6.9265437, 53.408634, -12.517139, -34.074226, 0.0, 0.0, 0.0, 2
66.79828, 14.616418, 167.7439, 33.566643, 139.10638, 82.66101, 10.21852, 11.3105955
10.586287, 60.83549, 34.347427, -4.817075, 0.0, 0.0, 0.0, 2
78.46656, 13.269379, 175.82025, 38.196487, 148.04883, 100.525795, 14.308347, 11.319293
4.9599705, 58.27194, 38.251842, 3.4762197, 0.0, 0.0, 0.0, -1
97.06198, 13.299996, 172.42865, 45.1208, 149.92206, 118.32222, 21.019684, 13.98836
0.38695174, 57.345264, 37.54223, 5.112503, 0.0, 0.0, 0.0, -1
96.14204, 13.3358555, 169.9368, 45.501694, 148.52835, 117.15594, 21.558533, 14.160193
2.3853494E-7, 0.0, 0.0, 0.0, -41.242702, -20.171883, -38.585415, 3
52.151764, 12.687299, 124.21629, 45.50169, 104.050674, 72.065094, 21.786081, 14.032152
0.0, 0.0, 0.0, 0.0, -39.99996, -19.999237, -40.0008, 5
17.773605, 37.567875, 175.03207, 15.9512825, 41.162754, 64.85344, 22.931152, 14.8534155
0.0012459181, 0.0, 0.0, 0.0, -14.253876, -28.302187, 57.44394, 4
16.4291, 37.568462, 173.6884, 15.951072, 36.75199, 57.8782, 23.70345, 14.966797
0.0012126075, 0.0, 0.0, 0.0, -39.020138, 6.39731, 54.582554, 3
43.352913, 37.572056, 159.3826, 15.949691, 49.656914, 58.545746, 29.222187, 17.819515
0.64035213, 41.711292, -26.01064, -32.27807, 0.0, 0.0, 0.0, -1
48.712067, 37.572617, 154.02261, 15.949475, 54.07534, 62.006645, 29.755762, 18.23101
6.657867, 43.816135, -25.159893, -31.023975, 0.0, 0.0, 0.0, 2
58.75318, 33.349632, 169.47864, 21.767895, 62.447006, 59.85996, 28.580904, 16.90865
3.0796368, 76.0816, 0.866909, -23.051497, 0.0, 0.0, 0.0, 2
77.93536, 28.099089, 166.55717, 34.04504, 84.669205, 114.06575, 24.234993, 17.210854
1.6045593, 72.524315, 6.79496, -20.680727, 0.0, 0.0, 0.0, 2
65.38202, 27.869074, 178.68842, 34.991135, 72.46985, 102.525764, 24.117971, 17.582968
0.8359616, 72.41525, 4.776361, -22.808384, 0.0, 0.0, 0.0, -1
67.754944, 27.602861, 179.33322, 35.826008, 75.161606, 105.81988, 23.953451, 17.855734
0.0018194857, 0.0, 0.0, 0.0, -36.997215, 21.001083, 42.001705, 3
82.75754, 27.604177, 165.66307, 35.82544, 90.16537, 120.82226, 23.954208, 17.856182
0.0015594941, 0.0, 0.0, 0.0, 39.994926, -20.000834, -40.004242, 5
60.631824, 27.606392, 172.21329, 35.824684, 68.04222, 98.69701, 23.955385, 17.85695
0.5944753, 72.0603, 2.8743844, -25.065317, 0.0, 0.0, 0.0, -1
72.20601, 27.606945, 176.21214, 35.82457, 79.61711, 110.27141, 23.955677, 17.857178
3.4147735, 71.31811, 8.4644985, -20.217394, 0.0, 0.0, 0.0, 2
85.2327, 27.608192, 163.1843, 35.824055, 92.645065, 123.29808, 23.956377, 17.857601
7.3139853, 70.69254, 14.849522, -14.457931, 0.0, 0.0, 0.0, 2
80.926796, 27.608702, 167.4896, 35.8239, 88.33982, 118.992424, 23.956608, 17.857748
9.002346, 70.69266, 18.08521, -11.222129, 0.0, 0.0, 0.0, 2
63.9021, 27.398592, 174.3213, 36.419144, 71.54601, 102.61878, 23.821032, 18.038729
5.7176437, 69.88804, 20.777617, -9.334347, 0.0, 0.0, 0.0, 2
79.4245, 25.767628, 166.18057, 47.41162, 90.05626, 120.35867, 23.975151, 23.926142
3.7670135E-5, 0.0, 0.0, 0.0, -39.997955, -19.998951, -40.003094, 5
42.52874, 25.768389, 129.2903, 47.411766, 53.166504, 83.46855, 23.975443, 23.926434
0.0, 0.0, 0.0, 0.0, -62.73114, -31.284914, -5.983948, 3
64.91376, 25.097406, 22.735596, 47.411766, 53.4336, -23.086151, 23.902882, 23.926434
0.0, 0.0, 0.0, 0.0, 45.961132, 23.001642, -31.037224, 5
19.984526, 24.702137, 68.2316, 47.411766, 8.391881, 22.581848, 23.30123, 23.624786
0.0, 0.0, 0.0, 0.0, 56.6715, 28.33593, 14.992573, -1
1.9445972, 24.702063, 90.1616, 47.411766, 13.539717, 44.512398, 23.300777, 23.624819
0.0, 0.0, 0.0, 0.0, 40.0, 20.0, 40.0, -1
31.011595, 24.702063, 119.22859, 47.411766, 42.606712, 73.57939, 23.300777, 23.624819
0.5848588, -1.5923007, -45.753838, -52.653862, 0.0, 0.0, 0.0, -1
31.925596, 24.702063, 120.14259, 47.411766, 43.520714, 74.49339, 23.300777, 23.624819
5.7691283, 14.6395235, -34.968433, -50.392036, 0.0, 0.0, 0.0, 2
29.096598, 24.702063, 117.3136, 47.411766, 40.69172, 71.6644, 23.300777, 23.624819
8.004684, 21.040972, -29.936382, -49.022644, 0.0, 0.0, 0.0, 2
5.8508205, 24.11721, 94.781204, 47.39432, 17.74202, 49.397533, 22.727577, 23.195498
8.39761, 51.820435, -5.250429, -42.92914, 0.0, 0.0, 0.0, 2
57.62837, 15.9858, 144.00049, 51.03109, 75.35208, 111.90799, 15.906205, 20.883917
3.0512228, 61.24742, 22.895247, -15.857333, 0.0, 0.0, 0.0, 2
85.29675, 14.539067, 161.03723, 54.156986, 103.64941, 135.2911, 15.586144, 22.68255
0.7681228, 63.380188, 32.148327, -4.4714913, 0.0, 0.0, 0.0, -1
104.28926, 14.486372, 177.27495, 54.880623, 122.33882, 152.60936, 15.775276, 23.227728
1.3486991E-6, 0.0, 0.0, 0.0, -40.000053, -19.99981, -40.000137, 5
93.94924, 14.4874, 166.93503, 54.880627, 112.00445, 142.26996, 15.775593, 23.227972
0.0, 0.0, 0.0, 0.0, -40.000015, -19.999977, -40.000004, 3
75.91133, 14.487627, 148.89711, 54.880627, 93.96828, 124.23213, 15.775693, 23.228018
0.0, 0.0, 0.0, 0.0, -40.00002, -20.000008, -39.99997, 3
-3.4042091, 14.487669, 69.58142, 54.880627, 14.652798, 44.91644, 15.775706, 23.228018
0.0, 0.0, 0.0, 0.0, 37.907322, 21.45616, 40.636517, -1
43.550728, 13.634928, 29.919815, 54.880627, -25.008804, 5.254837, 15.775706, 23.228018
0.0, 0.0, 0.0, 0.0, 45.6313, 23.896294, -30.47241, 5
9.236145, 12.174, 81.8533, 54.880627, 24.360413, 57.188324, 13.401118, 23.228018
0.0, 0.0, 0.0, 0.0, -42.528534, -17.752914, -39.71855, 3
5.750572, 11.662602, 78.0053, 54.880627, 22.051079, 54.036522, 13.362568, 23.025227
0.0, 0.0, 0.0, 0.0, 37.42507, 21.761591, 40.813343, -1
8.4123535, 11.560278, 80.60437, 54.880627, 26.190125, 57.394775, 13.271531, 22.816381
0.0, 0.0, 0.0, 0.0, -41.273376, -19.723536, -39.003086, 3
-1.3182945, 12.038852, 69.88437, 54.880627, 18.783543, 48.941166, 13.169722, 22.32237
0.0, 0.0, 0.0, 0.0, -40.151814, -20.026596, -39.821587, 3
-96.277664, 12.817767, -26.92421, 54.880627, -76.49031, -47.40593, 13.910819, 22.56319
0.0, 0.0, 0.0, 0.0, -40.002144, -20.001072, -39.996784, 3
-108.58887, 12.816289, -39.236206, 54.880627, -88.79645, -59.717926, 13.911286, 22.56319
0.0, 0.0, 0.0, 0.0, 39.999866, 19.999933, 40.000202, -1
-92.39969, 12.815806, -23.04721, 54.880627, -72.60553, -43.52893, 13.91144, 22.56319
0.0, 0.0, 0.0, 0.0, 39.99983, 19.999914, 40.00026, -1
-95.422195, 12.814712, -26.070541, 54.880627, -75.62581, -46.55226, 13.911682, 22.56319
0.0, 0.0, 0.0, 0.0, 39.9999, 19.99995, 40.000153, -1
37.261017, 12.814233, 106.612335, 54.880627, 57.057068, 86.130615, 13.911682, 22.56319
0.0, 0.0, 0.0, 0.0, 39.430386, 20.189442, 40.38017, -1
80.10957, 12.812675, 149.46013, 54.880627, 99.90486, 128.97841, 13.911682, 22.56319
0.1799971, 58.12756, 20.855768, -21.01667, 0.0, 0.0, 0.0, -1
113.27871, 12.812171, 177.371, 54.880627, 133.07373, 162.14728, 13.911682, 22.56319
1.1379064, 56.309883, 15.899603, -27.790514, 0.0, 0.0, 0.0, 2
75.50603, 12.811691, 144.856, 54.880627, 95.300735, 124.37428, 13.911682, 22.56319
1.3327798, 56.33728, 16.18713, -27.47559, 0.0, 0.0, 0.0, 2
70.326035, 12.388734, 135.69243, 55.693897, 90.00401, 116.954636, 13.871857, 23.062284
0.23913093, 56.916748, 18.7534, -24.329853, 0.0, 0.0, 0.0, -1
74.66052, 12.310172, 139.14719, 55.86588, 94.27762, 120.76614, 13.874079, 23.17211
0.0014992877, 0.0, 0.0, 0.0, -39.998447, -20.0012, -40.00035, 5
61.92288, 12.310429, 126.40988, 55.865868, 81.5397, 108.02844, 13.874274, 23.172188
0.0015183501, 0.0, 0.0, 0.0, -39.99905, -20.00164, -39.99931, 5
92.360565, 12.310722, 156.84775, 55.865902, 111.97708, 138.46591, 13.874517, 23.17232
0.0014892924, 0.0, 0.0, 0.0, -39.999847, -20.000868, -39.999283, 3
56.97059, 12.311258, 121.457924, 55.865986, 76.586464, 103.07545, 13.874969, 23.172575
0.0016662866, 0.0, 0.0, 0.0, -39.99983, -20.001738, -39.998432, 3
44.33176, 12.311024, 108.81888, 55.86602, 63.946293, 90.43558, 13.87545, 23.172812
0.0018941147, 0.0, 0.0, 0.0, -39.99964, -20.001417, -39.998943, 3
7.321541, 12.312279, 71.8079, 55.866478, 26.931831, 53.421608, 13.87755, 23.174038
2.5360465, -17.457819, -37.086002, -45.456177, 0.0, 0.0, 0.0, 2
0.7765579, 10.317102, 67.19663, 55.386143, 22.66407, 49.647896, 12.910185, 22.442577
1.5548719, -14.831066, -37.118885, -48.05005, 0.0, 0.0, 0.0, 2
4.8344774, 9.418392, 71.85697, 55.07392, 28.231388, 56.75446, 12.098819, 21.342798
0.65940905, -11.18457, -36.442856, -52.372574, 0.0, 0.0, 0.0, -1
-4.783596, 7.80804, 60.044193, 54.94828, 17.114048, 49.482426, 9.832103, 19.943842
0.0, 0.0, 0.0, 0.0, -40.628178, -21.05408, -38.317745, 3
18.312225, 12.665624, 124.41937, 49.205517, 124.46591, 124.76907, 17.128622, 4.632616
0.0, 0.0, 0.0, 0.0, -8.476055, -62.729, 28.794939, 4
45.039192, 11.482381, 96.93437, 49.205517, 94.204605, 63.98137, 15.796814, 2.7691467
0.0, 0.0, 0.0, 0.0, 37.98707, -25.681261, -36.331673, -1
23.947544, 11.421434, 117.97838, 49.205517, 112.18196, 53.79597, 14.580296, 2.6759756
0.0, 0.0, 0.0, 0.0, -5.3790765, -64.68893, -29.93199, 4
19.181515, 11.421378, 122.74237, 49.205517, 110.29947, 22.707653, 12.609876, 3.9018822
0.0, 0.0, 0.0, 0.0, 65.50755, -8.947352, -25.545097, -1
14.358456, 11.421392, 127.56438, 49.205517, 112.8344, 21.39996, 12.0828285, 4.451543
0.0, 0.0, 0.0, 0.0, 92.58569, 4.9167986, 2.4975045, -1
13.258236, 10.9163685, 130.16338, 49.205517, 112.98067, 19.052254, 11.5651655, 5.037453
0.0, 0.0, 0.0, 0.0, 67.777725, 26.285965, -5.936321, 5
16.320393, 10.076493, 129.75937, 49.205517, 110.3259, 14.157246, 10.999244, 5.340906
0.0, 0.0, 0.0, 0.0, 57.964714, 40.407604, 1.6276836, -1
20.362442, 4.1160307, 157.30637, 49.205517, 155.77399, 100.42216, 13.128614, 3.3669791
0.0, 0.0, 0.0, 0.0, -39.069, 21.862635, 39.068367, 3
30.30526, 4.116199, 147.36337, 49.205517, 145.8234, 114.78253, 13.129768, 2.9389176
0.0, 0.0, 0.0, 0.0, 46.709114, 23.202059, -30.088823, 5
20.41584, 4.116263, 157.25262, 49.205517, 155.70673, 150.03476, 13.130671, 2.378572
0.0, 0.0, 0.0, 0.0, 52.55265, -25.664919, 21.782429, 4
14.082687, 3.6723049, 172.91411, 49.205517, 170.61977, 145.97725, 13.599326, 2.1396325
0.0, 0.0, 0.0, 0.0, -42.51042, -26.459175, -31.030405, 3
29.010326, 5.146363, 134.8786, 49.205517, 125.51118, 88.78984, 16.09427, 4.6184382
0.0, 0.0, 0.0, 0.0, -58.211445, -28.19078, -13.597772, 3
8.190113, 7.231909, 75.513626, 49.205517, 63.709217, 32.567127, 18.73752, 7.334304
0.0, 0.0, 0.0, 0.0, -59.90839, -2.8237028, 37.267906, 3
17.297089, 8.877634, 36.288055, 49.205517, 24.750061, 1.9942932, 20.47622, 8.935033
0.0, 0.0, 0.0, 0.0, -36.27055, 21.230675, 42.498775, 3
36.720886, 9.2004175, 14.3697815, 49.205517, 3.2289429, 21.019653, 21.526896, 9.914775
0.0, 0.0, 0.0, 0.0, 2.1418684, 36.228363, 61.629765, -1
44.359283, 9.702112, 6.866455, 49.205517, 4.2099304, 27.870544, 21.870914, 10.222705
0.0, 0.0, 0.0, 0.0, 29.852236, 27.685637, 42.462128, -1
48.437347, 10.048068, 1.3619995, 49.205517, 9.712524, 32.87915, 22.214441, 10.554162
0.23998366, -52.03553, -36.55679, -11.407681, 0.0, 0.0, 0.0, -1
51.16751, 10.384337, 3.102539, 49.205517, 14.12442, 36.77362, 22.5584, 10.873347
3.9534204, -52.647774, -35.636147, -11.716079, 0.0, 0.0, 0.0, 0
80.41583, 10.785717, 19.44168, 44.759064, 34.562286, 68.22266, 20.71476, 10.4924755
0.0049706916, 0.0, 0.0, 0.0, -22.449808, -25.099083, -52.45111, 5
68.73117, 11.091352, 8.173492, 44.75847, 23.046814, 55.721527, 21.04685, 10.744431
0.42294943, -42.557266, -36.100723, -21.342009, 0.0, 0.0, 0.0, -1
56.6503, 11.355537, 1.8155823, 44.757984, 12.870331, 44.640198, 21.366463, 11.019473
8.154553, -56.620537, -34.41809, -8.961368, 0.0, 0.0, 0.0, 0
72.093994, 11.395539, 9.930603, 42.687214, 35.72577, 58.528503, 16.491465, 11.0784025
14.129921, -69.02107, -15.878667, 15.100272, 0.0, 0.0, 0.0, 0
137.6271, 17.583637, 13.717407, 17.895794, 128.19705, 142.83401, 10.677277, 16.505405
7.9892936, -36.056183, 32.44847, 31.49535, 0.0, 0.0, 0.0, 0
140.73322, 21.085815, 27.958923, 12.248907, 138.96532, 146.26993, 14.345579, 21.098433
3.4262936, -34.29423, 33.56319, 32.14258, 0.0, 0.0, 0.0, 0
149.31552, 23.427282, 34.22354, 9.337278, 149.85669, 154.15251, 16.732775, 24.042553
2.3841856E-7, 0.0, 0.0, 0.0, 38.247528, -20.2197, -41.53277, 5
104.57674, 20.565582, 75.43161, 9.337276, 108.036194, 111.03038, 13.691077, 19.776367
0.0, 0.0, 0.0, 0.0, 39.18723, -19.332434, -41.48034, 5
40.452038, 18.068123, 136.61064, 9.337276, 42.162693, 50.429035, 11.342992, 17.604982
0.0, 0.0, 0.0, 0.0, 42.462837, -21.110298, -36.426865, -1
29.046356, 17.557463, 147.02902, 9.337276, 31.383911, 39.08255, 11.005438, 16.883022
0.0, 0.0, 0.0, 0.0, 55.866146, -32.38971, -11.744148, 4
14.722321, 14.827711, 175.00113, 9.337276, 9.395767, 1.1383514, 9.321206, 14.000224
0.659917, 33.99315, -33.842693, -32.164158, 0.0, 0.0, 0.0, -1
11.800667, 13.987449, 179.85739, 9.337276, 5.2087784, 5.9881516, 8.986307, 13.508642
1.8565675, 34.84572, -34.25727, -30.897009, 0.0, 0.0, 0.0, 1
22.662586, 8.358189, 173.75343, 10.887904, 12.179955, 13.723587, 6.7387114, 5.643784
1.8442651, 35.003708, -34.006256, -30.990038, 0.0, 0.0, 0.0, 1
28.201832, 7.3515015, 175.29985, 11.066852, 15.968422, 8.810631, 6.3015833, 4.291618
3.248828, 36.133255, -30.910053, -32.956688, 0.0, 0.0, 0.0, 2
29.804932, 6.4514604, 172.55884, 11.066852, 15.219284, 7.2206497, 6.008104, 3.4793696
3.0826888, 38.217255, -31.544823, -30.237919, 0.0, 0.0, 0.0, 1
38.92857, 4.538194, 167.23029, 12.1761055, 15.748421, 17.30349, 4.320689, 2.0290346
2.3238206, 42.22686, -21.893652, -35.87949, 0.0, 0.0, 0.0, 2
77.07988, 2.813916, 166.07631, 13.94317, 3.5272293, 97.177734, 1.6093413, 1.606413
2.683095, 59.278618, 34.34284, -6.378542, 0.0, 0.0, 0.0, 2
73.48742, 2.097564, 146.57321, 14.012712, 18.893066, 119.604546, 1.6401472, 1.7421058
2.295382, 62.822636, 28.737778, 8.439591, 0.0, 0.0, 0.0, -1
165.05295, 2.4819105, 175.47519, 15.883481, 83.45771, 116.79641, 1.6256342, 3.9515235
0.836734, 47.329067, 28.2414, 24.429537, 0.0, 0.0, 0.0, -1
140.23369, 2.4832404, 167.7519, 15.88313, 100.97194, 133.56487, 1.8511107, 3.9513633
1.6357375, 45.132122, 31.355555, 23.512325, 0.0, 0.0, 0.0, -1
141.5864, 3.0652046, 173.0607, 16.698414, 155.40811, 139.01682, 3.4789093, 5.3233256
0.47865272, 41.751762, 33.90085, 24.34739, 0.0, 0.0, 0.0, -1
175.72528, 3.5405495, 157.94748, 17.536297, 148.73193, 119.62597, 4.860907, 6.049106
8.0043677E-4, 0.0, 0.0, 0.0, -49.83731, -8.741105, -41.421585, 3
171.48405, 3.5405798, 145.1636, 17.536274, 142.82362, 119.29671, 5.331137, 6.774912
7.802583E-4, 0.0, 0.0, 0.0, -42.20436, -15.554307, -42.241333, 5
107.49774, 3.5415678, 81.237854, 17.536188, 91.707825, 82.04874, 6.814943, 11.393508
7.80911E-4, 0.0, 0.0, 0.0, -33.70143, -18.633448, -47.66512, 5
33.13748, 3.5411556, 6.8999023, 17.5361, 17.363617, 9.89592, 6.8160586, 12.22622
0.100463174, 31.063805, 36.46745, 32.46875, 0.0, 0.0, 0.0, -1

SIGNAL KNOWLEDGE:
157.69455, 8.8351555, 53.736893, 41.1787, 67.43417, 56.92697, 18.152687, 4.028483,implicit, 1
119.49819, 10.774596, 155.88297, 40.917072, 178.65271, 168.52142, 14.265372, 5.9809036,implicit, 1
35.95005, 21.152096, 144.08736, 15.757751, 37.74018, 37.094498, 11.825128, 15.901193,explicit:callForPass, 0
111.598724, 13.205431, 113.83243, 16.282726, 113.03348, 124.43207, 3.5452054, 7.0413423,implicit, 1
149.61378, 3.2398596, 56.691437, 16.272728, 99.90021, 66.04407, 4.1436024, 8.334083,implicit, 0
129.82661, 9.578063, 37.21254, 14.414306, 106.09357, 68.48334, 8.188201, 8.8931265,explicit:callForPass, 0
40.02379, 4.0757775, 138.87074, 14.409103, 74.2325, 133.19928, 1.596098, 4.876714,implicit, 0
4.7627945, 4.0528474, 173.1769, 14.433488, 113.522, 167.13274, 1.5956831, 4.906312,implicit, 0
17.86229, 3.9358945, 161.43787, 14.432186, 132.78735, 158.22827, 2.2143912, 6.2202706,implicit, 1
159.86166, 6.479427, 34.068436, 13.808914, 39.978638, 42.04843, 3.4914615, 8.73411,implicit, 1
80.91458, 3.0399187, 64.72661, 13.616037, 20.499893, 60.942978, 1.607485, 6.1315064,implicit, 0
23.925446, 3.347034, 14.907471, 9.506097, 40.485443, 9.172302, 7.335151, 6.0963926,explicit:callForPass, 0
73.22778, 2.0227525, 1.4403687, 7.8276386, 32.21045, 16.847137, 4.747519, 3.7796667,explicit:callForPass, 0
42.425156, 2.0467572, 150.93896, 5.909332, 102.875336, 173.3822, 3.1601303, 1.7462044,explicit:callForPass, 0
142.54053, 16.849628, 141.44275, 52.25413, 148.50284, 136.87128, 6.4460707, 21.21744,implicit, 1
17.63118, 8.602549, 60.471207, 52.25413, 60.985733, 60.449142, 4.9223933, 17.43019,implicit, 0
143.13235, 15.12542, 4.604492, 25.343134, 16.008057, 14.780762, 5.3404, 2.80589,implicit, 1
19.061981, 5.7898026, 177.45645, 49.602577, 137.52866, 170.5812, 3.5574632, 12.098214,implicit, 0
11.437668, 21.719564, 143.66556, 38.430958, 20.315094, 64.40854, 17.526962, 11.176385,implicit, 0
8.134659, 21.719593, 140.36255, 38.430958, 17.013283, 60.99456, 17.526598, 11.163881,explicit:callForPass, 0
26.227814, 5.109261, 10.040039, 21.173338, 154.17743, 158.09598, 8.634723, 13.503109,implicit, 1
29.850128, 6.3032002, 17.712341, 20.672646, 162.86603, 159.27939, 8.994668, 13.662255,implicit, 0
134.01448, 15.7591715, 75.892654, 54.493362, 55.946976, 106.57472, 48.14299, 14.895852,implicit, 1
15.502454, 12.438075, 86.2328, 54.480366, 86.07274, 85.93562, 17.414577, 5.0260844,implicit, 0
144.82747, 19.114004, 50.69925, 17.895575, 144.3842, 141.0857, 10.873625, 14.949493,implicit, 0
-9.810001, 6.236315, 91.83847, 17.893528, 38.354637, 7.68713, 6.1326747, 7.165843,implicit, 0
10.240265, 35.809032, 46.334625, 64.78913, 34.847244, 19.734222, 18.646881, 8.389443,implicit, 1
11.609894, 10.432058, 83.39395, 45.28423, 83.94383, 73.88849, 17.478697, 5.439846,implicit, 1
107.14119, 7.101096, 12.162323, 26.833557, 4.103119, 12.027924, 3.4536786, 8.919343,implicit, 1
85.356415, 14.413533, 94.15286, 54.904575, 76.092285, 140.86153, 17.983217, 35.52772,implicit, 1
165.09052, 14.333224, 29.119354, 39.44166, 68.09683, 28.435791, 5.3840547, 5.0059123,implicit, 1
133.10254, 8.000127, 5.731537, 20.983015, 9.69928, 76.567825, 2.8565938, 2.8860998,implicit, 1
111.030365, 5.9519672, 18.54248, 20.983015, 16.427094, 18.506622, 3.1231446, 9.014674,implicit, 1
145.82503, 12.572592, 31.277115, 13.484238, 118.49199, 43.342377, 11.337916, 3.7362447,implicit, 1
21.770037, 25.768389, 108.5316, 47.411766, 32.407806, 62.70985, 23.975443, 23.926434,implicit, 0
64.91376, 25.097406, 22.735596, 47.411766, 53.4336, -23.086151, 23.902882, 23.926434,explicit:callForPass, 0
104.28926, 14.486372, 177.27495, 54.880623, 122.33882, 152.60936, 15.775276, 23.227728,explicit:callForPass, 0
-27.06408, 12.67463, 42.635475, 54.880627, -7.193138, 21.990822, 13.706822, 22.388985,explicit:callForPass, 0
51.26834, 12.310847, 115.755066, 55.866062, 70.88202, 97.3714, 13.875683, 23.172941,implicit, 0
-17.219246, 7.6715794, 45.731194, 54.94828, 8.176476, 34.032677, 10.017228, 20.878435,explicit:callForPass, 0
51.69153, 19.637314, 64.28012, 56.372643, 84.54855, 74.60669, 21.245365, 17.025784,implicit, 1
84.997406, 12.665624, 57.73419, 49.205517, 57.78659, 58.10446, 17.126915, 4.631118,implicit, 1
14.358456, 11.421392, 127.56438, 49.205517, 112.8344, 21.39996, 12.0828285, 4.451543,explicit:callForPass, 0
5.669441, 15.576225, 177.15675, 9.337276, 0.8680496, 10.114227, 9.672409, 14.234678,implicit, 0

SHOOT KNOWLEDGE:
117.25059, 13.028861, 27.118774, 12.353924, 121.792046, 136.43274, 3.660457, 9.128372
162.4315, 5.1908793, 14.424316, 8.491141, 154.2606, 13.137024, 11.011778, 3.5670156
98.08086, 12.572082, 16.485199, 13.482123, 70.74646, 18.206696, 11.336288, 3.4805362
159.14307, 36.598324, 37.885376, 20.270124, 35.695526, 32.38028, 9.110633, 3.6067073

