POS KNOWLEDGE:
51.607086, 5.3935843, 23.379425, 64.19745, 52.697357, 61.669647, 73.82596, 61.77692
1.520146E-4, 0.0, 0.0, 0.0, 0.0, 0.0, 0.0, -1
52.219086, 5.393449, 23.990433, 64.197296, 52.789444, 62.048904, 69.524574, 57.44021
0.0, 0.0, 0.0, 0.0, -39.658485, -20.683031, -39.658485, 3
50.93109, 5.393449, 22.702438, 64.197296, 51.29828, 60.66835, 67.97558, 55.87541
0.0, 0.0, 0.0, 0.0, -29.977427, -23.801598, -46.220974, 5
25.57608, 5.393449, 2.6525726, 64.197296, 24.822418, 34.783722, 60.541134, 48.345535
0.0, 0.0, 0.0, 0.0, 39.582516, -20.83497, -39.582516, -1
39.338074, 5.393449, 11.109421, 64.197296, 38.068176, 48.29193, 57.648674, 45.4084
0.0, 0.0, 0.0, 0.0, 18.20074, -27.707096, -54.092163, 5
26.176086, 5.393449, 2.0525665, 64.197296, 24.315186, 34.831482, 54.66547, 42.381676
0.0, 0.0, 0.0, 0.0, 39.638943, -20.722113, -39.638943, -1
2.1040802, 5.393449, 26.124573, 64.197296, 1.1058502, 10.039078, 48.909676, 36.51047
0.0, 0.0, 0.0, 0.0, -25.033028, 24.049929, 50.917046, 3
10.17308, 5.393449, 18.055573, 64.197296, 6.134201, 17.636902, 45.95116, 33.481285
0.0, 0.0, 0.0, 0.0, 7.1992474, 30.10934, 62.691414, -1
8.671082, 5.393449, 19.557571, 64.197296, 4.191086, 15.876038, 44.520393, 32.02047
0.0, 0.0, 0.0, 0.0, -6.4782324, 29.877544, 63.644226, 3
17.82808, 5.393449, 10.400574, 64.197296, 12.377609, 24.43782, 41.673615, 29.108732
0.8338773, -40.21991, -33.970867, -25.809229, 0.0, 0.0, 0.0, -1
27.996033, 4.707335, 5.5688934, 63.3655, 14.552383, 28.287766, 33.816887, 21.085205
0.001308005, 0.0, 0.0, 0.0, 62.276405, 6.757649, -30.965942, 5
1.268753, 4.7057366, 32.288254, 63.364594, 17.365524, 3.4736023, 26.892666, 13.787864
1.7738343E-5, 0.0, 0.0, 0.0, -54.560436, -7.745944, 37.69362, 3
23.265152, 4.7056623, 10.291336, 63.36456, 6.442398, 1.2873383, 19.115253, 6.0906005
0.0, 0.0, 0.0, 0.0, 42.537697, 31.578955, -25.88335, 5
18.699158, 4.7056623, 14.85733, 63.36456, 12.303101, 10.068207, 18.530182, 5.5093193
0.83977365, -35.4895, -35.30244, -29.208057, 0.0, 0.0, 0.0, -1
55.979748, 4.450983, 30.220337, 62.255814, 30.258545, 32.543484, 16.991995, 4.4819207
1.9220417, -48.456924, -44.8634, 6.679683, 0.0, 0.0, 0.0, 0
152.23083, 3.9300523, 13.617767, 57.618294, 15.321533, 24.765686, 15.684692, 3.2122982
0.57081014, -37.718277, -35.236908, 27.044817, 0.0, 0.0, 0.0, -1
135.50575, 4.7464123, 8.728348, 57.082108, 10.665756, 22.013077, 15.484979, 3.0295327
0.0, 0.0, 0.0, 0.0, 67.52908, 26.261103, -6.2098083, 5
131.4653, 4.1093316, 21.588104, 57.082108, 22.80191, 28.976166, 16.175428, 3.648136
0.0, 0.0, 0.0, 0.0, 65.772964, 28.374964, -5.8520703, 5
131.53699, 3.8762271, 31.497192, 57.082108, 32.38614, 36.72116, 16.50909, 3.9558897
0.0, 0.0, 0.0, 0.0, 57.83081, 27.63485, 14.534339, -1
127.62904, 4.099011, 64.70482, 57.082108, 65.015076, 66.17793, 17.140205, 4.6506553
0.0, 0.0, 0.0, 0.0, -39.866383, -19.9252, -40.208416, 5
137.36935, 4.108703, 74.74783, 57.082108, 75.05809, 76.22565, 17.140205, 4.65213
0.11999909, -41.362404, -40.29362, 18.34397, 0.0, 0.0, 0.0, -1
131.97784, 4.108729, 69.35651, 57.082108, 69.66676, 70.835846, 17.140205, 4.6526256
1.0189574, -39.272106, -35.446373, 25.281513, 0.0, 0.0, 0.0, 0
115.59563, 4.108757, 52.974503, 57.082108, 53.28476, 54.455475, 17.140205, 4.653153
3.3048644, -38.553177, -24.33979, 37.107033, 0.0, 0.0, 0.0, 0
129.17938, 4.642479, 55.979034, 56.475956, 57.70079, 64.93564, 16.827839, 4.3613014
3.273027, -36.45829, -0.77696335, 62.76475, 0.0, 0.0, 0.0, 0
159.46587, 9.863204, 63.91542, 53.48088, 73.00026, 115.31239, 15.84848, 4.7338996
0.57399935, -29.841349, -4.4321623, 65.72649, 0.0, 0.0, 0.0, -1
162.08975, 11.775472, 65.27645, 52.618057, 68.124115, 83.41031, 16.959444, 4.5763855
3.2404, -26.28682, 9.292367, 64.420815, 0.0, 0.0, 0.0, 0
141.30043, 26.593899, 48.605637, 47.26622, 59.96974, 80.03694, 16.217892, 4.760257
0.60055757, -33.276814, -11.470644, 55.25254, 0.0, 0.0, 0.0, -1
146.50502, 26.59364, 53.807236, 47.26503, 62.848343, 67.766556, 16.411522, 4.709559
4.6752605, -29.115671, -0.99423033, 69.89009, 0.0, 0.0, 0.0, 0
157.80516, 30.356373, 66.489975, 45.547207, 77.82597, 99.80513, 15.979157, 4.5805106
4.2830434, -17.849655, 20.281973, 61.86837, 0.0, 0.0, 0.0, 0
164.94507, 34.993042, 77.11383, 44.181778, 95.130615, 135.92377, 16.120087, 6.4736795
0.44703734, -26.925835, 16.136103, 56.938057, 0.0, 0.0, 0.0, -1
159.13428, 36.914948, 64.19227, 43.29867, 90.545105, 124.00412, 16.1038, 5.9805927
3.5468388, -22.662746, 17.885866, 59.45139, 0.0, 0.0, 0.0, 0
170.12987, 42.585766, 87.52521, 41.202946, 99.870605, 132.13956, 16.475077, 5.536019
0.0, 0.0, 0.0, 0.0, -30.1613, -39.677402, -30.1613, 4
178.57135, 42.585766, 98.82399, 41.202946, 108.71614, 136.5129, 16.608196, 5.2195683
0.0, 0.0, 0.0, 0.0, -34.760075, -32.78224, -32.457687, 3
174.36139, 42.585766, 91.75673, 41.202946, 99.239456, 121.76997, 16.771254, 4.9887834
0.0, 0.0, 0.0, 0.0, -38.092766, -23.814465, -38.092766, 3
87.31077, 42.585766, 32.92502, 41.202946, 32.727234, 31.837555, 17.522253, 5.02678
0.0, 0.0, 0.0, 0.0, 31.469503, 16.453426, -52.07707, 5
109.37742, 26.863255, 149.51651, 54.530228, 147.75891, 155.28885, 39.626297, 42.735146
0.0, 0.0, 0.0, 0.0, -39.634216, -20.73157, 39.634212, 3
152.45634, 26.863255, 106.43757, 54.530228, 104.78718, 110.697914, 27.762842, 30.991474
0.0, 0.0, 0.0, 0.0, 39.841835, 20.316332, -39.84183, 5
110.7135, 26.863255, 148.18042, 54.530228, 146.79901, 155.45978, 15.85283, 21.446299
0.0, 0.0, 0.0, 0.0, -2.491943, -13.216599, -84.29146, 5
73.92669, 26.863255, 175.03278, 54.530228, 175.9545, 169.49454, 9.208023, 19.563122
0.0, 0.0, 0.0, 0.0, -40.440258, -19.11949, -40.440254, 3
6.508545, 26.863255, 94.597534, 54.530228, 94.367004, 93.79773, 5.0047626, 17.760677
0.0, 0.0, 0.0, 0.0, 57.974125, 28.987062, -13.038811, 5
2.6195374, 26.863255, 98.48654, 54.530228, 98.25601, 97.68674, 5.0047626, 17.760677
0.0, 0.0, 0.0, 0.0, 42.325806, 21.162903, 36.51129, -1
10.214813, 33.101784, 154.53763, 19.981674, 96.37472, 69.98124, 29.17736, 18.883196
0.0, 0.0, 0.0, 0.0, -39.54489, 22.003515, 38.45159, 3
67.67166, 25.313885, 96.419044, 19.981674, 46.56202, 125.172844, 17.758146, 10.113737
0.0, 0.0, 0.0, 0.0, -49.931984, 7.482514, 42.585506, 3
101.62383, 16.500937, 58.69203, 19.981674, 32.517654, 176.56937, 11.00407, 3.559157
0.0, 0.0, 0.0, 0.0, -38.776554, -56.50289, 4.7205453, 4
129.64252, 6.511637, 13.142029, 19.981674, 13.111938, 78.645065, 9.000892, 3.2633295
0.0, 0.0, 0.0, 0.0, -0.592442, -24.317192, -75.09037, 5
87.44188, 23.60673, 125.72777, 55.664062, 139.67574, 171.3928, 41.593613, 39.921623
0.0030262237, 0.0, 0.0, 0.0, -40.01266, -19.966381, -40.02096, 5
55.11342, 23.603535, 93.40929, 55.659973, 106.60545, 139.3299, 32.805878, 40.459915
0.0035433895, 0.0, 0.0, 0.0, -45.3432, -24.26942, -30.387379, 3
21.85788, 40.690357, 30.438446, 55.64595, 34.445557, 56.585358, 6.6848383, 23.760365
0.003624655, 0.0, 0.0, 0.0, 40.593822, -3.4640796, 55.9421, 4
20.63858, 41.966507, 28.21457, 55.64525, 31.394592, 51.789978, 6.0468435, 22.7183
0.0036585468, 0.0, 0.0, 0.0, 41.757046, 10.820675, 47.42228, -1
73.07056, 53.893585, 74.07739, 55.05689, 92.883896, 78.37896, 5.4130707, 17.220453
9.072437, -29.735157, 39.717434, -30.547413, 0.0, 0.0, 0.0, 2
81.47183, 51.931427, 81.61252, 52.85284, 152.24353, 106.94354, 11.202354, 17.690493
8.446035, -16.31353, 67.53058, -16.155893, 0.0, 0.0, 0.0, 0
76.16977, 49.995827, 76.009705, 50.915432, 145.71915, 113.357254, 16.267227, 21.97797
0.0, 0.0, 0.0, 0.0, -30.770237, -38.45953, -30.770237, 4
77.62076, 49.995827, 77.46069, 50.915432, 145.43669, 111.62993, 14.879924, 21.120687
0.0, 0.0, 0.0, 0.0, -35.48894, -29.022112, -35.48894, 3
72.526886, 49.995827, 72.36682, 50.915432, 132.25098, 95.137115, 10.747149, 18.962912
0.0, 0.0, 0.0, 0.0, -36.609848, -26.780308, -36.609848, 3
63.653107, 49.995827, 63.493042, 50.915432, 119.24245, 82.06825, 9.471846, 18.449135
0.0, 0.0, 0.0, 0.0, -31.812515, -36.37497, -31.812515, 4
40.579987, 49.995827, 40.41992, 50.915432, 74.309235, 48.398438, 6.200121, 17.666155
0.30006728, -40.305565, -19.654476, -40.03996, 0.0, 0.0, 0.0, -1
53.609985, 49.995827, 53.44992, 50.915432, 81.78314, 59.101303, 5.8145704, 17.581997
9.553517, -45.794453, 8.989065, -45.216488, 0.0, 0.0, 0.0, 0
62.052017, 42.98099, 61.604065, 43.847218, 155.03635, 90.26822, 9.21376, 13.483929
4.625588, -31.571516, 37.605846, -30.822643, 0.0, 0.0, 0.0, 0
50.088654, 39.44532, 49.40898, 40.246666, 72.20346, 58.047318, 4.5634537, 16.024424
0.55080724, -36.267685, -28.404844, -35.327473, 0.0, 0.0, 0.0, -1
65.54863, 39.123226, 64.84659, 39.91764, 68.90321, 65.64746, 4.781902, 17.231808
0.0012981851, 0.0, 0.0, 0.0, -39.957386, -20.08527, -39.957344, 3
46.29454, 39.12265, 45.592484, 39.917053, 49.147263, 46.391632, 4.806277, 17.231873
0.0012341245, 0.0, 0.0, 0.0, -39.9052, -20.18966, -39.90514, 3
28.554596, 39.122078, 27.852509, 39.916477, 31.413055, 28.467926, 4.805744, 14.496008
0.0012073898, 0.0, 0.0, 0.0, -36.1602, -21.750408, -42.089394, 5
14.527054, 39.12172, 13.824951, 39.916115, 17.388962, 14.302582, 4.8054085, 12.753681
0.0012422432, 0.0, 0.0, 0.0, 61.782707, -8.244414, -29.972878, -1
7.897705, 39.121555, 7.1956024, 39.915947, 10.761414, 7.6048737, 4.8052487, 12.033126
0.001265212, 0.0, 0.0, 0.0, 46.501785, 23.38275, 30.115467, -1
17.204514, 37.551704, 23.58702, 39.915028, 20.011597, 20.881607, 4.804387, 9.883598
0.7200506, -32.075512, -32.7595, -35.16499, 0.0, 0.0, 0.0, -1
22.204514, 36.990852, 30.675232, 39.914837, 27.097916, 29.694046, 4.8042073, 9.285338
1.3197145, -31.604368, -27.96368, -40.43195, 0.0, 0.0, 0.0, 2
20.642471, 29.828775, 50.916153, 38.359825, 59.673706, 55.052185, 4.3632536, 8.350937
0.2999953, -30.172699, -24.815065, -45.012238, 0.0, 0.0, 0.0, -1
47.315872, 9.532084, 146.98004, 53.267643, 113.56074, 170.99994, 27.8126, 52.726948
0.17459954, 38.983486, 32.295383, -28.721132, 0.0, 0.0, 0.0, -1
47.3902, 9.414448, 146.3761, 53.414127, 113.57898, 169.9913, 26.336517, 51.358868
0.0, 0.0, 0.0, 0.0, -39.51683, -20.95762, -39.52555, 5
36.382915, 9.413781, 135.37384, 53.414127, 103.95465, 157.94295, 22.029854, 47.04022
0.0, 0.0, 0.0, 0.0, -42.066998, -22.234568, -35.69843, 3
28.840094, 9.413545, 127.83246, 53.414127, 97.00961, 150.00874, 20.572636, 45.603844
0.0, 0.0, 0.0, 0.0, -39.256763, -21.481497, -39.261738, 5
20.989965, 9.413273, 119.98365, 53.414127, 89.845985, 141.74237, 19.121044, 44.173733
0.24000245, 21.944033, 16.302097, -61.75387, 0.0, 0.0, 0.0, -1
9.839921, 9.176381, 108.8296, 53.491104, 85.53089, 128.01636, 11.876224, 37.092735
0.0, 0.0, 0.0, 0.0, -42.070652, -28.042442, -29.886904, 3
29.87043, 20.123726, 77.64879, 30.2197, 17.206451, 25.885675, 19.275558, 14.733463
2.1749024, 16.701277, 43.94851, 39.350216, 0.0, 0.0, 0.0, -1
26.410679, 19.300467, 66.894455, 31.223331, 17.79794, 4.594532, 20.425577, 16.82158
0.0, 0.0, 0.0, 0.0, -58.83463, 17.97862, 23.18674, 3
39.72569, 16.140089, 40.436756, 31.223331, 43.077824, 17.482712, 17.727793, 13.493483
0.0, 0.0, 0.0, 0.0, -86.24273, 5.2429767, -8.514291, 3
36.97751, 13.466503, 62.05652, 13.266151, 52.08841, 134.99495, 13.116407, 14.759573
0.0, 0.0, 0.0, 0.0, -39.28341, -19.60596, -41.11063, 5
26.264801, 13.073311, 52.33188, 13.266151, 42.36377, 125.27031, 13.116407, 14.759573
0.0, 0.0, 0.0, 0.0, -57.21296, -27.194399, 15.592639, 3
152.97673, 14.254906, 139.25737, 54.669777, 169.10156, 169.3256, 13.4156065, 36.398327
0.0, 0.0, 0.0, 0.0, -39.03368, -21.932615, -39.033703, 5
137.40256, 14.442507, 138.56436, 54.64075, 167.86691, 168.63184, 16.388922, 36.39817
0.0, 0.0, 0.0, 0.0, -40.335293, -24.110638, -35.554066, 3
113.21256, 14.254906, 99.4932, 54.669777, 128.38991, 123.04557, 15.864393, 28.697376
0.0, 0.0, 0.0, 0.0, -36.364685, -24.918398, -38.716915, 5
105.6409, 14.254906, 91.92154, 54.20082, 108.24308, 110.43326, 14.331425, 24.844
9.082408, -47.129196, 39.631985, 13.238814, 0.0, 0.0, 0.0, 0
104.79285, 23.44966, 71.96686, 51.473595, 128.93155, 101.74014, 9.022548, 24.00249
6.2943797, -20.142586, 44.581, 35.276417, 0.0, 0.0, 0.0, 0
110.96706, 32.91954, 76.439835, 46.301655, 137.26746, 102.23465, 8.443209, 20.816528
4.9982586, -13.598893, 48.69676, 37.704346, 0.0, 0.0, 0.0, 0
120.86026, 34.555958, 84.62164, 45.21724, 145.55136, 108.08095, 9.102448, 19.800755
0.62312037, -7.7738924, 48.835842, 43.390266, 0.0, 0.0, 0.0, -1
119.96727, 33.408653, 83.628494, 45.160152, 140.64755, 104.65765, 8.392379, 19.408224
1.44516325E-5, 0.0, 0.0, 0.0, -37.2851, -25.420431, -37.29447, 5
59.918053, 27.622564, 53.493896, 45.16009, 63.79953, 56.41652, 5.006637, 17.568193
0.0, 0.0, 0.0, 0.0, 10.529944, -7.2032557, -82.2668, 5
10.267715, 27.621824, 26.058075, 45.16009, 26.979767, 25.971222, 5.006023, 17.570219
0.0, 0.0, 0.0, 0.0, 49.971775, 24.985888, 25.04234, -1
19.537949, 26.610905, 61.018402, 45.16009, 61.940094, 60.93155, 5.006023, 17.570219
0.0, 0.0, 0.0, 0.0, -44.626755, -22.313377, -33.059864, 3
152.69598, 11.4239, 152.31482, 52.976997, 127.76652, 174.60977, 29.89522, 39.664757
0.0, 0.0, 0.0, 0.0, -40.508766, -15.133137, -44.358097, 5
104.23664, 10.8448105, 108.85099, 52.976997, 88.92628, 130.254, 15.127582, 26.292816
0.0, 0.0, 0.0, 0.0, -37.07769, -25.066677, -37.85563, 5
80.80234, 10.5536175, 85.62753, 52.976997, 69.58606, 100.87088, 10.713654, 22.625484
0.0, 0.0, 0.0, 0.0, -35.636818, -27.807219, -36.555965, 5
73.184235, 9.276139, 78.5896, 52.976997, 63.54471, 91.384674, 9.587681, 21.499186
0.0, 0.0, 0.0, 0.0, -34.50104, -31.513668, -33.98529, 3
108.08717, 6.182209, 64.1734, 52.976997, 51.86978, 63.96643, 6.092494, 17.453955
0.78000057, -36.053265, -41.37621, 22.570528, 0.0, 0.0, 0.0, -1
109.15715, 6.1782227, 63.76541, 52.976997, 53.71402, 63.55844, 5.8382764, 17.453955
1.6799564, -35.12395, -36.267796, 28.608253, 0.0, 0.0, 0.0, 1
109.20564, 6.1783347, 63.816406, 52.976997, 56.24243, 63.609436, 5.6420765, 17.453955
10.612027, -31.826618, 9.884194, 58.28918, 0.0, 0.0, 0.0, 0
161.80437, 15.65015, 73.7771, 48.520596, 150.0458, 124.53637, 9.178883, 17.876787
9.479685, -18.258654, 35.30147, 46.439873, 0.0, 0.0, 0.0, 0
146.15515, 25.488089, 55.029312, 43.05882, 143.98668, 105.15982, 15.878918, 17.416716
5.747659, -22.186506, 33.154827, 44.658665, 0.0, 0.0, 0.0, 0
149.56665, 30.865559, 59.314407, 39.791138, 142.20976, 110.47858, 12.682946, 15.362146
0.0015478202, 0.0, 0.0, 0.0, -25.450737, -31.454885, -43.094383, 5
130.7484, 27.92426, 49.09343, 39.7898, 106.00528, 76.131195, 6.4564934, 10.384173
0.72146106, -49.9515, 2.652086, 47.39641, 0.0, 0.0, 0.0, -1
123.737854, 27.246033, 44.769165, 39.789543, 93.75763, 68.237885, 5.8015594, 10.041637
8.794969, -35.196945, 21.107264, 43.695793, 0.0, 0.0, 0.0, 0
129.06511, 28.645294, 64.222565, 35.37296, 132.95605, 100.06612, 5.833315, 7.715162
7.386752, -18.496822, 41.226505, 40.276676, 0.0, 0.0, 0.0, 0
134.73306, 33.73379, 88.52603, 31.609112, 149.89375, 121.81038, 8.76519, 9.809
7.3700893E-4, 0.0, 0.0, 0.0, -32.30995, -29.110851, -38.579197, 5
80.78208, 31.551432, 43.683372, 31.610197, 100.64227, 81.313675, 5.066067, 8.987184
5.41866E-4, 0.0, 0.0, 0.0, -19.26238, -11.401634, -69.335976, 5
13.768921, 31.55423, 23.321991, 31.611412, 24.24501, 23.829926, 5.0107145, 9.0137205
7.2824914E-4, 0.0, 0.0, 0.0, 60.563904, 30.27951, 9.156589, -1
0.7118988, 31.55452, 36.378693, 31.611649, 37.30008, 36.885864, 5.0109477, 9.013955
0.29048395, -28.59212, -27.628508, -43.779373, 0.0, 0.0, 0.0, -1
9.605988, 30.719973, 49.487305, 31.42918, 52.6996, 51.05403, 4.8366904, 8.8355875
7.44152E-4, 0.0, 0.0, 0.0, 64.62333, 32.30615, -3.0705218, 5
6.835129, 30.122978, 49.444138, 31.429306, 52.655502, 51.010452, 4.8368125, 8.835712
7.311283E-4, 0.0, 0.0, 0.0, 61.654152, 30.822784, 7.523064, -1
9.458679, 24.863482, 60.23755, 31.430485, 63.439423, 61.79959, 4.8379407, 8.836866
7.299192E-4, 0.0, 0.0, 0.0, 54.854538, 27.423435, -17.722027, 5
6.6197968, 24.740866, 77.20375, 31.430967, 80.40199, 78.764175, 4.838403, 8.837339
7.2429597E-4, 0.0, 0.0, 0.0, -58.316685, -29.162554, 12.520763, 3
131.39145, 15.180176, 142.81857, 54.240116, 173.48335, 164.32753, 32.24711, 34.944378
0.21119972, 32.975437, 40.45539, 26.56917, 0.0, 0.0, 0.0, -1
128.81097, 15.320641, 139.77997, 54.40853, 177.02423, 167.09079, 30.997412, 35.5584
0.0, 0.0, 0.0, 0.0, -63.20165, -14.300717, -22.497631, 3
94.6651, 19.015266, 77.20886, 54.40853, 110.9554, 127.76849, 13.483805, 32.938248
0.0, 0.0, 0.0, 0.0, -36.614708, -26.770636, -36.614655, 3
58.041748, 19.015312, 40.585297, 54.40853, 55.658905, 78.357635, 6.667735, 24.720436
0.0, 0.0, 0.0, 0.0, -37.842945, -25.428919, -36.728134, 3
48.67871, 19.015312, 31.22226, 54.40853, 30.965973, 58.768723, 4.969816, 21.229944
0.0, 0.0, 0.0, 0.0, -10.297748, -36.19065, -53.5116, 5
24.444885, 15.254882, 5.315094, 54.40853, 5.08197, 30.859436, 4.9698944, 16.913626
0.0, 0.0, 0.0, 0.0, 53.379124, -15.42172, -31.199158, -1
17.282288, 14.100776, 2.7013855, 54.50439, 2.9285583, 22.21901, 5.234783, 16.358423
0.0, 0.0, 0.0, 0.0, 53.125908, 26.033058, -20.841034, 5
9.135666, 9.536829, 60.05919, 54.40853, 60.271835, 55.007217, 4.969977, 16.85464
0.0, 0.0, 0.0, 0.0, 57.860077, 34.11329, 8.026636, -1
0.6754608, 9.276056, 74.9393, 54.40853, 75.15195, 74.205444, 4.969977, 17.394815
0.0, 0.0, 0.0, 0.0, 41.17775, 21.984093, 36.838158, -1
1.2281799, 10.028172, 73.028336, 54.988106, 35.471527, 62.513077, 8.227791, 19.209312
2.4454954, 15.949388, 35.73913, 48.311485, 0.0, 0.0, 0.0, -1
0.7565613, 10.928123, 72.52469, 55.254406, 28.180176, 57.1541, 10.220203, 20.441166
0.50902385, -18.659918, -38.548557, -42.79153, 0.0, 0.0, 0.0, -1
1.7333832, 12.328121, 72.15062, 55.93414, 21.011215, 50.87764, 14.58692, 22.809984
1.6474745, -16.088816, -38.25303, -45.658157, 0.0, 0.0, 0.0, 2
4.9274445, 10.531291, 67.123856, 55.380405, 16.958588, 47.72647, 12.913705, 21.696074
0.2999398, -17.394846, -38.203735, -44.401417, 0.0, 0.0, 0.0, -1
3.1222382, 10.232077, 69.32439, 55.27125, 19.298996, 50.2433, 12.629812, 21.500946
0.0, 0.0, 0.0, 0.0, -39.99594, -19.995775, 40.00828, 3
8.857025, 10.232217, 63.592163, 55.27125, 13.567566, 44.512512, 12.630281, 21.500954
0.0, 0.0, 0.0, 0.0, -44.093006, -11.049406, 44.857586, 3
50.066177, 10.232728, 22.39125, 55.27125, 22.279251, 22.711533, 5.0063963, 17.454561
0.0010824203, 0.0, 0.0, 0.0, 39.49457, 21.010347, -39.495083, 5
28.39563, 10.232728, 44.0618, 55.27125, 44.81183, 44.37915, 4.984926, 17.453856
0.0, 0.0, 0.0, 0.0, 42.780037, 21.389915, -35.830048, 5
14.039612, 10.232728, 58.417816, 55.27125, 59.168182, 58.734955, 4.98595, 17.45407
0.0, 0.0, 0.0, 0.0, 41.920525, 20.960262, -37.119213, 5
2.3498383, 10.232728, 74.80727, 55.27125, 75.55818, 75.124405, 4.9875293, 17.454065
0.029999305, 0.0, 0.0, 0.0, -47.59082, -23.682196, 28.726982, 3
4.861786, 10.562736, 66.132935, 55.991856, 27.938263, 54.439484, 9.131534, 19.88551
2.8499203, 19.82632, 35.924343, 44.249336, 0.0, 0.0, 0.0, -1
4.074127, 11.011365, 66.31419, 56.17321, 25.135712, 52.380295, 10.151855, 20.579271
2.0217588, 20.914259, 36.336388, 42.749355, 0.0, 0.0, 0.0, -1
4.400116, 11.908929, 64.82495, 56.545, 19.422394, 46.91815, 12.273782, 22.09091
1.309931, 20.348795, 37.1319, 42.519302, 0.0, 0.0, 0.0, -1
0.35435486, 12.590847, 65.74602, 57.946842, 19.091583, 46.054276, 14.782179, 23.905684
0.0, 0.0, 0.0, 0.0, 35.946774, 25.526821, 38.526405, -1
3.348297, 11.144461, 60.267014, 58.41626, 19.842743, 44.495834, 11.842655, 22.532015
0.9599347, 21.642715, 36.601494, 41.75579, 0.0, 0.0, 0.0, -1
0.39570618, 11.082871, 61.27881, 58.88532, 27.76001, 53.63617, 9.430301, 19.527737
0.71979785, -27.792868, -35.460808, -36.746323, 0.0, 0.0, 0.0, -1
13.444061, 11.006526, 60.941895, 58.885548, 48.00473, 51.11023, 5.8919225, 18.990398
2.7299013, 23.09124, 33.95163, 42.95713, 0.0, 0.0, 0.0, -1
11.615356, 11.913832, 60.954422, 59.339985, 30.601639, 46.21312, 7.8005543, 20.400629
2.3174415, 21.83414, 35.836864, 42.329, 0.0, 0.0, 0.0, -1
10.97757, 12.796897, 60.030792, 59.78113, 18.93309, 41.251358, 10.435233, 21.92476
1.6599495, 21.419672, 36.8401, 41.740227, 0.0, 0.0, 0.0, -1
19.391573, 13.286732, 49.152714, 60.358654, 15.993179, 27.537893, 12.382396, 23.481678
0.0060000764, 0.0, 0.0, 0.0, -42.007767, -9.125018, 48.867218, 3
56.99594, 13.28167, 11.556885, 60.35535, 29.52153, 7.7231903, 10.842649, 22.471533
0.74909127, -43.61033, -40.188198, -16.201473, 0.0, 0.0, 0.0, -1
50.971283, 12.931702, 21.250763, 59.458046, 22.008423, 21.135193, 4.998538, 17.499525
0.0021743774, 0.0, 0.0, 0.0, 40.22333, 20.10532, -39.67135, 5
24.344177, 12.933431, 47.87726, 59.458347, 49.02054, 47.759705, 4.9984913, 17.498644
0.0021605492, 0.0, 0.0, 0.0, 40.174545, 20.076504, -39.748947, 5
6.436508, 14.273904, 61.877853, 60.864796, 16.490799, 43.38742, 12.8437195, 22.50777
1.2600108, 20.818224, 37.172623, 42.00915, 0.0, 0.0, 0.0, -1
5.0040436, 14.567534, 60.926437, 61.463814, 13.65538, 39.53212, 14.992524, 24.227106
0.0, 0.0, 0.0, 0.0, 53.288025, 26.63798, 20.073997, -1
5.1626434, 12.130279, 61.68347, 61.214695, 14.10611, 41.43991, 13.811732, 23.555895
2.519976, 21.315525, 37.668613, 41.01586, 0.0, 0.0, 0.0, -1
4.395294, 13.47504, 60.82039, 61.86951, 13.108566, 39.599472, 15.125359, 24.586367
1.3799982, 21.461926, 37.64551, 40.892563, 0.0, 0.0, 0.0, -1
4.224243, 14.220793, 58.46463, 62.68338, 9.978455, 38.320694, 16.010984, 24.584816
0.0, 0.0, 0.0, 0.0, -47.159508, -5.6773434, 47.16315, 3
5.6783752, 14.221277, 57.01062, 62.68338, 10.156937, 39.00496, 14.606763, 23.418947
0.0, 0.0, 0.0, 0.0, -47.48534, -5.02495, 47.489708, 3
18.250534, 14.223237, 44.439423, 62.68338, 9.306747, 34.943817, 9.115657, 19.934584
0.0, 0.0, 0.0, 0.0, 40.21536, 28.982029, -30.802614, 5
3.0189514, 14.223521, 65.70912, 62.68338, 56.392105, 65.87065, 5.4884324, 17.464315
0.0, 0.0, 0.0, 0.0, -43.204147, -21.573257, 35.222595, 3
9.814468, 14.223521, 52.8757, 62.68338, 54.074127, 53.101883, 4.951349, 17.449589
0.0, 0.0, 0.0, 0.0, 49.35364, 24.67421, -25.972153, 5
14.588608, 11.482913, 59.70169, 62.68338, 60.900116, 59.924988, 4.951349, 17.449703
1.6016383, 24.298931, 28.677925, 47.023144, 0.0, 0.0, 0.0, -1
22.66829, 11.07712, 44.8873, 64.46591, 21.445023, 38.94429, 7.363772, 19.171274
1.2263452, 22.087189, 32.738678, 45.17413, 0.0, 0.0, 0.0, -1
4.1424713, 11.500538, 62.966797, 64.65371, 37.66078, 56.245132, 7.702283, 19.40289
0.54742277, 23.041883, 32.463013, 44.495106, 0.0, 0.0, 0.0, -1
7.6822968, 11.4806795, 57.951706, 65.03024, 28.129639, 43.11772, 7.5771813, 21.748999
6.423318, -24.9464, -26.018106, -49.035492, 0.0, 0.0, 0.0, 2
4.89859, 9.150716, 64.03357, 63.886242, 60.949875, 52.214767, 4.803682, 20.12986
8.50955, -39.29921, 6.888628, -53.812157, 0.0, 0.0, 0.0, 2
37.647934, 4.3760843, 69.03685, 62.062035, 111.19493, 67.13692, 4.6164784, 17.490026
8.505318, -33.485672, 24.497293, 42.017036, 0.0, 0.0, 0.0, 0
166.96823, 10.626792, 62.08737, 56.822647, 145.63873, 86.08426, 9.864676, 15.009471
8.883102, -16.825277, 33.89904, 49.27568, 0.0, 0.0, 0.0, 0
175.6712, 26.03368, 77.018875, 51.545372, 153.97066, 120.64949, 11.448633, 18.27648
0.0, 0.0, 0.0, 0.0, -35.996574, -34.115982, -29.887444, 3
171.82654, 26.03368, 64.51662, 51.545372, 132.98488, 98.94194, 8.796613, 17.218956
0.06000022, 0.0, 0.0, 0.0, -30.747118, -38.503517, -30.749365, 4
166.67987, 26.03368, 59.36995, 51.545372, 121.67717, 88.987686, 7.6171074, 16.880539
0.9599208, -36.0559, 9.724165, 54.219936, 0.0, 0.0, 0.0, -1
162.88724, 26.03368, 55.577316, 51.545372, 109.61122, 80.221725, 6.557154, 16.664936
8.64666, -27.742682, 17.337097, 54.92022, 0.0, 0.0, 0.0, 0
161.4579, 32.24787, 65.82037, 46.578415, 137.71199, 85.9162, 6.8125305, 15.328554
4.2485886, -18.985027, 27.581396, 53.433575, 0.0, 0.0, 0.0, 0
159.30371, 35.85876, 71.43381, 44.556458, 148.03052, 94.94412, 9.0789175, 15.810193
9.567212E-5, 0.0, 0.0, 0.0, -31.340134, -24.307028, -44.352837, 5
140.41962, 34.096203, 56.594635, 44.556614, 119.41882, 71.041016, 6.6805577, 16.098133
0.28078002, -51.00045, -9.994804, 39.004745, 0.0, 0.0, 0.0, -1
130.7715, 33.308353, 49.05429, 44.556614, 102.16885, 61.006195, 5.7969956, 16.251333
6.403113, -55.179638, -2.8289988, 41.991364, 0.0, 0.0, 0.0, 0
116.80005, 31.701002, 49.286865, 39.058826, 122.10182, 59.27838, 4.521386, 14.222185
4.8231893, -45.02711, 18.537054, 36.435833, 0.0, 0.0, 0.0, 0
114.171486, 31.575304, 62.336334, 33.30268, 129.76503, 94.36957, 5.4314275, 9.234585
1.4159988, -35.84757, 32.269005, 31.883425, 0.0, 0.0, 0.0, 0
111.255455, 31.562809, 61.714355, 32.64934, 126.20542, 92.693665, 5.437221, 8.976773
0.0, 0.0, 0.0, 0.0, -30.201513, -28.60524, -41.193245, 5
37.235962, 29.518206, 1.0014954, 32.64934, 0.10479736, 0.5687256, 5.0430384, 9.024706
9.456549E-4, 0.0, 0.0, 0.0, 28.962046, 15.353709, -55.684246, 5
14.136719, 29.518206, 22.097717, 32.64934, 23.007538, 22.532227, 5.0437155, 9.0258875
0.29774582, -30.136065, -29.430086, -40.43385, 0.0, 0.0, 0.0, -1
2.035081, 26.945217, 45.77212, 32.43131, 48.75961, 47.17013, 4.833013, 8.811527
0.001222751, 0.0, 0.0, 0.0, 58.44003, 29.21305, -12.346925, 5
1.4724121, 23.140968, 70.65941, 32.432194, 73.63173, 72.05043, 4.833822, 8.812378
0.0011122443, 0.0, 0.0, 0.0, 42.815838, 21.399626, 35.78454, -1
164.25496, 19.321203, 173.06892, 52.24652, 120.776184, 153.35011, 43.503376, 26.271624
6.357829E-7, 0.0, 0.0, 0.0, -46.473854, -7.0522895, -46.473854, 3
110.880005, 19.321203, 119.69397, 52.24652, 76.908585, 153.27393, 31.586586, 26.271996
9.536743E-7, 0.0, 0.0, 0.0, -38.94954, -22.100924, -38.94954, 3
70.51401, 19.321203, 79.32797, 52.24652, 50.254517, 108.77075, 23.480146, 16.705778
9.536743E-7, 0.0, 0.0, 0.0, -36.34591, -26.2483, -37.405792, 5
42.00804, 18.684162, 51.07689, 52.24652, 32.11714, 71.72148, 19.038212, 9.509004
0.35999218, -32.07582, -28.87488, -39.0493, 0.0, 0.0, 0.0, -1
45.78868, 17.31407, 55.43889, 52.24652, 37.42885, 74.12056, 17.655725, 8.698465
3.0777745, -34.589386, -25.60167, -39.808945, 0.0, 0.0, 0.0, 2
47.182663, 13.72652, 58.633896, 52.24652, 43.97368, 70.4348, 16.873777, 6.7551613
12.541358, -62.057137, 15.948735, -21.994131, 0.0, 0.0, 0.0, 0
51.278625, 7.7455587, 62.993103, 49.60168, 63.91974, 113.09686, 14.283925, 5.508111
14.64731, -25.132442, 38.91237, 35.95519, 0.0, 0.0, 0.0, 0
161.7227, 23.347559, 85.68227, 40.722443, 139.50166, 152.65645, 10.905618, 24.455065
0.32428372, -3.9158988, 45.09283, 50.991272, 0.0, 0.0, 0.0, -1
155.29488, 23.223232, 82.8237, 40.69926, 133.4831, 147.30516, 9.854046, 23.671518
5.4802153E-5, 0.0, 0.0, 0.0, -31.001028, -23.748466, -45.250504, 5
16.14679, 24.294735, 17.743866, 40.69913, 18.776764, 6.5904236, 4.985985, 16.711016
0.0, 0.0, 0.0, 0.0, 45.548042, 29.091824, 25.360144, -1
12.516174, 24.295385, 46.408905, 40.69913, 47.441803, 44.874786, 4.985985, 17.347574
0.11987503, -27.99097, -27.488422, -44.520603, 0.0, 0.0, 0.0, -1
7.685029, 21.795822, 56.088474, 40.6295, 58.13361, 56.488316, 4.9189963, 17.45692
0.0, 0.0, 0.0, 0.0, 53.576523, 26.78844, -19.63504, 5
2.9682946, 21.236057, 54.991474, 40.6295, 57.03661, 55.391407, 4.9189963, 17.457016
0.0, 0.0, 0.0, 0.0, 60.781433, 30.390717, 8.827845, -1
3.1854153, 18.676533, 74.15088, 40.6295, 76.196014, 74.55081, 4.9189963, 17.457016
0.0, 0.0, 0.0, 0.0, 42.206398, 21.103199, 36.6904, -1
29.270477, 17.072342, 146.06204, 29.947004, 19.638649, 24.140167, 16.57283, 6.7741113
2.0807567, -30.931005, 36.28724, 32.781757, 0.0, 0.0, 0.0, 0
25.40747, 16.944252, 145.74553, 27.508427, 16.203918, 14.118202, 16.812372, 6.5172315
0.0015033165, 0.0, 0.0, 0.0, -43.923424, 12.148922, 43.927658, 3
71.198654, 16.274557, 99.960335, 27.505377, 47.445766, 46.819214, 6.1823177, 3.7703764
1.5281465E-4, 0.0, 0.0, 0.0, -42.69258, -11.979, 45.32842, 3
152.29059, 10.593133, 16.053986, 27.505209, 15.377045, 18.223724, 6.5546584, 6.150119
0.0, 0.0, 0.0, 0.0, 42.473064, -2.0579941, 55.46894, 4
158.72533, 9.929546, 9.049255, 27.505209, 16.434174, 11.875122, 6.7589154, 5.8648906
0.0, 0.0, 0.0, 0.0, 61.831017, 16.051638, -22.117346, 5
156.97247, 8.401314, 19.638947, 27.505209, 25.459808, 17.876312, 8.211219, 5.3335233
0.0, 0.0, 0.0, 0.0, -35.064392, -13.186732, 51.74888, 3
91.787445, 11.909114, 166.79288, 52.156513, 157.04422, 166.30615, 44.33446, 45.113895
0.0, 0.0, 0.0, 0.0, -40.01622, -19.96756, -40.016216, 3
61.950977, 11.909114, 136.9564, 52.156513, 172.27223, 136.53069, 36.924713, 37.664715
0.0, 0.0, 0.0, 0.0, -40.020226, -19.959545, -40.020226, 3
55.18529, 11.909114, 130.19072, 52.156513, 165.28378, 129.78114, 35.36165, 36.09734
0.0, 0.0, 0.0, 0.0, -40.023037, -19.953917, -40.02305, 5
40.767487, 11.909114, 115.77292, 52.156513, 150.39024, 115.3978, 32.433533, 33.152977
0.0, 0.0, 0.0, 0.0, -40.03266, -19.934675, -40.03266, 3
25.843494, 11.909114, 100.84892, 52.156513, 134.89545, 100.51445, 29.508642, 30.218086
0.0, 0.0, 0.0, 0.0, -40.049644, -19.900703, -40.049652, 5
18.465445, 11.909114, 93.47088, 52.156513, 127.18717, 93.15972, 28.047224, 28.747904
0.0, 0.0, 0.0, 0.0, -40.07688, -19.846249, -40.076874, 3
13.925476, 10.215334, 88.20419, 52.156513, 83.746735, 88.209015, 4.6534553, 17.425846
1.199827, -14.745334, -12.266609, -72.98805, 0.0, 0.0, 0.0, 2
6.83609, 9.185437, 80.81677, 52.10899, 69.27057, 81.47217, 5.031436, 17.380035
0.9001961, -14.457228, -17.88485, -67.65792, 0.0, 0.0, 0.0, -1
2.2633362, 8.288595, 76.73816, 51.935356, 59.726654, 79.35971, 5.4650903, 17.231668
4.4010155E-4, 0.0, 0.0, 0.0, -32.76399, -16.715103, 50.520905, 3
36.93094, 5.664054, 40.91266, 51.935276, 15.485748, 39.834473, 6.318403, 17.636648
4.508706E-4, 0.0, 0.0, 0.0, -27.737343, -12.880511, 59.382145, 3
89.043564, 4.323529, 14.140991, 51.935207, 0.066833496, 13.063721, 5.521826, 17.636581
4.7171937E-4, 0.0, 0.0, 0.0, 23.138052, 13.421841, 63.44011, -1
102.42469, 4.3234243, 0.7694397, 51.93515, 6.553589, 0.30737305, 5.215686, 17.636526
4.669657E-4, 0.0, 0.0, 0.0, 43.737907, 22.09276, 34.169334, -1
132.94037, 4.3231826, 29.72844, 51.93509, 33.65172, 30.804428, 5.1034327, 17.63646
0.11955251, -32.582577, -30.360132, 37.05729, 0.0, 0.0, 0.0, -1
133.0884, 5.4331107, 36.950455, 51.234215, 63.835747, 38.02623, 4.771156, 17.154835
7.239009, -37.71208, -3.2937922, 58.994133, 0.0, 0.0, 0.0, 0
149.50807, 28.560898, 48.044434, 38.74739, 141.01172, 101.07565, 14.9248085, 14.956968
6.0251923, -19.431004, 35.641556, 44.927444, 0.0, 0.0, 0.0, 0
164.89844, 31.670431, 72.66646, 35.134365, 153.77237, 127.77999, 13.52267, 9.436232
4.1566744, -21.247656, 35.58778, 43.164562, 0.0, 0.0, 0.0, 0
141.21179, 32.048992, 71.96028, 31.741323, 132.1126, 122.47911, 11.973379, 6.3595014
0.26487112, -16.467962, 37.17571, 46.356327, 0.0, 0.0, 0.0, -1
144.96057, 31.432034, 78.06868, 31.666334, 133.27945, 124.49056, 11.170192, 6.0276856
0.0013678062, 0.0, 0.0, 0.0, -32.06299, -29.609812, -38.327198, 5
34.11142, 28.148605, 20.4747, 31.668354, 20.963531, 21.33078, 9.024337, 5.0182066
7.5285125E-4, 0.0, 0.0, 0.0, 50.233315, 25.11301, -24.653667, 5
12.375267, 28.149378, 42.209778, 31.668756, 42.697052, 43.06201, 9.025734, 5.0187664
4.0508734E-5, 0.0, 0.0, 0.0, 51.207947, 25.603611, 23.188442, -1
16.082151, 26.692972, 78.05029, 31.668882, 78.5376, 78.90048, 9.02633, 5.018889
0.7438088, -6.3770733, 0.28309226, -93.33983, 0.0, 0.0, 0.0, -1
147.67906, 9.642595, 165.13768, 52.617455, 152.73708, 160.78856, 43.15837, 46.173916
0.020000901, 0.0, 0.0, 0.0, -29.638636, -9.713463, -60.647903, 5
122.488235, 9.246942, 175.94856, 52.675453, 171.86122, 179.99684, 38.70495, 41.72189
0.0, 0.0, 0.0, 0.0, -39.880215, -20.253323, -39.866463, 3
90.847305, 9.246691, 144.29893, 52.675453, 156.25081, 147.99123, 34.108273, 37.119923
0.0, 0.0, 0.0, 0.0, -39.79155, -20.424248, -39.784203, 3
63.21849, 9.246379, 116.659225, 52.675453, 128.2061, 119.76283, 28.452076, 31.475143
0.0, 0.0, 0.0, 0.0, -39.976097, -20.7002, -39.323704, 3
27.666306, 9.246379, 81.10704, 52.675453, 91.78801, 83.015854, 21.020035, 24.04564
0.0, 0.0, 0.0, 0.0, -50.965458, -26.57043, -22.46411, 3
1.5765381, 15.329547, 49.347565, 57.64255, 15.064972, 34.21837, 18.625837, 28.55952
1.7163987, 26.46487, 35.609776, 37.925354, 0.0, 0.0, 0.0, -1
0.6072693, 15.1562395, 46.956894, 58.893986, 13.610199, 32.078873, 19.138313, 28.967182
0.56979394, 25.91663, 35.592316, 38.49105, 0.0, 0.0, 0.0, -1
1.5510864, 11.803845, 43.751938, 59.264317, 12.606796, 31.012802, 15.058115, 26.476648
0.0, 0.0, 0.0, 0.0, -43.006783, -15.253991, 41.739227, 3

NONPOS KNOWLEDGE:
3.9105377, 26.863255, 97.19554, 54.530228, 96.96501, 96.39574, 5.0047626, 17.760677
0.0, 0.0, 0.0, 0.0, 0.0, 0.0, 0.0, -1
35.517456, 26.863255, 136.62354, 54.530228, 136.393, 135.82373, 5.0047626, 17.760677
0.0, 0.0, 0.0, 0.0, -40.95553, -23.81005, -35.23442, 3
2.4514618, 26.863255, 103.55754, 54.530228, 103.32701, 102.75774, 5.0047626, 17.760677
0.0, 0.0, 0.0, 0.0, -38.7462, -39.343105, 21.910692, 4
2.9024506, 26.863255, 104.00853, 54.530228, 103.778, 103.208725, 5.0047626, 17.760677
0.0, 0.0, 0.0, 0.0, -37.848534, -35.53421, 26.617252, 3
8.076035, 24.885761, 93.29054, 54.530228, 93.06001, 92.49074, 5.0047626, 17.760677
0.0, 0.0, 0.0, 0.0, -30.154797, -39.388905, 30.456295, 4
3.9471283, 24.48601, 105.43654, 54.530228, 105.20601, 103.428116, 5.0047626, 17.630995
0.0, 0.0, 0.0, 0.0, -37.603992, -34.869915, 27.526093, 3
2.848938, 24.45408, 98.65054, 54.530228, 89.41086, 91.67151, 4.8866568, 17.198666
0.0, 0.0, 0.0, 0.0, -34.319576, -31.36157, 34.318855, 3
30.80307, 24.456245, 70.695816, 54.530228, 1.8824615, 38.638733, 8.603438, 17.07431
0.0, 0.0, 0.0, 0.0, -45.51576, 8.968594, 45.515644, 3
78.58658, 24.457024, 22.912003, 54.530228, 65.1357, 31.533981, 18.442509, 20.173
0.35998574, -52.0127, -36.481373, -11.505926, 0.0, 0.0, 0.0, -1
78.78378, 24.457024, 22.714798, 54.530228, 65.90149, 33.36699, 19.138283, 20.576797
6.9500427, -68.070595, -27.527246, 4.4021554, 0.0, 0.0, 0.0, 0
98.0997, 24.446264, 22.086304, 48.180317, 89.15544, 52.64717, 20.974922, 15.97417
4.559826, -71.33948, -0.39666864, 28.26386, 0.0, 0.0, 0.0, 0
114.6456, 26.84755, 26.937256, 40.81348, 109.50659, 81.94972, 22.409103, 12.865368
0.21979618, -64.36106, 5.722283, 29.916656, 0.0, 0.0, 0.0, -1
136.90096, 22.483328, 35.537636, 40.707466, 124.24127, 87.58044, 20.907618, 11.917391
6.0134506, -37.55252, 23.333725, 39.11375, 0.0, 0.0, 0.0, 0
147.72072, 19.913836, 23.199554, 36.53677, 136.43378, 113.68695, 19.09006, 8.342259
0.71986884, -39.24902, 24.907713, 35.84327, 0.0, 0.0, 0.0, -1
149.0234, 18.179464, 24.91455, 36.53677, 137.52225, 111.96912, 17.42624, 8.316184
3.2184393, -37.00515, 27.219889, 35.774963, 0.0, 0.0, 0.0, 0
8.606952, 9.176381, 97.30312, 53.491104, 74.366554, 98.145164, 6.1188955, 28.611202
0.0, 0.0, 0.0, 0.0, -44.319073, -21.721914, 33.95901, 3
82.69528, 7.7376065, 14.352661, 53.491104, 46.25351, 3.6438599, 8.132154, 17.160429
0.0, 0.0, 0.0, 0.0, 29.169214, 23.610262, 47.220524, -1
112.227325, 7.7376065, 15.179382, 53.491104, 75.782196, 33.175903, 8.132637, 17.160429
0.53997093, -48.756374, -11.537884, 39.70574, 0.0, 0.0, 0.0, -1
119.529175, 8.961327, 22.481232, 52.368034, 105.69892, 58.798386, 8.705277, 16.506577
5.0699306, -40.713604, 11.467957, 47.81844, 0.0, 0.0, 0.0, 0
170.22755, 26.572086, 59.99228, 39.51965, 161.42114, 129.72035, 23.48205, 18.53682
4.6816583, -18.110413, 38.278625, 43.610962, 0.0, 0.0, 0.0, 0
171.69325, 34.06394, 69.32681, 35.725376, 165.32265, 143.18002, 30.723028, 23.852303
0.95929515, -17.780907, 38.61897, 43.600124, 0.0, 0.0, 0.0, -1
167.72571, 34.35199, 65.81406, 35.370323, 161.15643, 139.66339, 31.370575, 24.336672
0.01671282, 0.0, 0.0, 0.0, -40.265774, -20.188929, -39.5453, 3
135.95758, 34.05396, 33.735992, 35.344738, 129.63547, 107.50038, 30.698185, 23.799768
0.0019365344, 0.0, 0.0, 0.0, -1.4788201, -33.734875, -64.7863, 5
98.11371, 33.109604, 5.0924377, 35.34248, 91.57505, 68.50613, 29.774088, 23.031105
6.3716597E-4, 0.0, 0.0, 0.0, 43.412537, -22.300219, -34.287243, -1
86.5187, 31.372757, 18.476135, 35.341866, 78.67319, 54.914177, 29.169792, 22.388638
2.8352118, -66.277626, -29.372227, -4.3501472, 0.0, 0.0, 0.0, 0
89.95743, 28.279505, 25.29065, 32.963768, 80.205154, 54.941414, 27.007387, 19.096712
0.2996659, -70.87217, -28.634367, 0.49346372, 0.0, 0.0, 0.0, -1
89.810684, 27.831537, 26.848572, 32.6928, 79.823944, 54.217445, 26.639853, 18.58248
7.831384E-6, 0.0, 0.0, 0.0, 43.322285, -17.613033, -39.06468, -1
58.64496, 23.858276, 63.305786, 32.692844, 47.20567, 13.987572, 22.776796, 14.506243
0.0, 0.0, 0.0, 0.0, 42.81337, 16.990244, -40.196392, 5
36.008564, 17.645445, 96.13464, 32.692844, 20.251816, 30.831951, 17.198814, 10.560307
0.74992454, -8.487721, 47.462852, 44.04943, 0.0, 0.0, 0.0, -1
36.474983, 16.612207, 97.00664, 32.520588, 20.101398, 34.6151, 16.253002, 10.1034155
2.2099411, -20.909714, 39.714394, 39.375896, 0.0, 0.0, 0.0, 0
24.720734, 17.67575, 101.3222, 31.319218, 8.903736, 47.597153, 17.171457, 11.180138
2.264579, -15.367258, 38.944435, 45.68831, 0.0, 0.0, 0.0, 0
25.112465, 19.17258, 88.00198, 29.876423, 10.271896, 32.46082, 18.579287, 13.072124
2.2898624, 6.267774, 48.495102, 45.23712, 0.0, 0.0, 0.0, -1
45.61411, 14.974448, 13.978821, 31.223331, 69.16606, 28.932787, 15.3258295, 8.286694
0.0, 0.0, 0.0, 0.0, 28.739727, -7.06198, -64.198296, 5
42.658455, 15.352896, 5.841522, 31.223331, 70.368, 27.88861, 12.929899, 6.8829484
0.47878096, -39.474926, -28.292126, -32.232952, 0.0, 0.0, 0.0, -1
34.004356, 15.782541, 8.863525, 31.223331, 62.52272, 20.067383, 11.752527, 6.385253
2.8559914, -39.820614, -27.298134, -32.881252, 0.0, 0.0, 0.0, 0
17.825897, 35.113308, 24.19754, 31.223331, 8.262207, 23.562805, 29.736652, 14.523527
6.853469, -33.284363, -33.177322, -33.538315, 0.0, 0.0, 0.0, 2
2.4917603, 26.987286, 11.387634, 22.624302, 1.8397827, 19.713135, 22.250515, 6.008835
0.88439256, -33.411743, -32.93222, -33.656036, 0.0, 0.0, 0.0, -1
1.9901733, 26.103582, 11.259888, 21.757189, 0.64004517, 22.392761, 21.684586, 5.18327
0.0, 0.0, 0.0, 0.0, 40.0, 20.0, 39.999996, -1
15.608887, 26.103582, 24.878601, 21.757189, 17.922394, 36.011475, 22.695616, 5.18327
0.4799615, -32.97471, -31.38246, -35.642834, 0.0, 0.0, 0.0, -1
21.461277, 26.103582, 30.730991, 21.757189, 25.32346, 41.863865, 23.068384, 5.18327
9.126812, -39.226, -5.185853, -55.58815, 0.0, 0.0, 0.0, 2
52.4926, 15.7672615, 73.9135, 13.926628, 64.906815, 158.22993, 14.477784, 10.700721
2.8431487, -12.09196, 35.545006, -52.363033, 0.0, 0.0, 0.0, 2
58.794262, 13.466503, 83.873276, 13.266151, 73.90517, 156.8117, 13.116407, 14.759573
0.0, 0.0, 0.0, 0.0, -38.196445, -19.098223, -42.70533, 5
1.1720734, 24.740517, 71.75343, 31.4312, 74.94978, 73.313, 4.8386245, 8.837565
9.780162E-4, 0.0, 0.0, 0.0, -51.230324, -25.61977, 23.149914, 3
7.4273376, 24.740114, 63.14984, 31.43168, 66.342575, 64.70778, 4.839087, 8.838038
0.2936969, -21.984478, -18.600754, -59.41477, 0.0, 0.0, 0.0, -1
16.004349, 22.83726, 54.695435, 31.432005, 57.885696, 56.252274, 4.8393974, 8.838356
2.5612512, -19.58613, -4.0623245, -76.35155, 0.0, 0.0, 0.0, 2
9.148758, 9.271793, 84.85927, 54.40853, 85.071915, 85.054214, 4.969977, 17.529146
0.0, 0.0, 0.0, 0.0, -51.824688, -25.912344, 22.262966, 3
12.318588, 9.271242, 88.03325, 54.40853, 88.245895, 88.228195, 4.969977, 17.529146
0.0, 0.0, 0.0, 0.0, -38.56777, -19.283884, -42.148346, 5
11.740601, 9.271242, 87.45526, 54.40853, 87.66791, 87.65021, 4.969977, 17.529146
0.35998702, 16.203682, 17.306562, 66.48975, 0.0, 0.0, 0.0, -1
12.767303, 8.410725, 63.426254, 54.40853, 63.6389, 63.6212, 4.969977, 17.529146
0.61789393, 18.679546, 32.124416, 49.196045, 0.0, 0.0, 0.0, -1
12.149307, 7.9217844, 64.39725, 54.40853, 64.60989, 64.59219, 4.969977, 17.529146
1.2598239, 16.891924, 20.911589, 62.196487, 0.0, 0.0, 0.0, -1
4.497177, 7.8384748, 81.14426, 54.40853, 81.3569, 81.3392, 4.969977, 17.529146
2.0696783, 17.238623, 23.782993, 58.978386, 0.0, 0.0, 0.0, -1
0.68966675, 8.648536, 75.17392, 54.595966, 67.49222, 73.6431, 5.2090254, 17.7258
2.143193, 19.75878, 30.053886, 50.187332, 0.0, 0.0, 0.0, -1
3.1053467, 12.428686, 63.269867, 57.196724, 15.087967, 42.556793, 15.090592, 23.751284
0.0, 0.0, 0.0, 0.0, -39.822735, -18.32545, 41.851814, 3
9.826431, 10.825841, 57.28586, 57.196724, 5.4184265, 37.1597, 14.769093, 23.5037
0.6149912, 18.53702, 38.224113, 43.238865, 0.0, 0.0, 0.0, -1
5.1008453, 10.732029, 62.024857, 57.196724, 11.830246, 43.08928, 14.235795, 23.007349
1.7886143, 21.423885, 36.922623, 41.653492, 0.0, 0.0, 0.0, -1
1.3222046, 12.051594, 67.19939, 57.728848, 20.758469, 47.967896, 14.272267, 23.535542
0.5399621, 18.633049, 37.55405, 43.8129, 0.0, 0.0, 0.0, -1
17.864807, 11.669735, 82.084015, 57.946842, 40.991837, 69.25842, 10.947856, 20.90802
0.0, 0.0, 0.0, 0.0, -43.491993, -21.885729, -34.62228, 3
3.8346405, 10.189746, 60.87001, 57.946842, 25.953293, 49.920273, 8.984777, 20.287594
0.7647517, 21.526964, 35.422306, 43.050728, 0.0, 0.0, 0.0, -1
2.7436066, 11.083193, 64.4198, 58.88532, 34.828796, 58.328064, 8.358789, 19.051046
1.2583766, -27.832798, -33.62626, -38.540943, 0.0, 0.0, 0.0, 2
13.9874115, 10.389584, 49.226425, 58.39469, 37.419754, 50.460037, 5.531788, 17.036333
0.5395547, -28.072605, -30.455898, -41.471497, 0.0, 0.0, 0.0, -1
9.042313, 9.861188, 55.2081, 58.062923, 57.1752, 56.668427, 4.9093843, 16.99497
0.030000098, 0.0, 0.0, 0.0, 58.42768, 29.050562, 12.52176, -1
18.86087, 9.533478, 50.792084, 58.062923, 52.75595, 52.252472, 4.9090157, 16.994963
0.47997418, 23.809608, 23.535442, 52.654945, 0.0, 0.0, 0.0, -1
15.272415, 9.306925, 59.88109, 58.062923, 61.84175, 61.342087, 4.908635, 16.99536
0.92989093, 23.915928, 24.74625, 51.337822, 0.0, 0.0, 0.0, -1
14.25531, 9.228699, 63.858093, 58.062923, 65.81537, 65.31946, 4.9082274, 16.995348
1.9420049, 24.271896, 27.411518, 48.31659, 0.0, 0.0, 0.0, -1
13.767853, 10.132218, 62.557907, 58.45728, 56.080734, 60.820114, 5.335372, 17.51699
2.2799249, 23.773697, 31.213346, 45.012955, 0.0, 0.0, 0.0, -1
0.8997803, 12.935131, 73.120636, 59.458645, 74.26358, 72.99298, 4.9991007, 17.498331
0.0026903152, 0.0, 0.0, 0.0, -41.90045, -20.960283, 37.139263, 3
12.224533, 11.792681, 60.34407, 59.459114, 61.45912, 60.21028, 4.9995165, 17.498806
0.33208036, 24.780127, 25.14613, 50.073742, 0.0, 0.0, 0.0, -1
5.736374, 11.313221, 78.51068, 59.459187, 79.62128, 78.375916, 4.999583, 17.49888
0.7819523, 24.59207, 25.93163, 49.476303, 0.0, 0.0, 0.0, -1
12.069702, 11.241471, 60.73625, 59.459263, 61.842392, 60.60051, 4.999649, 17.498957
1.701058, 23.916403, 26.99939, 49.0842, 0.0, 0.0, 0.0, -1
10.045013, 11.567502, 62.181595, 59.612415, 58.45096, 61.375137, 5.221693, 17.654522
2.2801147, 22.614208, 30.589256, 46.79654, 0.0, 0.0, 0.0, -1
1.6151886, 14.568062, 64.308426, 61.463814, 17.043076, 42.911133, 14.991798, 24.227585
0.0, 0.0, 0.0, 0.0, -41.88014, -20.636496, 37.483368, 3
36.077454, 12.72773, 30.210434, 61.463814, 17.781952, 9.458359, 14.35131, 23.980064
0.0, 0.0, 0.0, 0.0, 39.999287, 19.997747, -40.002968, 5
42.17833, 12.729047, 24.107437, 61.463814, 23.71341, 3.3534698, 14.383841, 23.980175
0.41999763, -19.589619, -37.789497, -42.620884, 0.0, 0.0, 0.0, -1
38.136612, 12.729487, 28.148438, 61.463814, 19.670715, 7.393692, 14.383719, 23.980286
1.0499773, -19.33133, -37.790077, -42.878593, 0.0, 0.0, 0.0, 2
3.269867, 12.729924, 63.014435, 61.463814, 15.196899, 42.259018, 14.383606, 23.980442
0.35342643, -5.5072227, -38.350792, -56.14199, 0.0, 0.0, 0.0, -1
2.2792664, 12.310738, 64.43718, 61.280426, 16.749954, 44.023727, 13.980277, 23.675955
1.7253985, 21.251352, 37.701244, 41.0474, 0.0, 0.0, 0.0, -1
36.46164, 13.386219, 36.81169, 62.68338, 38.010117, 37.03499, 4.951349, 17.449703
0.0, 0.0, 0.0, 0.0, 40.50728, 20.25364, -39.239082, 5
7.6552124, 13.363274, 65.99069, 62.68338, 67.18912, 66.21399, 4.951349, 17.449703
0.0, 0.0, 0.0, 0.0, -38.697556, -19.348778, 41.953667, 3
12.465195, 12.113977, 61.583694, 62.68338, 62.78212, 61.80699, 4.951349, 17.449703
0.58426255, 25.354809, 30.132395, 44.512794, 0.0, 0.0, 0.0, -1
9.532944, 11.552208, 61.335953, 63.488613, 34.350204, 53.9962, 7.0426836, 18.850302
1.8051488, 25.715845, 34.205116, 40.07904, 0.0, 0.0, 0.0, -1
1.7599525, 22.916147, 72.427765, 32.432354, 75.397705, 73.81769, 4.8339705, 8.812532
0.0016036709, 0.0, 0.0, 0.0, 40.416954, 20.196215, 39.38683, -1
11.151669, 22.852688, 82.24054, 32.43282, 85.203186, 83.627075, 4.8343983, 8.812981
0.0014292152, 0.0, 0.0, 0.0, -55.60801, -39.17652, 5.215468, 3
3.0819893, 21.235043, 73.99802, 32.433342, 76.95169, 75.38043, 4.8348756, 8.813481
0.0012364513, 0.0, 0.0, 0.0, -32.47739, -43.09114, 24.431473, 4
10.118046, 18.675798, 81.08569, 40.6295, 83.13083, 81.48563, 4.9189963, 17.457016
0.0, 0.0, 0.0, 0.0, -38.9301, -37.181694, -23.888205, 3
11.638704, 16.549324, 82.23169, 40.6295, 84.276825, 82.63162, 4.9189963, 17.457016
0.0, 0.0, 0.0, 0.0, -44.116817, -45.05537, 10.827809, 4
45.311996, 15.731187, 120.85036, 36.60105, 20.19991, 25.015633, 10.271087, 8.000714
0.0, 0.0, 0.0, 0.0, 43.205273, 23.721766, -33.07296, 5
24.604927, 16.342207, 142.3146, 36.60105, 8.249634, 54.792118, 10.557321, 10.134782
0.53994006, -35.024845, 28.056234, 36.918922, 0.0, 0.0, 0.0, -1
15.287758, 16.414036, 155.87117, 36.60105, 1.5566483, 68.34868, 10.691406, 10.134752
1.4547914, -35.030087, 28.611553, 36.35836, 0.0, 0.0, 0.0, 0
25.003143, 16.581678, 150.25671, 36.60105, 8.903122, 62.734222, 10.811826, 10.134724
2.2583666, -34.507694, 30.057228, 35.435078, 0.0, 0.0, 0.0, 0
57.608776, 31.858751, 131.91, 19.975027, 61.633186, 65.35575, 22.552607, 8.263859
2.2739205, -29.927843, 36.93674, 33.135414, 0.0, 0.0, 0.0, 0
47.375214, 33.228256, 113.62634, 15.97421, 26.817913, 40.38015, 20.499311, 23.70727
2.2636325, -17.5755, 44.326366, 38.098137, 0.0, 0.0, 0.0, 0
40.766678, 26.842594, 101.37272, 13.235721, 18.425873, 34.486847, 15.791747, 25.120647
2.276508, 11.573462, 48.04378, 40.382755, 0.0, 0.0, 0.0, -1
49.412216, 26.57275, 74.52045, 14.179182, 41.020042, 45.822624, 20.649336, 24.286522
2.1787329, 17.959229, 43.667976, 38.372795, 0.0, 0.0, 0.0, -1
38.595695, 23.58142, 71.310616, 15.3419285, 22.150581, 27.312904, 20.792032, 24.755167
1.270835, -3.5784683, 49.150433, 47.271095, 0.0, 0.0, 0.0, 0
10.012527, 23.848186, 97.9933, 15.385255, 6.2459106, 1.2485199, 20.886711, 25.18599
0.6164327, -7.6211452, 46.471207, 45.907646, 0.0, 0.0, 0.0, -1
6.3245697, 24.181398, 99.01828, 15.249412, 9.806152, 4.3441086, 21.029884, 24.616789
0.0017421121, 0.0, 0.0, 0.0, -39.384518, 15.933304, 44.68218, 3
17.868141, 23.706205, 88.14081, 15.249449, 1.1793671, 7.009781, 20.686653, 23.92552
0.5289505, -23.643875, -42.16838, -34.18774, 0.0, 0.0, 0.0, -1
40.605164, 23.04238, 66.34847, 15.2494955, 23.086395, 29.335136, 20.325174, 23.188473
0.52866757, -23.847958, -42.332787, -33.819256, 0.0, 0.0, 0.0, -1
2.329773, 11.909114, 77.335205, 52.156513, 80.8407, 77.34003, 5.4027367, 17.425835
1.1995823, -14.891338, -9.8147955, -75.29387, 0.0, 0.0, 0.0, 2
2.7672462, 25.066616, 69.88129, 31.61241, 72.13266, 74.112274, 8.996469, 5.0050445
0.001926891, 0.0, 0.0, 0.0, -46.670536, -26.261333, 27.068129, 3
7.566534, 22.610722, 59.323128, 31.613167, 61.565163, 63.556465, 8.997147, 5.0074306
0.0016176701, 0.0, 0.0, 0.0, -27.077785, -45.85063, 27.071583, 4
22.097298, 22.61043, 44.790985, 31.613415, 39.776764, 49.01776, 9.257756, 5.007629
0.8340524, -33.113064, -32.27595, -34.610985, 0.0, 0.0, 0.0, -1
26.255245, 22.61019, 40.632442, 31.61353, 27.319788, 42.1181, 9.775229, 5.165249
1.733312, -32.795944, -33.18804, -34.01601, 0.0, 0.0, 0.0, 2
26.854149, 22.609985, 40.03289, 31.613636, 18.921076, 26.503717, 10.529662, 4.9171185
3.3764217, -32.399075, -35.816303, -31.784615, 0.0, 0.0, 0.0, 1
0.2985077, 7.9462066, 54.503845, 52.675453, 44.227173, 54.482513, 9.309718, 17.443872
0.64464283, 27.562431, 31.546963, 40.89061, 0.0, 0.0, 0.0, -1
2.5846863, 7.8861523, 52.28148, 52.63873, 33.994217, 52.36473, 9.742822, 17.407373
2.0994368, 26.0841, 34.010017, 39.90588, 0.0, 0.0, 0.0, -1
1.730896, 10.645015, 50.61125, 54.29611, 16.825363, 37.855515, 13.763528, 24.314281
2.2723906, 26.608532, 35.71535, 37.676117, 0.0, 0.0, 0.0, -1
3.0058136, 12.4734955, 47.538864, 55.49126, 13.313507, 33.67543, 15.530249, 25.888449
2.2791638, 26.530712, 35.634674, 37.834618, 0.0, 0.0, 0.0, -1
23.63057, 6.482313, 21.001938, 59.264317, 0.41200256, 14.874496, 8.6402025, 20.78227
0.0, 0.0, 0.0, 0.0, 47.415512, 22.801174, -29.783312, 5
8.620041, 5.3815107, 44.89894, 59.264317, 22.701431, 37.85768, 8.923992, 20.987257
0.7349528, 29.157213, 36.37017, 34.47262, 0.0, 0.0, 0.0, -1
18.688614, 4.858058, 45.350937, 59.264317, 17.618484, 36.806534, 8.4829, 20.237713
1.6345788, 28.936485, 37.373154, 33.690365, 0.0, 0.0, 0.0, -1

SIGNAL KNOWLEDGE:
2.1040802, 5.393449, 26.124573, 64.197296, 1.1058502, 10.039078, 48.909676, 36.51047,implicit, 1
27.996033, 4.707335, 5.5688934, 63.3655, 14.552383, 28.287766, 33.816887, 21.085205,implicit, 1
7.602641, 42.585766, 75.002014, 41.202946, 75.196014, 76.08948, 17.522264, 5.02678,implicit, 1
10.350616, 26.863255, 111.456696, 54.530228, 111.263916, 110.65689, 5.0035925, 17.760677,implicit, 1
112.396545, 26.848213, 29.185242, 40.81348, 107.258606, 79.70174, 22.409103, 12.865368,explicit:callForPass, 0
8.5227585, 33.101658, 156.22961, 19.981674, 100.45356, 76.95544, 31.9439, 19.734306,explicit:callForPass, 0
14.527054, 39.12172, 13.824951, 39.916115, 17.388962, 14.302582, 4.8054085, 12.753681,implicit, 1
28.840094, 9.413545, 127.83246, 53.414127, 97.00961, 150.00874, 20.572636, 45.603844,implicit, 1
91.1028, 33.109814, 12.105194, 35.34194, 84.56343, 61.494766, 29.773539, 23.030823,explicit:callForPass, 0
24.416588, 22.011396, 100.31064, 32.692844, 13.293716, 27.195726, 19.837982, 12.495325,explicit:callForPass, 0
10.210335, 19.666445, 110.27141, 30.088095, 2.5549011, 50.27487, 17.827208, 12.110421,explicit:callForPass, 0
28.163435, 26.103582, 37.43315, 21.757189, 33.49745, 48.566025, 23.451086, 5.18327,implicit, 0
58.69811, 14.132138, 82.87368, 13.370551, 73.056206, 159.8508, 13.454639, 13.464961,implicit, 0
36.97751, 13.466503, 62.05652, 13.266151, 52.08841, 134.99495, 13.116407, 14.759573,explicit:callForPass, 0
26.926361, 10.492929, 4.681305, 13.266151, 2.434204, 79.41058, 5.536079, 12.325856,implicit, 1
3.3125305, 27.621824, 33.01326, 45.16009, 33.93495, 32.926407, 5.006023, 17.570219,implicit, 1
150.83484, 10.852267, 155.34982, 52.976997, 131.31985, 173.20486, 26.992876, 36.937252,implicit, 1
14.194687, 31.554811, 51.284927, 31.611898, 52.204758, 51.791367, 5.011195, 9.014204,implicit, 1
1.6003723, 24.741053, 72.18562, 31.43085, 75.384766, 73.746445, 4.8382893, 8.837223,implicit, 1
86.759, 19.015312, 69.30255, 54.40853, 101.05737, 118.46571, 12.082216, 31.700472,implicit, 1
6.3752594, 9.34089, 67.28586, 54.40853, 67.498505, 64.49368, 4.969977, 17.120914,implicit, 1
35.383728, 10.232728, 37.0737, 55.27125, 37.823578, 37.391052, 4.984409, 17.453857,implicit, 1
7.0125885, 12.42851, 59.360855, 57.196724, 11.180908, 38.64778, 15.090575, 23.751284,implicit, 1
6.211502, 12.59088, 59.181015, 57.946842, 12.526581, 39.489273, 14.782179, 23.905684,explicit:callForPass, 0
1.8676453, 11.083513, 63.545807, 58.88532, 44.122925, 62.76236, 6.5761294, 17.674198,implicit, 1
9.042313, 9.861188, 55.2081, 58.062923, 57.1752, 56.668427, 4.9093843, 16.99497,explicit:callForPass, 0
11.656433, 13.279689, 56.89769, 60.35535, 12.568146, 35.28798, 12.376165, 23.47673,implicit, 1
32.372803, 12.932978, 39.848785, 59.458267, 40.991882, 39.73401, 4.998341, 17.498686,implicit, 1
1.6151886, 14.568062, 64.308426, 61.463814, 17.043076, 42.911133, 14.991798, 24.227585,implicit, 1
4.395294, 13.47504, 60.82039, 61.86951, 13.108566, 39.599472, 15.125359, 24.586367,implicit, 0
9.14447, 14.223521, 53.5457, 62.68338, 54.569412, 53.777878, 4.958408, 17.449259,implicit, 1
10.402603, 11.551911, 60.467026, 63.48886, 31.692917, 52.262604, 7.305832, 19.044353,implicit, 1
6.486679, 11.481114, 59.150513, 65.03004, 31.090988, 44.317154, 7.288221, 21.748783,implicit, 1
0.53791595, 29.518206, 36.77232, 32.64934, 37.68971, 37.20741, 5.0440936, 9.02632,implicit, 1
1.180912, 22.852825, 72.27081, 32.432716, 75.23514, 73.65814, 4.834302, 8.81288,implicit, 1
123.53429, 19.321203, 132.34825, 52.24652, 86.83519, 165.9282, 34.1903, 26.271996,implicit, 1
3.1854153, 18.676533, 74.15088, 40.6295, 76.196014, 74.55081, 4.9189963, 17.457016,implicit, 1
21.402084, 20.486828, 150.0282, 33.058685, 19.373047, 29.67493, 15.458915, 5.3868923,explicit:callForPass, 0
52.93642, 34.30727, 125.08174, 18.91487, 60.087353, 18.903576, 26.138432, 11.352125,explicit:callForPass, 0
49.18855, 27.776833, 85.08179, 13.185085, 34.311726, 44.8539, 17.814856, 24.14578,implicit, 0
50.676083, 26.023031, 65.85762, 14.330108, 38.326878, 43.09289, 20.67586, 24.32664,explicit:callForPass, 0
55.18529, 11.909114, 130.19072, 52.156513, 165.28378, 129.78114, 35.36165, 36.09734,implicit, 1
2.2633362, 8.288595, 76.73816, 51.935356, 59.726654, 79.35971, 5.4650903, 17.231668,implicit, 0
12.375267, 28.149378, 42.209778, 31.668756, 42.697052, 43.06201, 9.025734, 5.0187664,implicit, 1
5.6459827, 25.066776, 72.758736, 31.612516, 75.00861, 76.99082, 8.996563, 5.005466,implicit, 1
81.83612, 9.246609, 135.2846, 52.675453, 147.1445, 138.84164, 32.64052, 35.652374,implicit, 1
1.1602173, 15.041203, 45.95627, 58.246883, 12.114487, 30.886414, 18.923574, 28.82642,explicit:callForPass, 0
18.688614, 4.858058, 45.350937, 59.264317, 17.618484, 36.806534, 8.4829, 20.237713,explicit:callForPass, 0

SHOOT KNOWLEDGE:
15.348022, 4.442353, 19.819489, 19.981674, 20.392548, 18.575073, 8.984704, 3.5627394
23.8474, 16.288372, 14.2795105, 31.223331, 51.75303, 9.326721, 10.761747, 5.9521413
26.161346, 10.492929, 5.4463196, 13.266151, 6.5816345, 80.17444, 5.3593383, 12.325709
178.01279, 8.399102, 5.3822937, 27.505209, 5.870819, 7.1532593, 9.090277, 5.333112

