0,3.4784045
0,3.9843566
0,5.2470026
0,6.008462
0,6.2617726
0,6.5157566
0,8.808144
0,9.059691
0,12.606373
0,14.386446
0,14.638774
1,15.947196
0,16.965328
0,17.472115
0,17.72491
0,19.496593
0,20.256178
0,21.783352
0,24.057682
0,25.065742
0,25.826183
0,26.331192
0,26.586088
0,27.093912
0,27.601856
0,28.867386
0,30.131685
0,31.398764
0,31.653955
0,32.156277
0,32.662178
0,33.16819
0,36.54276
1,36.543125
0,37.810345
1,37.824867
0,38.062687
0,39.326256
0,39.58038
0,41.858753
1,42.49304
1,43.10162
0,43.629017
0,44.138233
0,44.64575
0,46.167236
0,47.69139
0,48.70183
0,48.959038
0,49.463367
0,51.9973
0,54.277065
0,54.78321
1,55.390556
1,55.795654
0,56.148415
3,56.67671,RELROT:57.74237 MEDIST:10.974313 GOALROT:50.22693 GOALDIST:25.619818 OPPROT:51.23929;26.444061; OPPDIST5.373339;7.5380034;
1,56.684002
1,57.310707
1,58.04471
3,58.178997,RELROT:57.74237 MEDIST:10.974313 GOALROT:50.22693 GOALDIST:25.619818 OPPROT:51.23929;26.444061; OPPDIST5.373339;7.5380034;
1,58.726635
1,59.45893
3,59.682957,RELROT:57.74237 MEDIST:10.974313 GOALROT:50.22693 GOALDIST:25.619818 OPPROT:51.23929;26.444061; OPPDIST5.373339;7.5380034;
1,60.179333
0,60.199593
1,60.897667
3,61.185745,RELROT:57.74237 MEDIST:10.974313 GOALROT:50.22693 GOALDIST:25.619818 OPPROT:51.23929;26.444061; OPPDIST5.373339;7.5380034;
1,61.61317
1,62.337093
3,62.69126,RELROT:57.74237 MEDIST:10.974313 GOALROT:50.22693 GOALDIST:25.619818 OPPROT:51.23929;26.444061; OPPDIST5.373339;7.5380034;
1,63.050564
0,63.75298
1,63.76871
1,63.98624
0,64.00756
3,64.1942,RELROT:57.74237 MEDIST:10.974313 GOALROT:50.22693 GOALDIST:25.619818 OPPROT:51.23929;26.444061; OPPDIST5.373339;7.5380034;
3,65.69684,RELROT:57.74237 MEDIST:10.974313 GOALROT:50.22693 GOALDIST:25.619818 OPPROT:51.23929;26.444061; OPPDIST5.373339;7.5380034;
0,66.03086
0,66.28226
3,67.19853,RELROT:57.74237 MEDIST:10.974313 GOALROT:50.22693 GOALDIST:25.619818 OPPROT:51.23929;26.444061; OPPDIST5.373339;7.5380034;
3,68.7015,RELROT:57.74237 MEDIST:10.974313 GOALROT:50.22693 GOALDIST:25.619818 OPPROT:51.23929;26.444061; OPPDIST5.373339;7.5380034;
0,69.57924
0,69.83219
3,70.20714,RELROT:57.74237 MEDIST:10.974313 GOALROT:50.22693 GOALDIST:25.619818 OPPROT:51.23929;26.444061; OPPDIST5.373339;7.5380034;
0,70.342606
0,70.59524
0,71.61781
3,71.70829,RELROT:57.74237 MEDIST:10.974313 GOALROT:50.22693 GOALDIST:25.619818 OPPROT:51.23929;26.444061; OPPDIST5.373339;7.5380034;
3,73.20905,RELROT:57.74237 MEDIST:10.974313 GOALROT:50.22693 GOALDIST:25.619818 OPPROT:51.23929;26.444061; OPPDIST5.373339;7.5380034;
0,73.38991
3,74.71261,RELROT:57.74237 MEDIST:10.974313 GOALROT:50.22693 GOALDIST:25.619818 OPPROT:51.23929;26.444061; OPPDIST5.373339;7.5380034;
3,76.21607,RELROT:57.74237 MEDIST:10.974313 GOALROT:50.22693 GOALDIST:25.619818 OPPROT:51.23929;26.444061; OPPDIST5.373339;7.5380034;
3,77.72364,RELROT:57.74237 MEDIST:10.974313 GOALROT:50.22693 GOALDIST:25.619818 OPPROT:51.23929;26.444061; OPPDIST5.373339;7.5380034;
0,77.94035
0,78.19643
1,78.75523
3,79.2284,RELROT:57.74237 MEDIST:10.974313 GOALROT:50.22693 GOALDIST:25.619818 OPPROT:51.23929;26.444061; OPPDIST5.373339;7.5380034;
0,80.2206
0,80.72302
0,81.22807
0,81.47874
0,81.98476
0,82.24075
0,86.030464
0,86.5414
0,87.04538
0,88.05997
3,88.22968,RELROT:57.74237 MEDIST:10.974313 GOALROT:50.22693 GOALDIST:25.619818 OPPROT:51.23929;26.444061; OPPDIST5.373339;7.5380034;
0,90.09378
0,90.34728
0,91.35963
3,92.12199,RELROT:57.74237 MEDIST:10.974313 GOALROT:50.22693 GOALDIST:25.619818 OPPROT:51.23929;26.444061; OPPDIST5.373339;7.5380034;
0,92.373314
0,93.13296
3,93.62726,RELROT:57.74237 MEDIST:10.974313 GOALROT:50.22693 GOALDIST:25.619818 OPPROT:51.23929;26.444061; OPPDIST5.373339;7.5380034;
0,94.404106
0,94.661964
0,94.91357
3,95.12989,RELROT:57.74237 MEDIST:10.974313 GOALROT:50.22693 GOALDIST:25.619818 OPPROT:51.23929;26.444061; OPPDIST5.373339;7.5380034;
0,96.17938
3,96.631386,RELROT:57.74237 MEDIST:10.974313 GOALROT:50.22693 GOALDIST:25.619818 OPPROT:51.23929;26.444061; OPPDIST5.373339;7.5380034;
0,97.9621
3,98.13369,RELROT:57.74237 MEDIST:10.974313 GOALROT:50.22693 GOALDIST:25.619818 OPPROT:51.23929;26.444061; OPPDIST5.373339;7.5380034;
0,99.22622
3,99.639885,RELROT:57.74237 MEDIST:10.974313 GOALROT:50.22693 GOALDIST:25.619818 OPPROT:51.23929;26.444061; OPPDIST5.373339;7.5380034;
0,99.72994
0,99.98055
0,101.74766
0,102.000885
0,102.252846
0,103.013435
0,105.560036
1,152.20688
0,152.43793
0,153.71136
0,153.96423
1,154.20795
1,154.74266
0,155.99416
1,156.258
0,157.76402
0,159.54318
1,175.38387
0,176.65369
0,176.90683
0,177.15817
0,180.45755
0,182.482
0,183.99817
0,184.5036
0,185.7683
0,186.02142
0,189.32576
0,189.57779
0,191.09657
0,192.3668
0,192.61916
0,192.8733
0,193.38277
0,194.65279
0,195.41293
0,198.96373
0,199.21692
0,201.76282
0,202.26556
0,203.78052
0,204.03314
0,206.31976
0,207.84569
0,208.60379
0,208.85838
0,209.11394
0,211.40814
0,211.66003
0,213.69434
0,214.45042
0,214.70416
0,218.27057
0,219.29474
0,219.54852
0,221.83171
0,222.59236
0,223.35861
0,223.61243
0,223.8663
0,225.13263
0,276.9694
1,277.31064
0,278.48566
0,278.73688
0,278.99106
1,279.27814
0,280.00967
1,280.39056
0,280.51422
0,282.03882
0,282.54803
0,283.55835
1,287.2625
1,287.9759
0,288.53503
0,290.05792
0,291.83292
0,293.0971
0,293.86032
1,338.17056
0,339.43396
1,340.05673
0,340.9513
1,341.59265
0,341.7135
0,342.21948
0,343.23645
0,344.26038
0,344.76352
0,346.53683
0,347.29532
0,347.54865
0,348.81815
0,349.07184
0,350.08398
1,350.54675
0,350.5877
1,351.28812
0,352.11047
0,352.621
0,353.88983
0,354.40164
0,355.91635
0,356.16696
0,358.95038
0,359.20306
0,361.48737
0,361.99496
0,362.24844
0,364.02148
0,365.294
0,366.4994
0,367.7673
0,368.52243
0,369.78284
0,370.0383
0,371.55838
0,371.81024
0,373.8357
0,374.09106
1,374.41504
1,375.0684
4,375.1734,RELROT:27.180923 MEDIST:10.859164 GOALROT:165.13431 GOALDIST:35.48938 OPPROT:32.07962;175.42099; OPPDIST6.149306;6.4131565;
0,376.11798
3,376.67874,RELROT:17.88382 MEDIST:1.890524 GOALROT:91.60361 GOALDIST:37.9749 OPPROT:77.0668;81.56195; OPPDIST3.7307818;9.311094;
0,377.3821
0,378.13672
1,379.4292
0,381.1786
0,381.93918
0,383.71207
1,384.02838
0,384.7223
1,385.56042
0,385.9844
0,386.49518
0,387.00275
0,434.9276
0,435.68607
0,436.1948
0,436.69855
1,436.75876
0,437.9666
0,438.4704
0,438.72327
0,439.99023
0,440.24493
0,441.76437
0,443.80475
0,444.05576
1,444.68246
0,445.32126
0,447.0956
0,448.11768
0,448.6232
0,450.1396
0,450.90317
0,452.93497
0,453.19052
0,453.69492
0,454.19836
1,455.0488
0,455.21158
0,455.71558
0,455.96954
1,456.15094
3,456.511,RELROT:6.6753235 MEDIST:6.587891 GOALROT:99.835205 GOALDIST:55.091854 OPPROT:100.882935;108.15576; OPPDIST17.693106;5.421938;
1,503.4575
0,504.73114
1,505.11023
0,505.23337
0,505.49454
0,505.7526
0,506.51578
0,506.7667
0,508.03525
1,508.09338
0,508.79657
0,509.04916
0,509.3005
1,509.72925
0,509.80603
0,511.07065
0,511.57312
0,511.82385
0,512.07544
0,513.3395
0,514.81274
1,514.8131
1,515.1163
1,515.8933
0,516.0783
0,517.0869
1,517.0974
0,517.3413
0,518.62946
1,518.818
0,518.8833
1,519.21387
0,519.39545
1,520.0128
0,521.1619
0,521.66504
0,521.91907
1,522.06525
0,524.2177
0,524.72485
0,525.99695
0,527.26587
0,529.29755
0,531.3272
0,533.6129
0,533.8641
0,534.36896
0,535.89606
0,536.90674
0,537.6755
0,537.9299
0,538.6907
0,539.4515
1,585.4583
0,586.7298
0,587.2457
0,588.00085
0,588.2527
1,588.52954
0,588.7673
0,590.046
0,591.5678
0,593.84955
0,595.11707
0,596.38824
0,596.64685
0,597.65753
0,598.8636
1,598.86395
0,599.3739
0,599.62415
0,600.89154
0,601.3985
3,602.26807,RELROT:18.701416 MEDIST:17.18198 GOALROT:82.33388 GOALDIST:55.882084 OPPROT:107.26213;88.69792; OPPDIST5.0594597;17.387697;
3,603.7724,RELROT:18.701416 MEDIST:17.18198 GOALROT:82.33388 GOALDIST:55.882084 OPPROT:107.26213;88.69792; OPPDIST5.0594597;17.387697;
0,603.93024
0,604.1872
3,605.27747,RELROT:18.701416 MEDIST:17.18198 GOALROT:82.33388 GOALDIST:55.882084 OPPROT:107.26213;88.69792; OPPDIST5.0594597;17.387697;
3,606.7831,RELROT:18.701416 MEDIST:17.18198 GOALROT:82.33388 GOALDIST:55.882084 OPPROT:107.26213;88.69792; OPPDIST5.0594597;17.387697;
1,607.3604
0,608.2536
3,608.2874,RELROT:6.2546234 MEDIST:19.665293 GOALROT:89.65988 GOALDIST:56.308735 OPPROT:89.10721;90.747955; OPPDIST4.926009;17.635132;
1,608.66296
0,609.517
0,610.5314
0,611.0367
0,612.5648
0,612.81586
0,614.33575
1,616.50946
0,618.039
1,618.0959
0,618.2904
0,619.0519
0,619.3043
1,619.8484
0,620.3154
0,621.0842
0,621.3378
0,622.60425
0,623.87354
0,624.38074
0,624.6329
1,661.9015
0,663.166
0,663.93146
1,664.2797
0,664.955
0,665.2091
0,666.73865
0,671.322
2,671.7949
1,719.147
0,720.40686
0,723.65485
0,725.17505
0,725.42554
0,725.6801
0,727.2173
0,730.2604
0,732.798
0,733.0496
1,766.0789
1,767.9647
1,768.6058
0,768.6215
0,769.6405
0,770.1437
3,770.49854,RELROT:143.5156 MEDIST:15.59845 GOALROT:57.032806 GOALDIST:35.53702 OPPROT:126.00145;109.33609; OPPDIST14.390625;15.267244;
1,770.82117
0,771.41064
1,771.7576
1,772.2541
0,772.4248
0,773.94275
0,775.46826
0,777.2407
0,779.61774
1,779.6183
0,780.386
0,781.40234
1,781.5665
0,781.6564
0,782.1614
0,784.7016
0,784.9569
0,785.4644
3,786.43066,RELROT:25.878983 MEDIST:17.931425 GOALROT:12.424255 GOALDIST:52.226215 OPPROT:12.624054;13.15506; OPPDIST17.456608;5.018222;
1,787.0958
1,787.8297
3,787.93207,RELROT:25.878983 MEDIST:17.931425 GOALROT:12.424255 GOALDIST:52.226215 OPPROT:12.624054;13.15506; OPPDIST17.456608;5.018222;
0,788.51447
0,788.7684
3,789.434,RELROT:25.878983 MEDIST:17.931425 GOALROT:12.424255 GOALDIST:52.226215 OPPROT:12.624054;13.15506; OPPDIST17.456608;5.018222;
0,789.7823
0,792.58887
0,793.1546
0,793.6622
0,793.9128
0,794.9303
0,795.18396
0,795.9471
0,796.2088
0,800.5148
0,801.7972
0,802.8185
0,803.0799
4,803.2858,RELROT:100.980225 MEDIST:11.199865 GOALROT:41.267548 GOALDIST:36.924957 OPPROT:8.712555;79.6868; OPPDIST9.419815;8.682724;
0,803.3317
1,803.9562
0,804.0912
0,804.59814
3,804.7938,RELROT:0.81970215 MEDIST:8.986456 GOALROT:92.31212 GOALDIST:47.872726 OPPROT:84.865524;54.465668; OPPDIST17.361664;5.9969697;
0,804.853
0,848.7703
0,849.27423
0,849.5262
0,850.0341
1,850.3701
0,850.7989
0,851.0513
0,851.30695
0,851.56024
0,854.8556
0,856.1178
0,856.62317
0,857.25116
1,857.25165
0,858.2595
1,858.6492
0,859.2755
3,859.41754,RELROT:25.878983 MEDIST:17.931425 GOALROT:12.424255 GOALDIST:52.226215 OPPROT:12.624054;13.15506; OPPDIST17.456608;5.018222;
3,860.9214,RELROT:25.878983 MEDIST:17.931425 GOALROT:12.424255 GOALDIST:52.226215 OPPROT:12.624054;13.15506; OPPDIST17.456608;5.018222;
0,861.3104
0,862.082
0,862.3326
3,862.4277,RELROT:25.878983 MEDIST:17.931425 GOALROT:12.424255 GOALDIST:52.226215 OPPROT:12.624054;13.15506; OPPDIST17.456608;5.018222;
1,863.3828
3,863.9289,RELROT:25.878983 MEDIST:17.931425 GOALROT:12.424255 GOALDIST:52.226215 OPPROT:12.624054;13.15506; OPPDIST17.456608;5.018222;
1,865.03986
1,865.1877
0,866.3985
0,867.15924
0,868.1749
0,868.4282
3,868.62683,RELROT:25.878983 MEDIST:17.931425 GOALROT:12.424255 GOALDIST:52.226215 OPPROT:12.624054;13.15506; OPPDIST17.456608;5.018222;
3,870.1282,RELROT:25.878983 MEDIST:17.931425 GOALROT:12.424255 GOALDIST:52.226215 OPPROT:12.624054;13.15506; OPPDIST17.456608;5.018222;
0,870.95886
1,871.6047
3,871.6321,RELROT:25.878983 MEDIST:17.931425 GOALROT:12.424255 GOALDIST:52.226215 OPPROT:12.624054;13.15506; OPPDIST17.456608;5.018222;
3,873.1328,RELROT:25.878983 MEDIST:17.931425 GOALROT:12.424255 GOALDIST:52.226215 OPPROT:12.624054;13.15506; OPPDIST17.456608;5.018222;
0,873.7785
0,875.0412
0,877.5223
3,877.7744,RELROT:0.81970215 MEDIST:8.986456 GOALROT:92.31212 GOALDIST:47.872726 OPPROT:84.865524;54.465668; OPPDIST17.361664;5.9969697;
1,879.2581
1,880.28156
4,881.16754,RELROT:100.980225 MEDIST:11.199865 GOALROT:41.267548 GOALDIST:36.924957 OPPROT:8.712555;79.6868; OPPDIST9.419815;8.682724;
0,881.6001
1,882.21576
0,882.8723
